 2.000000  2.000010 11.000010
 2.000000  2.000010  9.000010
 2.000000  2.000010  9.000010
 2.000000  2.000010  9.000010
 2.000000  2.000010  9.000010
 2.000000  2.000010  9.000010
 2.000000  2.000010  8.000010
 2.000000  2.000010  8.000010
 2.000000  3.000010  9.000010
 2.000000  2.000010  8.000010
 2.000000  2.000010  7.000010
 2.000000  2.000010  7.000010
 2.000000  3.000010  8.000010
 2.000000  3.000010  8.000010
 2.000000  2.000010  7.000010
 2.000000  2.000010  7.000010
 2.000000  2.000010  7.000010
 2.000000  2.000010  7.000010
 2.000000  2.000010  7.000010
 2.000000  8.000010 12.000010
 2.000000  4.000010  8.000010
 2.000000  3.000010  7.000010
 2.000000  2.000010  6.000010
 2.000000  3.000010  7.000010
 2.000000  3.000010  7.000010
 2.000000  3.000010  7.000010
 2.000000  2.000010  6.000010
 2.000000  2.000010  6.000010
 2.000000  3.000010  7.000010
 2.000000  4.000010  7.000010
 2.000000  5.000010  8.000010
 2.000000  3.000010  6.000010
 2.000000  2.000010  5.000010
 2.000000  3.000010  6.000010
 2.000000 -0.999990  1.000010
 2.000000  5.000010  7.000010
 2.000000 -0.999990  1.000010
 2.000000  6.000010  8.000010
 2.000000  9.000010 11.000010
 2.000000 10.000010 12.000010
 2.000000  5.000010  7.000010
 2.000000 -0.999990  1.000010
 2.000000 -0.999990  1.000010
 2.000000  3.000010  5.000010
 2.000000  2.000010  4.000010
 2.000000  3.000010  5.000010
 2.000000  3.000010  5.000010
 2.000000  5.000010  6.000010
 2.000000  5.000010  6.000010
 2.000000  2.000010  3.000010
 2.000000  2.000010  3.000010
 2.000000  5.000010  6.000010
 2.000000  2.000010  3.000010
 2.000000  2.000010  3.000010
 2.000000  2.000010  3.000010
 2.000000  2.000010  3.000010
 2.000000  2.000010  3.000010
 2.000000  2.000010  3.000010
 2.000000  2.000010  3.000010
 2.000000  2.000010  3.000010
 2.000000  2.000010  3.000010
 2.000000  5.000010  6.000010
 2.000000  5.000010  6.000010
 2.000000  5.000010  6.000010
 2.000000  5.000010  6.000010
 2.000000  5.000010  6.000010
 2.000000  5.000010  6.000010
 2.000000  5.000010  6.000010
 2.000000  5.000010  6.000010
 2.000000  5.000010  6.000010
 2.000000  5.000010  6.000010
 2.000000  5.000010  6.000010
 2.000000  5.000010  6.000010
 2.000000  5.000010  6.000010
 2.000000  5.000010  6.000010
 2.000000  5.000010  6.000010
 2.000000  5.000010  6.000010
 2.000000  5.000010  6.000010
 2.000000  5.000010  6.000010
 2.000000  5.000010  6.000010
 2.000000  5.000010  6.000010
 2.000000  5.000010  6.000010
 2.000000  5.000010  6.000010
 2.000000  2.000010  3.000010
 2.000000  2.000010  3.000010
 2.000000  2.000010  3.000010
 2.000000  2.000010  3.000010
 2.000000  5.000010  6.000010
 2.000000  5.000010  6.000010
 2.000000  5.000010  6.000010
 2.000000  5.000010  6.000010
 2.000000  5.000010  6.000010
 2.000000  5.000010  6.000010
 2.000000  5.000010  6.000010
 2.000000  5.000010  6.000010
 2.000000  5.000010  6.000010
 2.000000  5.000010  6.000010
 2.000000  1.000010  2.000010
 2.000000  5.000010  6.000010
 2.000000  5.000010  6.000010
 2.000000  5.000010  6.000010
 2.000000  5.000010  6.000010
 2.000000  5.000010  6.000010
 2.000000  5.000010  6.000010
 2.000000  5.000010  6.000010
 2.000000  4.000010  5.000010
 2.000000  4.000010  5.000010
 2.000000  4.000010  5.000010
 2.000000  4.000010  5.000010
 2.000000  4.000010  5.000010
 2.000000  4.000010  5.000010
 2.000000  4.000010  5.000010
 2.000000  4.000010  5.000010
 2.000000  4.000010  5.000010
 2.000000  4.000010  5.000010
 2.000000  4.000010  5.000010
 2.000000  4.000010  5.000010
 2.000000  4.000010  5.000010
 2.000000  5.000010  6.000010
 2.000000  5.000010  6.000010
 2.000000  5.000010  6.000010
 2.000000  5.000010  6.000010
 2.000000  5.000010  6.000010
 2.000000  5.000010  6.000010
 2.000000  5.000010  6.000010
 2.000000  4.000010  5.000010
 2.000000  4.000010  5.000010
 2.000000  4.000010  5.000010
 2.000000  4.000010  5.000010
 2.000000  4.000010  5.000010
 2.000000  4.000010  5.000010
 2.000000  4.000010  5.000010
 2.000000  4.000010  5.000010
 2.000000  4.000010  5.000010
 2.000000  4.000010  5.000010
 2.000000  5.000010  6.000010
 2.000000  4.000010  5.000010
 2.000000  4.000010  5.000010
 2.000000  4.000010  5.000010
 2.000000  4.000010  5.000010
 2.000000  4.000010  5.000010
 2.000000  4.000010  5.000010
 2.000000  4.000010  5.000010
 2.000000  4.000010  5.000010
 2.000000  2.000010  3.000010
 2.000000  1.000010  2.000010
 2.000000  1.000010  2.000010
 2.000000  1.000010  2.000010
 2.000000  1.000010  2.000010
 2.000000  1.000010  2.000010
 2.000000 14.000010 15.000010
 2.000000  4.000010  5.000010
 2.000000  4.000010  5.000010
 2.000000  4.000010  5.000010
 2.000000  1.000010  2.000010
 2.000000  2.000010  3.000010
 2.000000  2.000010  3.000010
 2.000000  2.000010  3.000010
 2.000000  2.000010  3.000010
 2.000000  2.000010  3.000010
 2.000000  2.000010  3.000010
 2.000000  2.000010  3.000010
 2.000000  2.000010  3.000010
 2.000000  1.000010  2.000010
 2.000000  5.000010  6.000010
 2.000000  4.000010  5.000010
 2.000000  4.000010  5.000010
 2.000000  4.000010  5.000010
 2.000000  4.000010  5.000010
 2.000000  4.000010  5.000010
 2.000000  4.000010  5.000010
 2.000000  4.000010  5.000010
 2.000000  4.000010  5.000010
 2.000000  2.000010  3.000010
 2.000000  1.000010  2.000010
 2.000000  1.000010  2.000010
 2.000000  1.000010  2.000010
 2.000000  1.000010  2.000010
 2.000000  1.000010  2.000010
 2.000000  1.000010  2.000010
 2.000000  1.000010  2.000010
 2.000000  1.000010  2.000010
 2.000000  7.000010  8.000010
 2.000000  7.000010  8.000010
 2.000000  7.000010  8.000010
 2.000000  7.000010  8.000010
 2.000000  7.000010  8.000010
 2.000000  7.000010  8.000010
 2.000000  7.000010  8.000010
 2.000000  7.000010  8.000010
 2.000000  7.000010  8.000010
 2.000000  7.000010  8.000010
 2.000000  7.000010  8.000010
 2.000000  7.000010  8.000010
 2.000000  7.000010  8.000010
 2.000000  7.000010  8.000010
 2.000000  7.000010  8.000010
 2.000000  7.000010  8.000010
 2.000000  7.000010  8.000010
 2.000000  7.000010  8.000010
 2.000000  7.000010  8.000010
 2.000000  7.000010  8.000010
 2.000000  7.000010  8.000010
 2.000000  7.000010  8.000010
 2.000000  7.000010  8.000010
 2.000000  7.000010  8.000010
 2.000000  7.000010  8.000010
 2.000000  7.000010  8.000010
 2.000000  7.000010  8.000010
 2.000000  7.000010  8.000010
 2.000000  7.000010  8.000010
 2.000000  8.000010  9.000010
 2.000000 12.000010 13.000010
 2.000000 11.000010 12.000010
 2.000000 11.000010 12.000010
 2.000000 11.000010 12.000010
 2.000000 10.000010 11.000010
 2.000000 10.000010 11.000010
 2.000000 10.000010 11.000010
 2.000000  9.000010 10.000010
 2.000000  9.000010 10.000010
 2.000000  9.000010 10.000010
 2.000000  9.000010 10.000010
 2.000000  9.000010 10.000010
 2.000000  8.000010  9.000010
 2.000000  8.000010  9.000010
 2.000000  2.000010  3.000010
 2.000000  8.000010  9.000010
 2.000000  8.000010  9.000010
 2.000000  8.000010  9.000010
 2.000000  8.000010  9.000010
 2.000000  8.000010  9.000010
 2.000000  8.000010  9.000010
 2.000000  8.000010  9.000010
 2.000000  8.000010  9.000010
 2.000000  8.000010  9.000010
 2.000000  8.000010  9.000010
 2.000000  8.000010  9.000010
 2.000000  8.000010  9.000010
 2.000000  8.000010  9.000010
 2.000000  6.000010  7.000010
 2.000000  6.000010  7.000010
 2.000000  6.000010  7.000010
 2.000000  6.000010  7.000010
 2.000000  6.000010  7.000010
 2.000000  6.000010  7.000010
 2.000000  6.000010  7.000010
 2.000000  6.000010  7.000010
 2.000000  6.000010  7.000010
 2.000000  6.000010  7.000010
 2.000000  6.000010  7.000010
 2.000000  6.000010  7.000010
 2.000000  6.000010  7.000010
 2.000000  2.000010  3.000010
 2.000000  6.000010  7.000010
 2.000000  6.000010  7.000010
 2.000000  6.000010  7.000010
 2.000000  6.000010  7.000010
 2.000000  6.000010  7.000010
 2.000000  6.000010  7.000010
 2.000000  6.000010  7.000010
 2.000000  6.000010  7.000010
 2.000000  6.000010  7.000010
 2.000000  6.000010  7.000010
 2.000000  6.000010  7.000010
 2.000000  6.000010  7.000010
 2.000000  6.000010  7.000010
 2.000000  6.000010  7.000010
 2.000000  2.000010  3.000010
 2.000000  2.000010  3.000010
 2.000000  2.000010  3.000010
 2.000000  2.000010  3.000010
 2.000000  2.000010  3.000010
 2.000000  2.000010  3.000010
 2.000000  2.000010  3.000010
 2.000000  2.000010  3.000010
 2.000000  2.000010  3.000010
 2.000000  6.000010  7.000010
 2.000000  2.000010  3.000010
 2.000000  6.000010  7.000010
 2.000000  6.000010  7.000010
 2.000000  6.000010  7.000010
 2.000000  2.000010  3.000010
 2.000000  6.000010  7.000010
 2.000000  6.000010  7.000010
 2.000000  6.000010  7.000010
 2.000000  6.000010  7.000010
 2.000000  6.000010  7.000010
 2.000000  6.000010  7.000010
 2.000000  2.000010  3.000010
 2.000000  3.000010  4.000010
 2.000000  3.000010  4.000010
 2.000000  3.000010  4.000010
 2.000000  3.000010  4.000010
 2.000000  3.000010  4.000010
 2.000000  3.000010  4.000010
 2.000000  3.000010  4.000010
 2.000000  3.000010  4.000010
 2.000000  3.000010  4.000010
 2.000000  3.000010  4.000010
 2.000000  3.000010  4.000010
 2.000000  3.000010  4.000010
 2.000000  3.000010  4.000010
 2.000000  3.000010  4.000010
 2.000000  3.000010  4.000010
 2.000000  3.000010  4.000010
 2.000000  3.000010  4.000010
 2.000000  3.000010  4.000010
 2.000000  3.000010  4.000010
 2.000000  3.000010  4.000010
 2.000000  3.000010  4.000010
 2.000000  3.000010  4.000010
 2.000000  3.000010  4.000010
 2.000000  3.000010  4.000010
 2.000000  3.000010  4.000010
 2.000000  3.000010  4.000010
 2.000000  3.000010  4.000010
 2.000000  3.000010  4.000010
 2.000000  3.000010  4.000010
 2.000000  3.000010  4.000010
 2.000000  3.000010  4.000010
 2.000000  3.000010  4.000010
 2.000000  3.000010  4.000010
 2.000000  3.000010  4.000010
 2.000000  3.000010  4.000010
 1.000000 -1.999990  4.000010
 1.000000 -2.999990  2.000010
 1.000000 -3.999990  1.000010
 1.000000 -2.999990  1.000010
 1.000000 -1.999990  2.000010
 1.000000 -1.999990  2.000010
 1.000000 -1.999990  2.000010
 1.000000 -1.999990  2.000010
 1.000000 -1.999990  2.000010
 1.000000 -1.999990  2.000010
 1.000000 -1.999990  2.000010
 1.000000 -1.999990  2.000010
 1.000000 -1.999990  2.000010
 1.000000 -1.999990  2.000010
 1.000000 -1.999990  2.000010
 1.000000 -1.999990  2.000010
 1.000000 -1.999990  2.000010
 1.000000 -1.999990  2.000010
 1.000000 -2.999990  1.000010
 1.000000 -2.999990  1.000010
 1.000000 -1.999990  2.000010
 1.000000 -1.999990  2.000010
 1.000000 -1.999990  2.000010
 1.000000 -1.999990  2.000010
 1.000000 -1.999990  2.000010
 1.000000 -1.999990  2.000010
 1.000000 -1.999990  2.000010
 1.000000 -1.999990  2.000010
 1.000000 -1.999990  2.000010
 1.000000 -1.999990  2.000010
 1.000000 -1.999990  2.000010
 1.000000 -1.999990  2.000010
 1.000000 -1.999990  2.000010
 1.000000 -1.999990  2.000010
 1.000000 -1.999990  2.000010
 1.000000 -1.999990  2.000010
 1.000000 -0.999990  3.000010
 1.000000 -0.999990  3.000010
 1.000000 -0.999990  3.000010
 1.000000 -1.999990  2.000010
 1.000000 -1.999990  2.000010
 1.000000 -1.999990  2.000010
 1.000000 -1.999990  2.000010
 1.000000 -1.999990  2.000010
 1.000000  1.000010  5.000010
 1.000000  1.000010  5.000010
 1.000000 -1.999990  1.000010
 1.000000 -1.999990  1.000010
 1.000000 -0.999990  2.000010
 1.000000 -1.999990  1.000010
 1.000000 -0.999990  2.000010
 1.000000 -1.999990  1.000010
 1.000000 -1.999990  1.000010
 1.000000 -1.999990  1.000010
 1.000000 -1.999990  1.000010
 1.000000 -1.999990  1.000010
 1.000000 -1.999990  1.000010
 1.000000 -1.999990  1.000010
 1.000000 -0.999990  2.000010
 1.000000 -1.999990  1.000010
 1.000000 -0.999990  2.000010
 1.000000 -0.999990  2.000010
 1.000000 -0.999990  2.000010
 1.000000 -1.999990  1.000010
 1.000000 -1.999990  1.000010
 1.000000 -1.999990  1.000010
 1.000000 -1.999990  1.000010
 1.000000 -1.999990  1.000010
 1.000000 -1.999990  1.000010
 1.000000 -1.999990  1.000010
 1.000000 -1.999990  1.000010
 1.000000 -1.999990  1.000010
 1.000000 -1.999990  1.000010
 1.000000 -1.999990  1.000010
 1.000000 -1.999990  1.000010
 1.000000 -1.999990  1.000010
 1.000000 -1.999990  1.000010
 1.000000 -1.999990  1.000010
 1.000000 -1.999990  1.000010
 1.000000 -1.999990  1.000010
 1.000000 -1.999990  1.000010
 1.000000 -1.999990  1.000010
 1.000000 -1.999990  1.000010
 1.000000 -1.999990  1.000010
 1.000000 -0.999990  2.000010
 1.000000 -1.999990  1.000010
 1.000000 -1.999990  1.000010
 1.000000 -1.999990  1.000010
 1.000000 -1.999990  1.000010
 1.000000 -1.999990  1.000010
 1.000000 -1.999990  1.000010
 1.000000 -1.999990  1.000010
 1.000000 -1.999990  1.000010
 1.000000 -1.999990  1.000010
 1.000000 -1.999990  1.000010
 1.000000 -1.999990  1.000010
 1.000000 -1.999990  1.000010
 1.000000 -0.999990  2.000010
 1.000000 -0.999990  2.000010
 1.000000 -0.999990  2.000010
 1.000000 -0.999990  2.000010
 1.000000 -0.999990  2.000010
 1.000000 -0.999990  2.000010
 1.000000 -0.999990  2.000010
 1.000000 -0.999990  2.000010
 1.000000 -0.999990  2.000010
 1.000000 -0.999990  2.000010
 1.000000 -0.999990  2.000010
 1.000000 -0.999990  2.000010
 1.000000 -0.999990  2.000010
 1.000000 -0.999990  2.000010
 1.000000 -0.999990  2.000010
 1.000000 -0.999990  2.000010
 1.000000 -0.999990  2.000010
 1.000000 -0.999990  2.000010
 1.000000 -0.999990  2.000010
 1.000000 -1.999990  1.000010
 1.000000 -1.999990  1.000010
 1.000000 -1.999990  1.000010
 1.000000 -0.999990  2.000010
 1.000000 -0.999990  2.000010
 1.000000 -0.999990  2.000010
 1.000000 -0.999990  2.000010
 1.000000 -0.999990  2.000010
 1.000000 -0.999990  2.000010
 1.000000 -0.999990  2.000010
 1.000000 -0.999990  2.000010
 1.000000 -0.999990  2.000010
 1.000000 -0.999990  2.000010
 1.000000 -0.999990  2.000010
 1.000000 -0.999990  2.000010
 1.000000 -0.999990  2.000010
 1.000000 -0.999990  2.000010
 1.000000 -0.999990  2.000010
 1.000000 -0.999990  2.000010
 1.000000 -0.999990  2.000010
 1.000000 -0.999990  2.000010
 1.000000 -0.999990  2.000010
 1.000000 -0.999990  2.000010
 1.000000 -1.999990  1.000010
 1.000000 -1.999990  1.000010
 1.000000 -1.999990  1.000010
 1.000000 -1.999990  1.000010
 1.000000 -1.999990  1.000010
 1.000000 -1.999990  1.000010
 1.000000 -1.999990  1.000010
 1.000000 -1.999990  1.000010
 1.000000 -1.999990  1.000010
 1.000000 -1.999990  1.000010
 1.000000 -1.999990  1.000010
 1.000000 -1.999990  1.000010
 1.000000 -1.999990  1.000010
 1.000000  1.000010  4.000010
 1.000000 -0.999990  1.000010
 1.000000 -0.999990  1.000010
 1.000000 -0.999990  1.000010
 1.000000 -0.999990  1.000010
 1.000000 -0.999990  1.000010
 1.000000 -0.999990  1.000010
 1.000000 -0.999990  1.000010
 1.000000 -0.999990  1.000010
 1.000000 -0.999990  1.000010
 1.000000 -0.999990  1.000010
 1.000000 -0.999990  1.000010
 1.000000 -0.999990  1.000010
 1.000000 -0.999990  1.000010
 1.000000 -0.999990  1.000010
 1.000000 -0.999990  1.000010
 1.000000 -0.999990  1.000010
 1.000000 -0.999990  1.000010
 1.000000 -0.999990  1.000010
 1.000000 -0.999990  1.000010
 1.000000 -0.999990  1.000010
 1.000000 -0.999990  1.000010
 1.000000 -0.999990  1.000010
 1.000000 -0.999990  1.000010
 1.000000 -0.999990  1.000010
 1.000000 -0.999990  1.000010
 1.000000 -0.999990  1.000010
 1.000000 -0.999990  1.000010
 1.000000 -0.999990  1.000010
 1.000000 -0.999990  1.000010
 1.000000 -0.999990  1.000010
 1.000000 -0.999990  1.000010
 1.000000 -0.999990  1.000010
 1.000000 -0.999990  1.000010
 1.000000 -0.999990  1.000010
 1.000000 -0.999990  1.000010
 1.000000 -0.999990  1.000010
 1.000000 -0.999990  1.000010
 1.000000 -0.999990  1.000010
 1.000000 -0.999990  1.000010
 1.000000 -0.999990  1.000010
 1.000000 -0.999990  1.000010
 1.000000 -0.999990  1.000010
 1.000000 -0.999990  1.000010
 1.000000 -0.999990  1.000010
 1.000000 -0.999990  1.000010
 1.000000 -0.999990  1.000010
 1.000000 -0.999990  1.000010
 1.000000 -0.999990  1.000010
 1.000000 -0.999990  1.000010
 1.000000 -0.999990  1.000010
 1.000000 -0.999990  1.000010
 1.000000 -0.999990  1.000010
 1.000000 -0.999990  1.000010
 1.000000 -0.999990  1.000010
 1.000000 -0.999990  1.000010
 1.000000 -0.999990  1.000010
 1.000000 -0.999990  1.000010
 1.000000 -0.999990  1.000010
 1.000000 -0.999990  1.000010
 1.000000 -0.999990  1.000010
 1.000000 -0.999990  1.000010
 1.000000 -0.999990  1.000010
 1.000000 -0.999990  1.000010
 1.000000 -0.999990  1.000010
 1.000000 -0.999990  1.000010
 1.000000 -0.999990  1.000010
 1.000000 -0.999990  1.000010
 1.000000 -0.999990  1.000010
 1.000000 -0.999990  1.000010
 1.000000 -0.999990  1.000010
 1.000000 -0.999990  1.000010
 1.000000 -0.999990  1.000010
 1.000000 -0.999990  1.000010
 1.000000 -0.999990  1.000010
 1.000000 -0.999990  1.000010
 1.000000 -0.999990  1.000010
 1.000000 -0.999990  1.000010
 1.000000 -0.999990  1.000010
 1.000000 -0.999990  1.000010
 1.000000 -0.999990  1.000010
 1.000000 -0.999990  1.000010
 1.000000 -0.999990  1.000010
 1.000000 -0.999990  1.000010
 1.000000 -0.999990  1.000010
 1.000000 -0.999990  1.000010
 1.000000 -0.999990  1.000010
 1.000000 -0.999990  1.000010
 1.000000 -0.999990  1.000010
 1.000000 -0.999990  1.000010
 1.000000 -0.999990  1.000010
 1.000000 -0.999990  1.000010
 1.000000 -0.999990  1.000010
 1.000000 -0.999990  1.000010
 1.000000 -0.999990  1.000010
 1.000000 -0.999990  1.000010
 1.000000 -0.999990  1.000010
 1.000000 -0.999990  1.000010
 1.000000 -0.999990  1.000010
 1.000000 -0.999990  1.000010
 1.000000 -0.999990  1.000010
 1.000000 -0.999990  1.000010
 1.000000 -0.999990  1.000010
 1.000000 -0.999990  1.000010
 1.000000 -0.999990  1.000010
 1.000000 -0.999990  1.000010
 1.000000 -0.999990  1.000010
 1.000000 -0.999990  1.000010
 1.000000 -0.999990  1.000010
 1.000000 -0.999990  1.000010
 1.000000 -0.999990  1.000010
 1.000000 -0.999990  1.000010
 1.000000 -0.999990  1.000010
 1.000000 -0.999990  1.000010
 1.000000 -0.999990  1.000010
 1.000000 -0.999990  1.000010
 1.000000 -0.999990  1.000010
 1.000000 -0.999990  1.000010
 1.000000 -0.999990  1.000010
 1.000000 -0.999990  1.000010
 1.000000 -0.999990  1.000010
 1.000000 -0.999990  1.000010
 1.000000 -0.999990  1.000010
 1.000000 -0.999990  1.000010
 1.000000 -0.999990  1.000010
 1.000000 -0.999990  1.000010
 1.000000 -0.999990  1.000010
 1.000000 -0.999990  1.000010
 1.000000 -0.999990  1.000010
 1.000000 -0.999990  1.000010
 1.000000 -0.999990  1.000010
 1.000000 -0.999990  1.000010
 1.000000 -0.999990  1.000010
 1.000000 -0.999990  1.000010
 1.000000 -0.999990  1.000010
 1.000000 -0.999990  1.000010
 1.000000 -0.999990  1.000010
 1.000000 -0.999990  1.000010
 1.000000 -0.999990  1.000010
 1.000000 -0.999990  1.000010
 1.000000 -0.999990  1.000010
 1.000000 -0.999990  1.000010
 1.000000 -0.999990  1.000010
 1.000000 -0.999990  1.000010
 1.000000 -0.999990  1.000010
 1.000000 -0.999990  1.000010
 1.000000 -0.999990  1.000010
 1.000000 -0.999990  1.000010
 1.000000 -0.999990  1.000010
 1.000000 -0.999990  1.000010
 1.000000 -0.999990  1.000010
 1.000000 -0.999990  1.000010
 1.000000 -0.999990  1.000010
 1.000000 -0.999990  1.000010
 1.000000 -0.999990  1.000010
 1.000000 -0.999990  1.000010
 1.000000 -0.999990  1.000010
 1.000000 -0.999990  1.000010
 1.000000 -0.999990  1.000010
 1.000000 -0.999990  1.000010
 1.000000 -0.999990  1.000010
 1.000000 -0.999990  1.000010
 1.000000 -0.999990  1.000010
 1.000000 -0.999990  1.000010
 1.000000 -0.999990  1.000010
 1.000000 -0.999990  1.000010
 1.000000 -0.999990  1.000010
 1.000000 -0.999990  1.000010
 1.000000 -0.999990  1.000010
 1.000000 -0.999990  1.000010
 1.000000 -2.999990 -0.999990
 1.000000  4.000010  6.000010
 1.000000 -2.999990 -0.999990
 1.000000 -2.999990 -0.999990
 1.000000 -0.999990  1.000010
 1.000000 -0.999990  1.000010
 1.000000 -0.999990  1.000010
 1.000000 -0.999990  1.000010
 1.000000 -0.999990  1.000010
 1.000000 -0.999990  1.000010
 1.000000 -0.999990  1.000010
 1.000000 -0.999990  1.000010
 1.000000 -0.999990  1.000010
 1.000000 -0.999990  1.000010
 1.000000 -0.999990  1.000010
 1.000000 -0.999990  1.000010
 1.000000 -0.999990  1.000010
 1.000000 -0.999990  1.000010
 1.000000 -0.999990  1.000010
 1.000000 -0.999990  1.000010
 1.000000 -0.999990  1.000010
 1.000000 -0.999990  1.000010
 1.000000 -0.999990  1.000010
 1.000000 -0.999990  1.000010
 1.000000 -0.999990  1.000010
 1.000000 -0.999990  1.000010
 1.000000 -0.999990  1.000010
 1.000000 -0.999990  1.000010
 1.000000 -0.999990  1.000010
 1.000000 -0.999990  1.000010
 1.000000 -0.999990  1.000010
 1.000000 -0.999990  1.000010
 1.000000 -0.999990  1.000010
 1.000000 -0.999990  1.000010
 1.000000 -0.999990  1.000010
 1.000000 -0.999990  1.000010
 1.000000 -0.999990  1.000010
 1.000000 -0.999990  1.000010
 1.000000 -0.999990  1.000010
 1.000000 -0.999990  1.000010
 1.000000 -0.999990  1.000010
 1.000000 -0.999990  1.000010
 1.000000 -0.999990  1.000010
 1.000000 -0.999990  1.000010
 1.000000 -0.999990  1.000010
 1.000000 -0.999990  1.000010
 1.000000 -0.999990  1.000010
 1.000000 -0.999990  1.000010
 1.000000 -0.999990  1.000010
 1.000000 -0.999990  1.000010
 1.000000 -0.999990  1.000010
 1.000000 -0.999990  1.000010
 1.000000 -0.999990  1.000010
 1.000000 -0.999990  1.000010
 1.000000 -0.999990  1.000010
 1.000000 -0.999990  1.000010
 1.000000 -0.999990  1.000010
 1.000000 -0.999990  1.000010
 1.000000 -0.999990  1.000010
 1.000000 -0.999990  1.000010
 1.000000 -0.999990  1.000010
 1.000000 -0.999990  1.000010
 1.000000 -0.999990  1.000010
 1.000000 -0.999990  1.000010
 1.000000 -0.999990  1.000010
 1.000000 -0.999990  1.000010
 1.000000 -0.999990  1.000010
 1.000000 -0.999990  1.000010
 1.000000 -0.999990  1.000010
 1.000000 -0.999990  1.000010
 1.000000 -0.999990  1.000010
 1.000000 -0.999990  1.000010
 1.000000 -0.999990  1.000010
 1.000000 -0.999990  1.000010
 1.000000 -0.999990  1.000010
 1.000000 -0.999990  1.000010
 1.000000 -0.999990  1.000010
 1.000000 -0.999990  1.000010
 1.000000 -0.999990  1.000010
 1.000000 -0.999990  1.000010
 1.000000 -0.999990  1.000010
 1.000000 -0.999990  1.000010
 1.000000  3.000010  5.000010
 1.000000  2.000010  4.000010
 1.000000  2.000010  3.000010
 1.000000 -2.999990 -1.999990
 1.000000  2.000010  3.000010
 1.000000  2.000010  3.000010
 1.000000  2.000010  3.000010
 1.000000  2.000010  3.000010
 1.000000 -2.999990 -1.999990
 1.000000  2.000010  3.000010
 1.000000  2.000010  3.000010
 1.000000  2.000010  3.000010
 1.000000  2.000010  3.000010
 1.000000  2.000010  3.000010
 1.000000  2.000010  3.000010
 1.000000  2.000010  3.000010
 1.000000  2.000010  3.000010
 1.000000  2.000010  3.000010
 1.000000  2.000010  3.000010
 1.000000  2.000010  3.000010
 1.000000  2.000010  3.000010
 1.000000  2.000010  3.000010
 1.000000  2.000010  3.000010
 1.000000  2.000010  3.000010
 1.000000  2.000010  3.000010
 1.000000 -2.999990 -1.999990
 1.000000 -2.999990 -1.999990
 1.000000 -2.999990 -1.999990
 1.000000 -2.999990 -1.999990
 1.000000 -2.999990 -1.999990
 1.000000 -2.999990 -1.999990
 1.000000 -2.999990 -1.999990
 1.000000 -2.999990 -1.999990
 1.000000 -2.999990 -1.999990
 1.000000 -2.999990 -1.999990
 1.000000 -2.999990 -1.999990
 1.000000 -2.999990 -1.999990
 1.000000  2.000010  3.000010
 1.000000 -2.999990 -1.999990
 1.000000 -2.999990 -1.999990
 1.000000 -2.999990 -1.999990
 1.000000 -2.999990 -1.999990
 1.000000 -2.999990 -1.999990
 1.000000 -2.999990 -1.999990
 1.000000 -2.999990 -1.999990
 1.000000 -2.999990 -1.999990
 1.000000 -2.999990 -1.999990
 1.000000  2.000010  3.000010
 1.000000  2.000010  3.000010
 1.000000 -2.999990 -1.999990
 1.000000  2.000010  3.000010
 1.000000  2.000010  3.000010
 1.000000  2.000010  3.000010
 1.000000 -2.999990 -1.999990
 1.000000  2.000010  3.000010
 1.000000 -2.999990 -1.999990
 1.000000 -2.999990 -1.999990
 1.000000 -2.999990 -1.999990
 1.000000 -2.999990 -1.999990
 1.000000 -2.999990 -1.999990
 1.000000 -2.999990 -1.999990
 1.000000  2.000010  3.000010
 1.000000 -2.999990 -1.999990
 1.000000 -2.999990 -1.999990
 1.000000 -2.999990 -1.999990
 1.000000 -2.999990 -1.999990
 1.000000 -2.999990 -1.999990
 1.000000 -2.999990 -1.999990
 1.000000 -2.999990 -1.999990
 1.000000 -2.999990 -1.999990
 1.000000 -2.999990 -1.999990
 1.000000  1.000010  2.000010
 1.000000  4.000010  5.000010
 1.000000  1.000010  2.000010
 1.000000  2.000010  3.000010
 1.000000  2.000010  3.000010
 1.000000  2.000010  3.000010
 1.000000  2.000010  3.000010
 1.000000  2.000010  3.000010
 1.000000  2.000010  3.000010
 1.000000  2.000010  3.000010
 1.000000  2.000010  3.000010
 1.000000  2.000010  3.000010
 1.000000  2.000010  3.000010
 1.000000  2.000010  3.000010
 1.000000  2.000010  3.000010
 1.000000  2.000010  3.000010
 1.000000  2.000010  3.000010
 1.000000  2.000010  3.000010
 1.000000  2.000010  3.000010
 1.000000  2.000010  3.000010
 1.000000  2.000010  3.000010
 1.000000  2.000010  3.000010
 1.000000  2.000010  3.000010
 1.000000  2.000010  3.000010
 1.000000  2.000010  3.000010
 1.000000  2.000010  3.000010
 1.000000  4.000010  5.000010
 1.000000  4.000010  5.000010
 1.000000  4.000010  5.000010
 1.000000  4.000010  5.000010
 1.000000  4.000010  5.000010
 1.000000  4.000010  5.000010
 1.000000  4.000010  5.000010
 1.000000  4.000010  5.000010
 1.000000  4.000010  5.000010
 1.000000 10.000010 11.000010
 1.000000  4.000010  5.000010
 1.000000  4.000010  5.000010
 1.000000  4.000010  5.000010
 1.000000  4.000010  5.000010
 1.000000  4.000010  5.000010
 1.000000  4.000010  5.000010
 1.000000  4.000010  5.000010
 1.000000 10.000010 11.000010
 1.000000  9.000010 10.000010
 1.000000  9.000010 10.000010
 1.000000  9.000010 10.000010
 1.000000  9.000010 10.000010
 1.000000  8.000010  9.000010
 1.000000  8.000010  9.000010
 1.000000  4.000010  5.000010
 1.000000 10.000010 11.000010
 1.000000  4.000010  5.000010
 1.000000  4.000010  5.000010
 1.000000  4.000010  5.000010
 1.000000  4.000010  5.000010
 1.000000  4.000010  5.000010
 1.000000  4.000010  5.000010
 1.000000  4.000010  5.000010
 1.000000  4.000010  5.000010
 1.000000  4.000010  5.000010
 1.000000  4.000010  5.000010
 1.000000  8.000010  9.000010
 1.000000  4.000010  5.000010
 1.000000  4.000010  5.000010
 1.000000  4.000010  5.000010
 1.000000  4.000010  5.000010
 1.000000  4.000010  5.000010
 1.000000  4.000010  5.000010
 1.000000  4.000010  5.000010
 1.000000  4.000010  5.000010
 1.000000  4.000010  5.000010
 1.000000  4.000010  5.000010
 1.000000  4.000010  5.000010
 1.000000  6.000010  7.000010
 1.000000 -3.999990 -2.999990
 1.000000 -3.999990 -2.999990
 1.000000 -3.999990 -2.999990
 1.000000 -3.999990 -2.999990
 1.000000 -3.999990 -2.999990
 1.000000 -3.999990 -2.999990
 1.000000 -3.999990 -2.999990
 1.000000  6.000010  7.000010
 1.000000  6.000010  7.000010
 1.000000  6.000010  7.000010
 1.000000  6.000010  7.000010
 1.000000 -3.999990 -2.999990
 1.000000  6.000010  7.000010
 1.000000  6.000010  7.000010
 1.000000  6.000010  7.000010
 1.000000  6.000010  7.000010
 1.000000  6.000010  7.000010
 1.000000  6.000010  7.000010
 1.000000  6.000010  7.000010
 1.000000  6.000010  7.000010
 1.000000  6.000010  7.000010
 1.000000  6.000010  7.000010
 1.000000  6.000010  7.000010
 1.000000  7.000010  8.000010
 1.000000  8.000010  9.000010
 1.000000  8.000010  9.000010
 1.000000  8.000010  9.000010
 1.000000  8.000010  9.000010
 1.000000  8.000010  9.000010
 1.000000  7.000010  8.000010
 1.000000  7.000010  8.000010
 1.000000  7.000010  8.000010
 1.000000  7.000010  8.000010
 1.000000  7.000010  8.000010
 1.000000  7.000010  8.000010
 1.000000  6.000010  7.000010
 1.000000  7.000010  8.000010
 1.000000  7.000010  8.000010
 1.000000  7.000010  8.000010
 1.000000  7.000010  8.000010
 1.000000  7.000010  8.000010
 1.000000  7.000010  8.000010
 1.000000  7.000010  8.000010
 1.000000  7.000010  8.000010
 1.000000  7.000010  8.000010
 1.000000  7.000010  8.000010
 1.000000 -3.999990 -2.999990
 1.000000  1.000010  2.000010
 1.000000  1.000010  2.000010
 1.000000  1.000010  2.000010
 1.000000  1.000010  2.000010
 1.000000  1.000010  2.000010
 1.000000  1.000010  2.000010
 1.000000  1.000010  2.000010
 1.000000  1.000010  2.000010
 1.000000  1.000010  2.000010
 1.000000  1.000010  2.000010
 1.000000  1.000010  2.000010
 1.000000  1.000010  2.000010
 1.000000  1.000010  2.000010
 1.000000  1.000010  2.000010
 1.000000  1.000010  2.000010
 1.000000  5.000010  6.000010
 1.000000  1.000010  2.000010
 1.000000  5.000010  6.000010
 1.000000  5.000010  6.000010
 1.000000  1.000010  2.000010
 1.000000  4.000010  5.000010
 1.000000  4.000010  5.000010
 1.000000  4.000010  5.000010
 1.000000  4.000010  5.000010
 1.000000  1.000010  2.000010
 1.000000  1.000010  2.000010
 1.000000  1.000010  2.000010
 1.000000  1.000010  2.000010
 1.000000  1.000010  2.000010
 1.000000  1.000010  2.000010
 1.000000  1.000010  2.000010
 1.000000  1.000010  2.000010
 1.000000  1.000010  2.000010
 1.000000  1.000010  2.000010
 1.000000  1.000010  2.000010
 1.000000  1.000010  2.000010
 1.000000  1.000010  2.000010
 1.000000  1.000010  2.000010
 1.000000 -2.999990 -1.999990
 1.000000  5.000010  6.000010
 1.000000  5.000010  6.000010
 1.000000  1.000010  2.000010
 1.000000  5.000010  6.000010
 1.000000  5.000010  6.000010
 1.000000  5.000010  6.000010
 1.000000  5.000010  6.000010
 1.000000  5.000010  6.000010
 1.000000  5.000010  6.000010
 1.000000  1.000010  2.000010
 1.000000  5.000010  6.000010
 1.000000  1.000010  2.000010
 1.000000 -2.999990 -1.999990
 1.000000  5.000010  6.000010
 1.000000  1.000010  2.000010
 1.000000 -2.999990 -1.999990
 1.000000  1.000010  2.000010
 1.000000  1.000010  2.000010
 1.000000 -2.999990 -1.999990
 1.000000 -2.999990 -1.999990
 1.000000 -2.999990 -1.999990
 1.000000 -2.999990 -1.999990
 1.000000 -2.999990 -1.999990
 1.000000 -2.999990 -1.999990
 1.000000  1.000010  2.000010
 1.000000  1.000010  2.000010
 1.000000  5.000010  6.000010
 1.000000  5.000010  6.000010
 1.000000  1.000010  2.000010
 1.000000  5.000010  6.000010
 1.000000  1.000010  2.000010
 1.000000  5.000010  6.000010
 1.000000  5.000010  6.000010
 1.000000  1.000010  2.000010
 1.000000  5.000010  6.000010
 1.000000  5.000010  6.000010
 1.000000  5.000010  6.000010
 1.000000 -1.999990 -0.999990
 1.000000 -1.999990 -0.999990
 1.000000 -1.999990 -0.999990
 1.000000 -1.999990 -0.999990
 1.000000 -1.999990 -0.999990
 1.000000 -1.999990 -0.999990
 1.000000 -1.999990 -0.999990
 1.000000 -1.999990 -0.999990
 1.000000 -1.999990 -0.999990
 1.000000 -1.999990 -0.999990
 1.000000 -1.999990 -0.999990
 1.000000 -1.999990 -0.999990
 1.000000 -1.999990 -0.999990
 1.000000 -1.999990 -0.999990
 1.000000 -1.999990 -0.999990
 1.000000 -1.999990 -0.999990
 1.000000 -1.999990 -0.999990
 1.000000 -1.999990 -0.999990
 1.000000 -1.999990 -0.999990
 1.000000 -1.999990 -0.999990
 1.000000 -1.999990 -0.999990
 1.000000 -1.999990 -0.999990
 1.000000 -1.999990 -0.999990
 1.000000 -1.999990 -0.999990
 1.000000 -1.999990 -0.999990
 1.000000 -1.999990 -0.999990
 1.000000 -1.999990 -0.999990
 1.000000 -1.999990 -0.999990
 1.000000 -1.999990 -0.999990
 1.000000 -1.999990 -0.999990
 1.000000 -1.999990 -0.999990
 1.000000 -1.999990 -0.999990
 1.000000 -1.999990 -0.999990
 1.000000 -1.999990 -0.999990
 1.000000 -1.999990 -0.999990
 1.000000 -1.999990 -0.999990
 1.000000 -1.999990 -0.999990
 1.000000 -1.999990 -0.999990
 1.000000 -1.999990 -0.999990
 1.000000 -1.999990 -0.999990
 1.000000 -1.999990 -0.999990
 1.000000 -1.999990 -0.999990
 1.000000 -1.999990 -0.999990
 1.000000 -1.999990 -0.999990
 1.000000 -1.999990 -0.999990
 1.000000 -1.999990 -0.999990
 1.000000 -1.999990 -0.999990
 1.000000 -1.999990 -0.999990
 1.000000 -1.999990 -0.999990
 1.000000 -1.999990 -0.999990
 1.000000 -1.999990 -0.999990
 1.000000 -1.999990 -0.999990
 1.000000 -1.999990 -0.999990
 1.000000 -1.999990 -0.999990
 1.000000 -1.999990 -0.999990
 1.000000 -1.999990 -0.999990
 1.000000 -1.999990 -0.999990
 1.000000 -1.999990 -0.999990
 1.000000 -1.999990 -0.999990
 1.000000 -1.999990 -0.999990
 1.000000 -1.999990 -0.999990
 1.000000 -1.999990 -0.999990
 1.000000 -1.999990 -0.999990
 1.000000 -1.999990 -0.999990
 1.000000 -1.999990 -0.999990
 1.000000 -1.999990 -0.999990
 1.000000 -1.999990 -0.999990
 1.000000 -1.999990 -0.999990
 1.000000 -1.999990 -0.999990
 1.000000 -1.999990 -0.999990
 1.000000 -1.999990 -0.999990
 1.000000 -1.999990 -0.999990
 1.000000 -1.999990 -0.999990
 1.000000 -1.999990 -0.999990
 1.000000 -1.999990 -0.999990
 1.000000 -1.999990 -0.999990
 1.000000 -1.999990 -0.999990
 1.000000 -1.999990 -0.999990
 1.000000 -1.999990 -0.999990
 1.000000 -1.999990 -0.999990
 1.000000 -1.999990 -0.999990
 1.000000 -1.999990 -0.999990
 1.000000 -1.999990 -0.999990
 1.000000 -1.999990 -0.999990
 1.000000 -1.999990 -0.999990
 1.000000 -1.999990 -0.999990
 1.000000 -1.999990 -0.999990
 1.000000 -1.999990 -0.999990
 1.000000 -1.999990 -0.999990
 1.000000 -1.999990 -0.999990
 1.000000 -1.999990 -0.999990
 1.000000 -1.999990 -0.999990
 1.000000 -1.999990 -0.999990
 1.000000 -1.999990 -0.999990
 1.000000 -1.999990 -0.999990
 1.000000 -1.999990 -0.999990
 1.000000 -1.999990 -0.999990
 1.000000 -1.999990 -0.999990
 1.000000 -1.999990 -0.999990
 1.000000 -1.999990 -0.999990
 1.000000 -1.999990 -0.999990
 1.000000 -1.999990 -0.999990
 1.000000 -1.999990 -0.999990
 1.000000 -1.999990 -0.999990
 1.000000 -1.999990 -0.999990
 1.000000 -1.999990 -0.999990
 1.000000 -1.999990 -0.999990
 1.000000 -1.999990 -0.999990
 1.000000 -1.999990 -0.999990
 1.000000 -1.999990 -0.999990
 1.000000 -1.999990 -0.999990
 1.000000 -1.999990 -0.999990
 1.000000 -1.999990 -0.999990
 1.000000 -1.999990 -0.999990
 1.000000 -1.999990 -0.999990
 1.000000 -1.999990 -0.999990
 1.000000  3.000010  4.000010
 1.000000  3.000010  4.000010
 1.000000  3.000010  4.000010
 1.000000  3.000010  4.000010
 1.000000  3.000010  4.000010
 1.000000  3.000010  4.000010
 1.000000  3.000010  4.000010
 1.000000  3.000010  4.000010
 1.000000  3.000010  4.000010
 1.000000  3.000010  4.000010
 1.000000  3.000010  4.000010
 1.000000  3.000010  4.000010
 1.000000  3.000010  4.000010
 1.000000  3.000010  4.000010
 1.000000  3.000010  4.000010
 1.000000  3.000010  4.000010
 1.000000  3.000010  4.000010
 1.000000  3.000010  4.000010
 1.000000  3.000010  4.000010
 1.000000  3.000010  4.000010
 1.000000  3.000010  4.000010
 1.000000  3.000010  4.000010
 1.000000  3.000010  4.000010
 1.000000  3.000010  4.000010
 1.000000  3.000010  4.000010
 1.000000  3.000010  4.000010
 1.000000  3.000010  4.000010
 1.000000  3.000010  4.000010
 0.000000 -7.999990       inf
 0.000000 -6.999990 -1.999990
 0.000000 -6.999990 -1.999990
 0.000000 -6.999990 -1.999990
 0.000000 -6.999990 -2.999990
 0.000000 -6.999990 -2.999990
 0.000000 -5.999990 -1.999990
 0.000000 -5.999990 -2.999990
 0.000000 -5.999990 -2.999990
 0.000000 -4.999990 -1.999990
 0.000000 -4.999990 -1.999990
 0.000000 -5.999990 -2.999990
 0.000000 -5.999990 -2.999990
 0.000000 -4.999990 -1.999990
 0.000000 -5.999990 -2.999990
 0.000000 -4.999990 -1.999990
 0.000000 -5.999990 -2.999990
 0.000000 -4.999990 -1.999990
 0.000000 -5.999990 -2.999990
 0.000000 -3.999990 -0.999990
 0.000000 -3.999990 -0.999990
 0.000000 -0.999990  2.000010
 0.000000 -3.999990 -0.999990
 0.000000 -0.999990  2.000010
 0.000000 -0.999990  2.000010
 0.000000 -0.999990  2.000010
 0.000000 -4.999990 -2.999990
 0.000000 -4.999990 -2.999990
 0.000000 -4.999990 -2.999990
 0.000000 -4.999990 -2.999990
 0.000000 -4.999990 -2.999990
 0.000000 -4.999990 -2.999990
 0.000000 -4.999990 -2.999990
 0.000000 -4.999990 -2.999990
 0.000000 -4.999990 -2.999990
 0.000000 -4.999990 -2.999990
 0.000000 -4.999990 -2.999990
 0.000000 -4.999990 -2.999990
 0.000000 -4.999990 -2.999990
 0.000000 -4.999990 -2.999990
 0.000000 -4.999990 -2.999990
 0.000000 -4.999990 -2.999990
 0.000000 -4.999990 -2.999990
 0.000000 -4.999990 -2.999990
 0.000000 -4.999990 -2.999990
 0.000000 -4.999990 -2.999990
 0.000000 -4.999990 -2.999990
 0.000000 -4.999990 -2.999990
 0.000000 -4.999990 -2.999990
 0.000000 -4.999990 -2.999990
 0.000000 -4.999990 -2.999990
 0.000000 -5.999990 -3.999990
 0.000000 -3.999990 -1.999990
 0.000000 -0.999990  1.000010
 0.000000 -0.999990  1.000010
 0.000000 -0.999990  1.000010
 0.000000 -3.999990 -1.999990
 0.000000 -0.999990  1.000010
 0.000000 -3.999990 -1.999990
 0.000000 -3.999990 -1.999990
 0.000000 -3.999990 -1.999990
 0.000000 -0.999990  1.000010
 0.000000 -0.999990  1.000010
 0.000000 -3.999990 -1.999990
 0.000000 -0.999990  1.000010
 0.000000 -0.999990  1.000010
 0.000000 -0.999990  1.000010
 0.000000 -0.999990  1.000010
 0.000000 -0.999990  1.000010
 0.000000 -0.999990  1.000010
 0.000000 -0.999990  1.000010
 0.000000 -3.999990 -1.999990
 0.000000 -0.999990  1.000010
 0.000000 -3.999990 -1.999990
 0.000000 -0.999990  1.000010
 0.000000 -0.999990  1.000010
 0.000000 -0.999990  1.000010
 0.000000 -0.999990  1.000010
 0.000000 -2.999990 -0.999990
 0.000000 -2.999990 -0.999990
 0.000000 -0.999990  1.000010
 0.000000 -4.999990 -3.999990
 0.000000 -4.999990 -3.999990
 0.000000 -4.999990 -3.999990
 0.000000 -4.999990 -3.999990
 0.000000 -4.999990 -3.999990
 0.000000 -4.999990 -3.999990
 0.000000 -4.999990 -3.999990
 0.000000 -4.999990 -3.999990
 0.000000 -4.999990 -3.999990
 0.000000 -4.999990 -3.999990
 0.000000 -4.999990 -3.999990
 0.000000 -4.999990 -3.999990
 0.000000 -4.999990 -3.999990
 0.000000 -4.999990 -3.999990
 0.000000 -4.999990 -3.999990
 0.000000 -4.999990 -3.999990
 0.000000 -4.999990 -3.999990
 0.000000 -4.999990 -3.999990
 0.000000 -4.999990 -3.999990
 0.000000 -4.999990 -3.999990
 0.000000 -4.999990 -3.999990
 0.000000 -4.999990 -3.999990
 0.000000 -4.999990 -3.999990
 0.000000 -4.999990 -3.999990
 0.000000 -4.999990 -3.999990
 0.000000 -4.999990 -3.999990
 0.000000 -4.999990 -3.999990
 0.000000 -4.999990 -3.999990
 0.000000 -4.999990 -3.999990
 0.000000 -4.999990 -3.999990
 0.000000 -4.999990 -3.999990
 0.000000 -4.999990 -3.999990
 0.000000 -4.999990 -3.999990
 0.000000 -3.999990 -2.999990
 0.000000 -3.999990 -2.999990
 0.000000 -3.999990 -2.999990
 0.000000 -3.999990 -2.999990
 0.000000 -3.999990 -2.999990
 0.000000 -3.999990 -2.999990
 0.000000 -5.999990 -4.999990
 0.000000 -3.999990 -2.999990
 0.000000 -3.999990 -2.999990
 0.000000 -3.999990 -2.999990
 0.000000 -7.999990 -6.999990
 0.000000 -3.999990 -2.999990
 0.000000 -3.999990 -2.999990
 0.000000 -5.999990 -4.999990
 0.000000 -5.999990 -4.999990
 0.000000 -3.999990 -2.999990
 0.000000 -5.999990 -4.999990
 0.000000 -3.999990 -2.999990
 0.000000 -3.999990 -2.999990
 0.000000 -3.999990 -2.999990
 0.000000 -5.999990 -4.999990
 0.000000 -3.999990 -2.999990
 0.000000 -3.999990 -2.999990
 0.000000 -3.999990 -2.999990
 0.000000 -3.999990 -2.999990
 0.000000 -3.999990 -2.999990
 0.000000 -3.999990 -2.999990
 0.000000 -3.999990 -2.999990
 0.000000 -3.999990 -2.999990
 0.000000 -3.999990 -2.999990
 0.000000 -3.999990 -2.999990
 0.000000 -3.999990 -2.999990
 0.000000 -3.999990 -2.999990
 0.000000 -3.999990 -2.999990
 0.000000 -3.999990 -2.999990
 0.000000 -3.999990 -2.999990
 0.000000 -3.999990 -2.999990
 0.000000 -3.999990 -2.999990
 0.000000 -3.999990 -2.999990
 0.000000 -3.999990 -2.999990
 0.000000 -3.999990 -2.999990
 0.000000 -3.999990 -2.999990
 0.000000 -3.999990 -2.999990
 0.000000 -3.999990 -2.999990
 0.000000 -3.999990 -2.999990
 0.000000 -3.999990 -2.999990
 0.000000 -3.999990 -2.999990
 0.000000 -3.999990 -2.999990
 0.000000 -3.999990 -2.999990
 0.000000 -3.999990 -2.999990
 0.000000 -3.999990 -2.999990
 0.000000 -3.999990 -2.999990
 0.000000 -3.999990 -2.999990
 0.000000 -3.999990 -2.999990
 0.000000 -3.999990 -2.999990
 0.000000 -3.999990 -2.999990
 0.000000 -3.999990 -2.999990
 0.000000 -3.999990 -2.999990
 0.000000 -3.999990 -2.999990
 0.000000 -3.999990 -2.999990
 0.000000 -3.999990 -2.999990
 0.000000 -3.999990 -2.999990
 0.000000 -3.999990 -2.999990
 0.000000 -3.999990 -2.999990
 0.000000 -2.999990 -1.999990
 0.000000 -2.999990 -1.999990
 0.000000 -2.999990 -1.999990
 0.000000 -2.999990 -1.999990
 0.000000 -2.999990 -1.999990
 0.000000 -2.999990 -1.999990
 0.000000 -2.999990 -1.999990
 0.000000 -2.999990 -1.999990
 0.000000 -2.999990 -1.999990
 0.000000 -2.999990 -1.999990
 0.000000 -2.999990 -1.999990
 0.000000 -2.999990 -1.999990
 0.000000 -2.999990 -1.999990
 0.000000 -2.999990 -1.999990
 0.000000 -2.999990 -1.999990
 0.000000 -2.999990 -1.999990
 0.000000 -2.999990 -1.999990
 0.000000 -2.999990 -1.999990
 0.000000 -2.999990 -1.999990
 0.000000 -2.999990 -1.999990
 0.000000 -2.999990 -1.999990
 0.000000 -2.999990 -1.999990
 0.000000 -2.999990 -1.999990
 0.000000 -2.999990 -1.999990
 0.000000 -2.999990 -1.999990
 0.000000 -2.999990 -1.999990
 0.000000 -2.999990 -1.999990
 0.000000 -2.999990 -1.999990
 0.000000 -2.999990 -1.999990
 0.000000 -3.999990 -2.999990
 0.000000 -2.999990 -1.999990
 0.000000 -2.999990 -1.999990
 0.000000 -2.999990 -1.999990
 0.000000 -2.999990 -1.999990
 0.000000 -2.999990 -1.999990
 0.000000 -2.999990 -1.999990
 0.000000 -2.999990 -1.999990
 0.000000 -2.999990 -1.999990
 0.000000 -2.999990 -1.999990
 0.000000 -2.999990 -1.999990
 0.000000 -2.999990 -1.999990
 0.000000 -2.999990 -1.999990
 0.000000 -2.999990 -1.999990
 0.000000 -2.999990 -1.999990
 0.000000 -2.999990 -1.999990
 0.000000 -2.999990 -1.999990
 0.000000 -2.999990 -1.999990
 0.000000 -2.999990 -1.999990
 0.000000 -2.999990 -1.999990
 0.000000 -2.999990 -1.999990
 0.000000 -2.999990 -1.999990
 0.000000 -2.999990 -1.999990
 0.000000 -2.999990 -1.999990
 0.000000 -2.999990 -1.999990
 0.000000 -3.999990 -2.999990
 0.000000 -3.999990 -2.999990
 0.000000 -2.999990 -1.999990
 0.000000 -2.999990 -1.999990
 0.000000 -2.999990 -1.999990
 0.000000 -2.999990 -1.999990
 0.000000 -2.999990 -1.999990
 0.000000 -2.999990 -1.999990
 0.000000 -2.999990 -1.999990
 0.000000 -2.999990 -1.999990
 0.000000 -2.999990 -1.999990
 0.000000 -2.999990 -1.999990
 0.000000 -2.999990 -1.999990
 0.000000 -2.999990 -1.999990
 0.000000 -2.999990 -1.999990
 0.000000 -2.999990 -1.999990
 0.000000 -2.999990 -1.999990
 0.000000 -2.999990 -1.999990
 0.000000 -2.999990 -1.999990
 0.000000 -2.999990 -1.999990
 0.000000 -2.999990 -1.999990
 0.000000 -1.999990 -0.999990
 0.000000 -1.999990 -0.999990
 0.000000 -1.999990 -0.999990
 0.000000 -1.999990 -0.999990
 0.000000 -1.999990 -0.999990
 0.000000 -1.999990 -0.999990
 0.000000 -1.999990 -0.999990
 0.000000 -1.999990 -0.999990
 0.000000 -1.999990 -0.999990
 0.000000 -1.999990 -0.999990
 0.000000 -1.999990 -0.999990
 0.000000 -1.999990 -0.999990
 0.000000 -1.999990 -0.999990
 0.000000 -1.999990 -0.999990
 0.000000 -1.999990 -0.999990
 0.000000 -1.999990 -0.999990
 0.000000 -1.999990 -0.999990
 0.000000 -1.999990 -0.999990
 0.000000 -1.999990 -0.999990
 0.000000 -1.999990 -0.999990
 0.000000 -1.999990 -0.999990
 0.000000 -1.999990 -0.999990
 0.000000 -1.999990 -0.999990
 0.000000 -1.999990 -0.999990
 0.000000 -1.999990 -0.999990
 0.000000 -1.999990 -0.999990
 0.000000 -1.999990 -0.999990
 0.000000 -1.999990 -0.999990
 0.000000 -1.999990 -0.999990
 0.000000 -1.999990 -0.999990
 0.000000 -1.999990 -0.999990
 0.000000 -1.999990 -0.999990
 0.000000 -1.999990 -0.999990
 0.000000 -1.999990 -0.999990
 0.000000 -1.999990 -0.999990
 0.000000 -1.999990 -0.999990
 0.000000 -1.999990 -0.999990
 0.000000 -1.999990 -0.999990
 0.000000 -1.999990 -0.999990
 0.000000 -1.999990 -0.999990
 0.000000 -1.999990 -0.999990
 0.000000 -1.999990 -0.999990
 0.000000 -1.999990 -0.999990
 0.000000 -1.999990 -0.999990
 0.000000 -1.999990 -0.999990
 0.000000 -1.999990 -0.999990
 0.000000 -1.999990 -0.999990
 0.000000 -1.999990 -0.999990
 0.000000 -1.999990 -0.999990
 0.000000 -1.999990 -0.999990
 0.000000 -1.999990 -0.999990
 0.000000 -1.999990 -0.999990
 0.000000 -1.999990 -0.999990
 0.000000 -1.999990 -0.999990
