 1.000000  2.000000  9.848858
 1.000000  2.236068  9.848858
 1.000000  4.123106 10.630146
 1.000000 -1.414214  5.000000
 1.000000  3.000000  9.219544
 1.000000  1.414214  7.615773
 1.000000 -4.242641  1.414214
 1.000000  1.000000  6.324555
 1.000000  2.828427  8.062258
 1.000000  2.000000  7.071068
 1.000000 -4.000000  1.000000
 1.000000  2.828427  7.615773
 1.000000 -2.236068  2.236068
 1.000000  3.605551  8.062258
 1.000000  6.403124 10.816654
 1.000000  2.236068  5.656854
 1.000000  4.123106  7.280110
 1.000000  3.605551  6.708204
 1.000000  1.414214  4.472136
 1.000000 -2.000000  1.000000
 1.000000  3.000000  6.000000
 1.000000  5.000000  7.810250
 1.000000  4.472136  7.280110
 1.000000  3.605551  6.324555
 1.000000  1.000000  3.605551
 1.000000  6.000000  8.544004
 1.000000 -1.414214  1.000000
 1.000000  2.236068  4.472136
 1.000000  5.000000  7.071068
 1.000000 -1.000000  1.000000
 1.000000  6.000000  8.000000
 1.000000  8.944272 10.770330
 1.000000  3.605551  5.099020
 1.000000  7.071068  8.544004
 1.000000  3.605551  5.000000
 1.000000  5.830952  7.071068
 1.000000  4.472136  5.656854
 1.000000  8.062258  9.219544
 1.000000  3.000000  4.000000
 1.000000  3.000000  4.000000
 1.000000  6.000000  7.000000
 1.000000  1.000000  2.000000
 1.000000  4.000000  5.000000
 1.000000 12.083046 13.038405
 1.000000  4.123106  5.000000
 1.000000  9.000000  9.848858
 1.000000  5.000000  5.830952
 1.000000  5.000000  5.830952
 1.000000  2.000000  2.828427
 1.000000  1.414214  2.236068
 1.000000  1.414214  2.236068
 1.000000  1.414214  2.236068
 1.000000  7.000000  7.810250
 1.000000  4.242641  5.000000
 1.000000  4.242641  5.000000
 1.000000  5.656854  6.403124
 1.000000  5.656854  6.403124
 1.000000  6.324555  7.000000
 1.000000  7.810250  8.485281
 1.000000  7.810250  8.485281
 1.000000  6.403124  7.071068
 1.000000  5.000000  5.656854
 1.000000  5.000000  5.656854
 1.000000  5.000000  5.656854
 1.000000  5.000000  5.656854
 1.000000  3.605551  4.242641
 1.000000  3.605551  4.242641
 1.000000  3.605551  4.242641
 1.000000  8.602325  9.219544
 1.000000  8.602325  9.219544
 1.000000  2.236068  2.828427
 1.000000  2.236068  2.828427
 1.000000  2.236068  2.828427
 1.000000  2.236068  2.828427
 1.000000  2.236068  2.828427
 1.000000  2.236068  2.828427
 1.000000  2.236068  2.828427
 1.000000  2.236068  2.828427
 1.000000  2.236068  2.828427
 1.000000  2.236068  2.828427
 1.000000  2.236068  2.828427
 1.000000  2.236068  2.828427
 1.000000  1.414214  2.000000
 1.000000  1.414214  2.000000
 1.000000  1.414214  2.000000
 1.000000  1.414214  2.000000
 1.000000  5.830952  6.403124
 1.000000  5.830952  6.403124
 1.000000  4.472136  5.000000
 1.000000  4.472136  5.000000
 1.000000  4.472136  5.000000
 1.000000  4.472136  5.000000
 1.000000  4.472136  5.000000
 1.000000  3.605551  4.123106
 1.000000  3.605551  4.123106
 1.000000  3.605551  4.123106
 1.000000  3.605551  4.123106
 1.000000  3.605551  4.123106
 1.000000  3.605551  4.123106
 1.000000  5.830952  6.324555
 1.000000  8.944272  9.433981
 1.000000  8.062258  8.544004
 1.000000 10.295630 10.770330
 1.000000 10.295630 10.770330
 1.000000  4.000000  4.472136
 1.000000  8.485281  8.944272
 1.000000  7.615773  8.062258
 1.000000  5.385165  5.830952
 1.000000  3.162278  3.605551
 1.000000  3.162278  3.605551
 1.000000  3.162278  3.605551
 1.000000  3.162278  3.605551
 1.000000  8.062258  8.485281
 1.000000  9.433981  9.848858
 1.000000  1.000000  1.414214
 1.000000  1.000000  1.414214
 1.000000  1.000000  1.414214
 1.000000  1.000000  1.414214
 1.000000  1.000000  1.414214
 1.000000  7.211103  7.615773
 1.000000  8.544004  8.944272
 1.000000  8.544004  8.944272
 1.000000  8.544004  8.944272
 1.000000  8.544004  8.944272
 1.000000  3.605551  4.000000
 1.000000  3.605551  4.000000
 1.000000  3.605551  4.000000
 1.000000  5.000000  5.385165
 1.000000  5.000000  5.385165
 1.000000  5.000000  5.385165
 1.000000  5.000000  5.385165
 1.000000  5.000000  5.385165
 1.000000  6.324555  6.708204
 1.000000  6.324555  6.708204
 1.000000  6.324555  6.708204
 1.000000  6.708204  7.071068
 1.000000  6.708204  7.071068
 1.000000  6.708204  7.071068
 1.000000  6.708204  7.071068
 1.000000 12.649111 13.000000
 1.000000  4.123106  4.472136
 1.000000  4.123106  4.472136
 1.000000  4.123106  4.472136
 1.000000  4.123106  4.472136
 1.000000  4.123106  4.472136
 1.000000  4.123106  4.472136
 1.000000  4.123106  4.472136
 1.000000  4.123106  4.472136
 1.000000 11.704700 12.041595
 1.000000  7.280110  7.615773
 1.000000  7.280110  7.615773
 1.000000  7.280110  7.615773
 1.000000  2.828427  3.162278
 1.000000  2.828427  3.162278
 1.000000  6.000000  6.324555
 1.000000 14.000000 14.317821
 1.000000  6.403124  6.708204
 1.000000  6.403124  6.708204
 1.000000  8.246211  8.544004
 1.000000  8.246211  8.544004
 1.000000 12.083046 12.369317
 1.000000  5.099020  5.385165
 1.000000  5.099020  5.385165
 1.000000  5.099020  5.385165
 1.000000  7.000000  7.280110
 1.000000 12.369317 12.649111
 1.000000 12.369317 12.649111
 1.000000  8.944272  9.219544
 1.000000  5.385165  5.656854
 1.000000  5.385165  5.656854
 1.000000  5.385165  5.656854
 1.000000  5.385165  5.656854
 1.000000  5.385165  5.656854
 1.000000  9.219544  9.486833
 1.000000 13.341664 13.601471
 1.000000  8.000000  8.246211
 1.000000  4.000000  4.242641
 1.000000  4.000000  4.242641
 1.000000  4.000000  4.242641
 1.000000 10.198039 10.440307
 1.000000  6.082763  6.324555
 1.000000  2.000000  2.236068
 1.000000  2.000000  2.236068
 1.000000  2.000000  2.236068
 1.000000  2.000000  2.236068
 1.000000  2.000000  2.236068
 1.000000  2.000000  2.236068
 1.000000  2.000000  2.236068
 1.000000  4.242641  4.472136
 1.000000  4.242641  4.472136
 1.000000  4.242641  4.472136
 1.000000  4.242641  4.472136
 1.000000  4.242641  4.472136
 1.000000  9.219544  9.433981
 1.000000  9.219544  9.433981
 1.000000  9.219544  9.433981
 1.000000  9.219544  9.433981
 1.000000  9.219544  9.433981
 1.000000  7.071068  7.280110
 1.000000  7.071068  7.280110
 1.000000  7.615773  7.810250
 1.000000  7.810250  8.000000
 1.000000  8.062258  8.246211
 1.000000  5.656854  5.830952
 1.000000  5.656854  5.830952
 1.000000  2.828427  3.000000
 1.000000  5.830952  6.000000
 1.000000  5.830952  6.000000
 1.000000  9.055385  9.219544
 1.000000  9.055385  9.219544
 1.000000  9.055385  9.219544
 1.000000 12.206556 12.369317
 1.000000  3.000000  3.162278
 1.000000  3.000000  3.162278
 1.000000  3.000000  3.162278
 1.000000  3.000000  3.162278
 1.000000  9.848858 10.000000
 1.000000  7.071068  7.211103
 1.000000  7.071068  7.211103
 1.000000  4.000000  4.123106
 1.000000  4.000000  4.123106
 1.000000  4.000000  4.123106
 1.000000  4.000000  4.123106
 1.000000  4.000000  4.123106
 1.000000  4.000000  4.123106
 1.000000  4.000000  4.123106
 1.000000  4.000000  4.123106
 1.000000  4.000000  4.123106
 1.000000  4.123106  4.242641
 1.000000  4.123106  4.242641
 1.000000  4.123106  4.242641
 1.000000  4.123106  4.242641
 1.000000  4.123106  4.242641
 1.000000  4.123106  4.242641
 1.000000  8.485281  8.602325
 1.000000  8.485281  8.602325
 1.000000  8.485281  8.602325
 1.000000  8.485281  8.602325
 1.000000  5.000000  5.099020
 1.000000  5.000000  5.099020
 1.000000  5.000000  5.099020
 1.000000  5.000000  5.099020
 1.000000  5.000000  5.099020
 1.000000 11.313708 11.401754
 1.000000  6.000000  6.082763
 1.000000  6.000000  6.082763
 1.000000  6.324555  6.403124
 1.000000  6.324555  6.403124
 1.000000  6.324555  6.403124
 1.000000  6.324555  6.403124
 1.000000  7.000000  7.071068
 1.000000  7.211103  7.280110
 1.000000  8.000000  8.062258
 1.000000  8.000000  8.062258
 1.000000  8.000000  8.062258
 1.000000  8.485281  8.544004
 1.000000  8.485281  8.544004
 1.000000  8.944272  9.000000
 1.000000  9.848858  9.899495
 1.000000 10.000000 10.049876
 1.000000 10.000000 10.049876
 1.000000 10.000000 10.049876
 1.000000 11.000000 11.045361
 1.000000 11.661904 11.704700
 1.000000 13.000000 13.038405
 1.000000 13.000000 13.038405
 0.000000 -15.811388       inf
 0.000000 -11.661904  5.000000
 0.000000 -11.180340  2.000000
 0.000000 -10.295630  2.000000
 0.000000 -14.000000 -2.236068
 0.000000 -6.082763  5.656854
 0.000000 -13.000000 -2.236068
 0.000000 -12.727922 -3.605551
 0.000000 -12.041595 -3.000000
 0.000000 -11.180340 -2.236068
 0.000000 -11.000000 -2.236068
 0.000000 -12.806248 -4.242641
 0.000000 -12.529964 -4.123106
 0.000000 -13.038405 -5.000000
 0.000000 -6.000000  2.000000
 0.000000 -9.899495 -2.828427
 0.000000 -5.830952  1.000000
 0.000000 -11.000000 -5.000000
 0.000000 -11.661904 -5.830952
 0.000000 -12.083046 -6.403124
 0.000000 -3.605551  2.000000
 0.000000 -6.324555 -1.414214
 0.000000 -12.529964 -7.810250
 0.000000 -11.000000 -6.324555
 0.000000 -5.656854 -1.000000
 0.000000 -9.433981 -5.000000
 0.000000 -6.324555 -2.000000
 0.000000 -9.219544 -5.000000
 0.000000 -7.211103 -3.162278
 0.000000 -6.000000 -2.000000
 0.000000 -9.000000 -5.000000
 0.000000 -6.082763 -2.236068
 0.000000 -7.615773 -4.000000
 0.000000 -6.403124 -2.828427
 0.000000 -9.899495 -6.403124
 0.000000 -11.000000 -7.615773
 0.000000 -11.313708 -8.062258
 0.000000 -9.219544 -6.000000
 0.000000 -6.708204 -3.605551
 0.000000 -8.000000 -5.000000
 0.000000 -6.000000 -3.000000
 0.000000 -8.000000 -5.000000
 0.000000 -5.830952 -3.605551
 0.000000 -8.000000 -6.000000
 0.000000 -1.000000  1.000000
 0.000000 -7.000000 -5.000000
 0.000000 -9.000000 -7.071068
 0.000000 -11.401754 -9.486833
 0.000000 -6.000000 -4.123106
 0.000000 -7.810250 -6.082763
 0.000000 -6.708204 -5.000000
 0.000000 -6.324555 -5.000000
 0.000000 -2.000000 -1.000000
 0.000000 -8.602325 -7.615773
 0.000000 -8.000000 -7.071068
 0.000000 -8.000000 -7.071068
 0.000000 -7.615773 -6.708204
 0.000000 -7.211103 -6.324555
 0.000000 -5.830952 -5.000000
 0.000000 -8.000000 -7.211103
 0.000000 -11.704700 -11.000000
 0.000000 -8.485281 -7.810250
 0.000000 -7.071068 -6.403124
 0.000000 -6.324555 -5.656854
 0.000000 -8.246211 -7.615773
 0.000000 -2.000000 -1.414214
 0.000000 -6.324555 -5.830952
 0.000000 -4.472136 -4.000000
 0.000000 -8.062258 -7.615773
 0.000000 -10.440307 -10.000000
 0.000000 -6.403124 -6.000000
 0.000000 -12.083046 -11.704700
 0.000000 -7.071068 -6.708204
 0.000000 -9.848858 -9.486833
 0.000000 -7.615773 -7.280110
 0.000000 -7.615773 -7.280110
 0.000000 -7.615773 -7.280110
 0.000000 -7.615773 -7.280110
 0.000000 -6.708204 -6.403124
 0.000000 -6.708204 -6.403124
 0.000000 -10.295630 -10.000000
 0.000000 -11.661904 -11.401754
 0.000000 -8.062258 -7.810250
 0.000000 -8.062258 -7.810250
 0.000000 -8.062258 -7.810250
 0.000000 -6.082763 -5.830952
 0.000000 -6.324555 -6.082763
 0.000000 -6.324555 -6.082763
 0.000000 -6.324555 -6.082763
 0.000000 -6.324555 -6.082763
 0.000000 -15.000000 -14.764823
 0.000000 -4.472136 -4.242641
 0.000000 -11.401754 -11.180340
 0.000000 -9.219544 -9.000000
 0.000000 -9.433981 -9.219544
 0.000000 -9.433981 -9.219544
 0.000000 -10.816654 -10.630146
 0.000000 -8.246211 -8.062258
 0.000000 -8.246211 -8.062258
 0.000000 -6.000000 -5.830952
 0.000000 -9.219544 -9.055385
 0.000000 -12.369317 -12.206556
 0.000000 -7.211103 -7.071068
 0.000000 -7.211103 -7.071068
 0.000000 -7.211103 -7.071068
 0.000000 -15.264338 -15.132746
 0.000000 -12.206556 -12.083046
 0.000000 -4.123106 -4.000000
 0.000000 -4.123106 -4.000000
 0.000000 -14.866069 -14.764823
 0.000000 -6.082763 -6.000000
 0.000000 -6.082763 -6.000000
 0.000000 -6.082763 -6.000000
 0.000000 -6.082763 -6.000000
 0.000000 -6.082763 -6.000000
 0.000000 -6.403124 -6.324555
 0.000000 -8.062258 -8.000000
 0.000000 -8.062258 -8.000000
 0.000000 -8.544004 -8.485281
 0.000000 -9.055385 -9.000000
 0.000000 -9.055385 -9.000000
 0.000000 -10.816654 -10.770330
