 1.000000 -4.472136  7.615773
 1.000000  2.000000 13.892444
 1.000000 -5.099020  5.000000
 1.000000  3.605551 13.416408
 1.000000 -2.828427  5.000000
 1.000000 -2.000000  5.656854
 1.000000 -1.414214  5.830952
 1.000000  6.000000 13.000000
 1.000000 -3.605551  2.828427
 1.000000 -5.000000  1.000000
 1.000000  8.000000 13.892444
 1.000000  2.236068  7.280110
 1.000000 -3.605551  1.414214
 1.000000  2.236068  7.000000
 1.000000 -3.000000  1.414214
 1.000000  3.605551  7.000000
 1.000000  3.000000  5.830952
 1.000000  2.236068  5.000000
 1.000000  2.236068  5.000000
 1.000000  2.828427  5.385165
 1.000000  6.000000  8.544004
 1.000000  3.605551  6.000000
 1.000000  2.828427  5.000000
 1.000000  1.000000  3.162278
 1.000000  3.000000  5.000000
 1.000000  5.000000  7.000000
 1.000000 -1.000000  1.000000
 1.000000  4.000000  5.830952
 1.000000 13.038405 14.866069
 1.000000  2.000000  3.605551
 1.000000  2.000000  3.605551
 1.000000  2.000000  3.605551
 1.000000  6.403124  8.000000
 1.000000  4.123106  5.656854
 1.000000  7.211103  8.602325
 1.000000  2.236068  3.605551
 1.000000  1.000000  2.236068
 1.000000  2.828427  4.000000
 1.000000  4.242641  5.385165
 1.000000  4.242641  5.385165
 1.000000  3.000000  4.123106
 1.000000  5.656854  6.708204
 1.000000  1.000000  2.000000
 1.000000  1.000000  2.000000
 1.000000  7.280110  8.246211
 1.000000  6.324555  7.280110
 1.000000  5.099020  6.000000
 1.000000  3.605551  4.472136
 1.000000  3.162278  4.000000
 1.000000  5.000000  5.830952
 1.000000  2.000000  2.828427
 1.000000  2.000000  2.828427
 1.000000  6.403124  7.211103
 1.000000  4.242641  5.000000
 1.000000  5.656854  6.403124
 1.000000  5.000000  5.656854
 1.000000  5.000000  5.656854
 1.000000  5.000000  5.656854
 1.000000  3.605551  4.242641
 1.000000  3.605551  4.242641
 1.000000  6.082763  6.708204
 1.000000  5.385165  6.000000
 1.000000  3.000000  3.605551
 1.000000  3.000000  3.605551
 1.000000  2.236068  2.828427
 1.000000  2.236068  2.828427
 1.000000  2.236068  2.828427
 1.000000  2.236068  2.828427
 1.000000  2.236068  2.828427
 1.000000  2.236068  2.828427
 1.000000  2.236068  2.828427
 1.000000  2.236068  2.828427
 1.000000  2.236068  2.828427
 1.000000  2.236068  2.828427
 1.000000  1.414214  2.000000
 1.000000  1.414214  2.000000
 1.000000  1.414214  2.000000
 1.000000  1.414214  2.000000
 1.000000  5.830952  6.403124
 1.000000  5.830952  6.403124
 1.000000  8.000000  8.544004
 1.000000  4.472136  5.000000
 1.000000  4.472136  5.000000
 1.000000  4.472136  5.000000
 1.000000  4.472136  5.000000
 1.000000  4.472136  5.000000
 1.000000  4.472136  5.000000
 1.000000  4.472136  5.000000
 1.000000  3.605551  4.123106
 1.000000  3.605551  4.123106
 1.000000  8.944272  9.433981
 1.000000 12.041595 12.529964
 1.000000 13.416408 13.892444
 1.000000 10.295630 10.770330
 1.000000 10.295630 10.770330
 1.000000 10.295630 10.770330
 1.000000 12.529964 13.000000
 1.000000  7.615773  8.062258
 1.000000  5.385165  5.830952
 1.000000  5.385165  5.830952
 1.000000  5.385165  5.830952
 1.000000  5.385165  5.830952
 1.000000  3.162278  3.605551
 1.000000  3.162278  3.605551
 1.000000  3.162278  3.605551
 1.000000  3.162278  3.605551
 1.000000  3.162278  3.605551
 1.000000  3.162278  3.605551
 1.000000  3.162278  3.605551
 1.000000  9.000000  9.433981
 1.000000  8.062258  8.485281
 1.000000  8.062258  8.485281
 1.000000 13.000000 13.416408
 1.000000 13.000000 13.416408
 1.000000  1.000000  1.414214
 1.000000  1.000000  1.414214
 1.000000  1.000000  1.414214
 1.000000  1.000000  1.414214
 1.000000  1.000000  1.414214
 1.000000  7.211103  7.615773
 1.000000  7.211103  7.615773
 1.000000  3.605551  4.000000
 1.000000  5.000000  5.385165
 1.000000  5.000000  5.385165
 1.000000  5.000000  5.385165
 1.000000  5.000000  5.385165
 1.000000  5.000000  5.385165
 1.000000  5.000000  5.385165
 1.000000  6.324555  6.708204
 1.000000  6.708204  7.071068
 1.000000  6.708204  7.071068
 1.000000  6.708204  7.071068
 1.000000  4.123106  4.472136
 1.000000  4.123106  4.472136
 1.000000  4.123106  4.472136
 1.000000  7.280110  7.615773
 1.000000  2.828427  3.162278
 1.000000  2.828427  3.162278
 1.000000  2.828427  3.162278
 1.000000  2.828427  3.162278
 1.000000  2.828427  3.162278
 1.000000  2.828427  3.162278
 1.000000 12.041595 12.369317
 1.000000 13.601471 13.928388
 1.000000 13.601471 13.928388
 1.000000  6.000000  6.324555
 1.000000  6.000000  6.324555
 1.000000 12.206556 12.529964
 1.000000 12.727922 13.038405
 1.000000  6.403124  6.708204
 1.000000  6.403124  6.708204
 1.000000  6.403124  6.708204
 1.000000  6.403124  6.708204
 1.000000  8.246211  8.544004
 1.000000  5.099020  5.385165
 1.000000  5.099020  5.385165
 1.000000  5.099020  5.385165
 1.000000  5.385165  5.656854
 1.000000  5.385165  5.656854
 1.000000  5.385165  5.656854
 1.000000  7.810250  8.062258
 1.000000 10.049876 10.295630
 1.000000  6.082763  6.324555
 1.000000  6.082763  6.324555
 1.000000  6.082763  6.324555
 1.000000  6.082763  6.324555
 1.000000  2.000000  2.236068
 1.000000  2.000000  2.236068
 1.000000  2.000000  2.236068
 1.000000  2.000000  2.236068
 1.000000  2.000000  2.236068
 1.000000  2.000000  2.236068
 1.000000  2.000000  2.236068
 1.000000  2.000000  2.236068
 1.000000 12.806248 13.038405
 1.000000  4.242641  4.472136
 1.000000  4.242641  4.472136
 1.000000  4.242641  4.472136
 1.000000  7.071068  7.280110
 1.000000  7.071068  7.280110
 1.000000  7.071068  7.280110
 1.000000  7.615773  7.810250
 1.000000  7.615773  7.810250
 1.000000  7.810250  8.000000
 1.000000 10.630146 10.816654
 1.000000 13.416408 13.601471
 1.000000 13.416408 13.601471
 1.000000 13.416408 13.601471
 1.000000 14.142136 14.317821
 1.000000 14.142136 14.317821
 1.000000  5.656854  5.830952
 1.000000 12.041595 12.206556
 1.000000 12.041595 12.206556
 1.000000  3.000000  3.162278
 1.000000  3.000000  3.162278
 1.000000  3.000000  3.162278
 1.000000  3.000000  3.162278
 1.000000  3.000000  3.162278
 1.000000  3.000000  3.162278
 1.000000  3.000000  3.162278
 1.000000  3.000000  3.162278
 1.000000 12.649111 12.806248
 1.000000 10.630146 10.770330
 1.000000  7.071068  7.211103
 1.000000 11.045361 11.180340
 1.000000 11.180340 11.313708
 1.000000  4.000000  4.123106
 1.000000  4.000000  4.123106
 1.000000  4.000000  4.123106
 1.000000  4.000000  4.123106
 1.000000  4.123106  4.242641
 1.000000  4.123106  4.242641
 1.000000  4.123106  4.242641
 1.000000  4.123106  4.242641
 1.000000  4.123106  4.242641
 1.000000  4.123106  4.242641
 1.000000  5.000000  5.099020
 1.000000  5.000000  5.099020
 1.000000  5.000000  5.099020
 1.000000  5.000000  5.099020
 1.000000  5.000000  5.099020
 1.000000  6.000000  6.082763
 1.000000  6.000000  6.082763
 1.000000  6.000000  6.082763
 1.000000  6.000000  6.082763
 1.000000  6.000000  6.082763
 1.000000  6.324555  6.403124
 1.000000  6.324555  6.403124
 1.000000  7.000000  7.071068
 1.000000  7.000000  7.071068
 1.000000  7.000000  7.071068
 1.000000  8.000000  8.062258
 1.000000  8.000000  8.062258
 1.000000  9.000000  9.055385
 1.000000 11.000000 11.045361
 1.000000 12.000000 12.041595
 0.000000 -30.000000       inf
 0.000000 -15.620499  2.000000
 0.000000 -13.416408  2.236068
 0.000000 -8.062258  5.000000
 0.000000 -13.928388 -1.414214
 0.000000 -12.806248 -1.414214
 0.000000 -6.082763  5.099020
 0.000000 -13.928388 -2.828427
 0.000000 -14.866069 -5.656854
 0.000000 -6.324555  2.828427
 0.000000 -11.704700 -3.000000
 0.000000 -7.000000  1.000000
 0.000000 -5.000000  3.000000
 0.000000 -7.000000  1.000000
 0.000000 -11.661904 -4.123106
 0.000000 -6.324555  1.000000
 0.000000 -10.295630 -3.000000
 0.000000 -12.000000 -5.000000
 0.000000 -9.219544 -2.236068
 0.000000 -10.770330 -4.000000
 0.000000 -11.401754 -5.000000
 0.000000 -11.180340 -5.000000
 0.000000 -3.162278  3.000000
 0.000000 -12.000000 -6.000000
 0.000000 -13.000000 -7.071068
 0.000000 -11.045361 -5.385165
 0.000000 -11.180340 -5.830952
 0.000000 -7.071068 -2.000000
 0.000000 -2.000000  3.000000
 0.000000 -9.899495 -5.000000
 0.000000 -10.000000 -5.830952
 0.000000 -8.944272 -5.000000
 0.000000 -7.071068 -3.605551
 0.000000 -11.704700 -8.246211
 0.000000 -8.544004 -5.099020
 0.000000 -6.403124 -3.162278
 0.000000 -8.062258 -5.000000
 0.000000 -8.000000 -5.000000
 0.000000 -7.071068 -4.242641
 0.000000 -8.485281 -5.656854
 0.000000 -5.830952 -3.162278
 0.000000 -9.219544 -6.708204
 0.000000 -9.486833 -7.071068
 0.000000 -6.324555 -4.000000
 0.000000 -9.433981 -7.211103
 0.000000 -7.071068 -5.000000
 0.000000 -13.038405 -11.000000
 0.000000 -4.000000 -2.000000
 0.000000 -6.708204 -5.099020
 0.000000 -11.045361 -9.486833
 0.000000 -10.049876 -8.602325
 0.000000 -6.324555 -5.000000
 0.000000 -9.848858 -8.602325
 0.000000 -6.082763 -5.000000
 0.000000 -6.000000 -5.000000
 0.000000 -7.000000 -6.000000
 0.000000 -4.000000 -3.000000
 0.000000 -3.000000 -2.000000
 0.000000 -8.062258 -7.071068
 0.000000 -7.000000 -6.082763
 0.000000 -8.062258 -7.211103
 0.000000 -9.848858 -9.000000
 0.000000 -7.810250 -7.000000
 0.000000 -6.708204 -6.000000
 0.000000 -6.324555 -5.656854
 0.000000 -2.000000 -1.414214
 0.000000 -11.180340 -10.630146
 0.000000 -7.211103 -6.708204
 0.000000 -8.544004 -8.062258
 0.000000 -8.944272 -8.485281
 0.000000 -5.830952 -5.385165
 0.000000 -11.180340 -10.770330
 0.000000 -6.403124 -6.000000
 0.000000 -12.083046 -11.704700
 0.000000 -9.848858 -9.486833
 0.000000 -11.401754 -11.045361
 0.000000 -11.401754 -11.045361
 0.000000 -7.615773 -7.280110
 0.000000 -7.615773 -7.280110
 0.000000 -6.324555 -6.000000
 0.000000 -6.324555 -6.000000
 0.000000 -6.708204 -6.403124
 0.000000 -6.708204 -6.403124
 0.000000 -8.544004 -8.246211
 0.000000 -7.000000 -6.708204
 0.000000 -5.385165 -5.099020
 0.000000 -5.385165 -5.099020
 0.000000 -5.385165 -5.099020
 0.000000 -9.219544 -8.944272
 0.000000 -7.280110 -7.071068
 0.000000 -10.198039 -10.000000
 0.000000 -8.246211 -8.062258
 0.000000 -8.246211 -8.062258
 0.000000 -11.180340 -11.000000
 0.000000 -5.830952 -5.656854
 0.000000 -3.162278 -3.000000
 0.000000 -10.770330 -10.630146
 0.000000 -7.211103 -7.071068
 0.000000 -7.211103 -7.071068
 0.000000 -7.211103 -7.071068
 0.000000 -5.099020 -5.000000
 0.000000 -5.099020 -5.000000
 0.000000 -5.099020 -5.000000
 0.000000 -5.099020 -5.000000
 0.000000 -6.082763 -6.000000
 0.000000 -6.082763 -6.000000
 0.000000 -6.082763 -6.000000
 0.000000 -6.082763 -6.000000
 0.000000 -12.806248 -12.727922
 0.000000 -7.071068 -7.000000
 0.000000 -7.071068 -7.000000
 0.000000 -7.071068 -7.000000
 0.000000 -7.071068 -7.000000
 0.000000 -8.062258 -8.000000
 0.000000 -8.544004 -8.485281
 0.000000 -8.602325 -8.544004
 0.000000 -8.602325 -8.544004
 0.000000 -9.055385 -9.000000
 0.000000 -10.049876 -10.000000
 0.000000 -10.049876 -10.000000
 0.000000 -10.049876 -10.000000
 0.000000 -10.049876 -10.000000
 0.000000 -10.049876 -10.000000
 0.000000 -12.083046 -12.041595
