 1.000000 -2.236068  9.848858
 1.000000  1.414214 12.529964
 1.000000 -1.000000  9.219544
 1.000000  1.414214 11.180340
 1.000000 -4.242641  3.605551
 1.000000  2.000000  9.219544
 1.000000  3.000000 10.000000
 1.000000  3.000000  9.486833
 1.000000  1.000000  7.280110
 1.000000  3.000000  8.944272
 1.000000  4.123106  9.433981
 1.000000 -3.605551  1.000000
 1.000000  1.414214  6.000000
 1.000000 -2.236068  2.236068
 1.000000  5.000000  9.055385
 1.000000 -2.236068  1.414214
 1.000000 -1.414214  2.000000
 1.000000  1.000000  4.000000
 1.000000 -1.000000  2.000000
 1.000000  5.385165  8.062258
 1.000000  5.000000  7.211103
 1.000000  4.123106  6.324555
 1.000000  5.099020  7.211103
 1.000000  4.000000  6.000000
 1.000000  4.123106  6.082763
 1.000000  7.000000  8.944272
 1.000000  4.472136  6.324555
 1.000000  4.000000  5.830952
 1.000000  5.000000  6.708204
 1.000000  7.280110  8.944272
 1.000000  2.828427  4.472136
 1.000000  8.000000  9.433981
 1.000000  3.605551  5.000000
 1.000000  2.236068  3.605551
 1.000000  2.236068  3.605551
 1.000000  2.236068  3.605551
 1.000000  8.544004  9.848858
 1.000000  2.828427  4.123106
 1.000000  2.828427  4.123106
 1.000000  2.000000  3.162278
 1.000000  3.000000  4.123106
 1.000000  4.000000  5.099020
 1.000000  6.000000  7.071068
 1.000000  9.055385 10.049876
 1.000000  8.485281  9.433981
 1.000000  8.062258  8.944272
 1.000000  4.123106  5.000000
 1.000000  3.162278  4.000000
 1.000000  2.000000  2.828427
 1.000000  2.000000  2.828427
 1.000000  2.000000  2.828427
 1.000000  1.414214  2.236068
 1.000000  1.414214  2.236068
 1.000000  2.828427  3.605551
 1.000000  2.236068  3.000000
 1.000000  6.324555  7.071068
 1.000000  7.071068  7.810250
 1.000000  5.099020  5.830952
 1.000000  7.280110  8.000000
 1.000000  6.403124  7.071068
 1.000000  6.403124  7.071068
 1.000000  6.403124  7.071068
 1.000000  5.656854  6.324555
 1.000000  3.605551  4.242641
 1.000000  8.602325  9.219544
 1.000000  8.602325  9.219544
 1.000000  8.602325  9.219544
 1.000000  8.602325  9.219544
 1.000000  3.000000  3.605551
 1.000000  3.000000  3.605551
 1.000000  7.211103  7.810250
 1.000000  7.211103  7.810250
 1.000000  7.211103  7.810250
 1.000000  6.403124  7.000000
 1.000000  2.236068  2.828427
 1.000000  2.236068  2.828427
 1.000000  2.236068  2.828427
 1.000000  2.236068  2.828427
 1.000000  2.236068  2.828427
 1.000000  2.236068  2.828427
 1.000000  2.236068  2.828427
 1.000000  2.236068  2.828427
 1.000000  2.236068  2.828427
 1.000000  2.236068  2.828427
 1.000000  2.236068  2.828427
 1.000000  1.414214  2.000000
 1.000000  1.414214  2.000000
 1.000000  1.414214  2.000000
 1.000000  1.414214  2.000000
 1.000000  5.830952  6.403124
 1.000000  7.071068  7.615773
 1.000000  4.472136  5.000000
 1.000000  4.472136  5.000000
 1.000000  4.472136  5.000000
 1.000000  4.472136  5.000000
 1.000000  4.472136  5.000000
 1.000000  4.472136  5.000000
 1.000000  4.472136  5.000000
 1.000000  4.472136  5.000000
 1.000000  4.472136  5.000000
 1.000000  3.605551  4.123106
 1.000000  3.605551  4.123106
 1.000000  8.544004  9.055385
 1.000000  5.830952  6.324555
 1.000000  5.830952  6.324555
 1.000000  8.944272  9.433981
 1.000000  8.944272  9.433981
 1.000000  8.944272  9.433981
 1.000000  4.000000  4.472136
 1.000000  9.848858 10.295630
 1.000000  7.615773  8.062258
 1.000000  5.385165  5.830952
 1.000000  5.385165  5.830952
 1.000000  3.162278  3.605551
 1.000000  3.162278  3.605551
 1.000000  3.162278  3.605551
 1.000000  3.162278  3.605551
 1.000000  3.162278  3.605551
 1.000000  3.162278  3.605551
 1.000000  3.162278  3.605551
 1.000000  3.162278  3.605551
 1.000000  3.162278  3.605551
 1.000000  3.162278  3.605551
 1.000000  3.162278  3.605551
 1.000000  9.055385  9.486833
 1.000000  1.000000  1.414214
 1.000000  1.000000  1.414214
 1.000000  1.000000  1.414214
 1.000000  1.000000  1.414214
 1.000000  1.000000  1.414214
 1.000000  1.000000  1.414214
 1.000000  1.000000  1.414214
 1.000000  1.000000  1.414214
 1.000000  7.211103  7.615773
 1.000000  5.000000  5.385165
 1.000000  7.615773  8.000000
 1.000000  6.324555  6.708204
 1.000000  6.324555  6.708204
 1.000000  6.708204  7.071068
 1.000000  6.708204  7.071068
 1.000000  6.708204  7.071068
 1.000000  6.708204  7.071068
 1.000000  9.486833  9.848858
 1.000000  4.123106  4.472136
 1.000000  4.123106  4.472136
 1.000000  4.123106  4.472136
 1.000000  4.123106  4.472136
 1.000000  4.123106  4.472136
 1.000000  8.602325  8.944272
 1.000000  7.280110  7.615773
 1.000000  7.280110  7.615773
 1.000000  7.280110  7.615773
 1.000000  7.280110  7.615773
 1.000000  7.280110  7.615773
 1.000000  2.828427  3.162278
 1.000000  2.828427  3.162278
 1.000000  2.828427  3.162278
 1.000000  6.000000  6.324555
 1.000000  6.403124  6.708204
 1.000000  6.403124  6.708204
 1.000000  6.403124  6.708204
 1.000000  6.403124  6.708204
 1.000000  6.403124  6.708204
 1.000000  8.246211  8.544004
 1.000000 12.083046 12.369317
 1.000000  5.099020  5.385165
 1.000000  5.099020  5.385165
 1.000000  5.099020  5.385165
 1.000000  5.099020  5.385165
 1.000000  5.099020  5.385165
 1.000000  7.000000  7.280110
 1.000000  8.944272  9.219544
 1.000000  8.944272  9.219544
 1.000000  8.944272  9.219544
 1.000000  8.944272  9.219544
 1.000000  5.385165  5.656854
 1.000000  5.385165  5.656854
 1.000000  5.385165  5.656854
 1.000000  5.385165  5.656854
 1.000000  5.385165  5.656854
 1.000000  5.385165  5.656854
 1.000000  9.219544  9.486833
 1.000000  9.219544  9.486833
 1.000000  9.219544  9.486833
 1.000000  5.830952  6.082763
 1.000000  5.830952  6.082763
 1.000000 10.198039 10.440307
 1.000000  6.082763  6.324555
 1.000000  2.000000  2.236068
 1.000000  2.000000  2.236068
 1.000000  2.000000  2.236068
 1.000000  2.000000  2.236068
 1.000000  2.000000  2.236068
 1.000000  2.000000  2.236068
 1.000000  2.000000  2.236068
 1.000000  2.000000  2.236068
 1.000000  2.000000  2.236068
 1.000000  2.000000  2.236068
 1.000000  2.000000  2.236068
 1.000000  2.000000  2.236068
 1.000000  2.000000  2.236068
 1.000000  2.000000  2.236068
 1.000000  4.242641  4.472136
 1.000000  4.242641  4.472136
 1.000000  4.242641  4.472136
 1.000000  4.242641  4.472136
 1.000000  4.242641  4.472136
 1.000000  9.000000  9.219544
 1.000000  9.000000  9.219544
 1.000000  7.000000  7.211103
 1.000000  9.848858 10.049876
 1.000000  7.615773  7.810250
 1.000000  7.615773  7.810250
 1.000000  7.615773  7.810250
 1.000000  7.615773  7.810250
 1.000000  8.062258  8.246211
 1.000000  8.062258  8.246211
 1.000000  8.062258  8.246211
 1.000000 11.000000 11.180340
 1.000000  5.656854  5.830952
 1.000000  2.828427  3.000000
 1.000000  2.828427  3.000000
 1.000000  2.828427  3.000000
 1.000000  2.828427  3.000000
 1.000000  2.828427  3.000000
 1.000000  2.828427  3.000000
 1.000000  3.000000  3.162278
 1.000000  3.000000  3.162278
 1.000000  3.000000  3.162278
 1.000000  3.000000  3.162278
 1.000000  3.000000  3.162278
 1.000000  3.000000  3.162278
 1.000000  3.000000  3.162278
 1.000000  3.000000  3.162278
 1.000000  3.000000  3.162278
 1.000000  7.071068  7.211103
 1.000000  7.071068  7.211103
 1.000000  7.071068  7.211103
 1.000000  7.071068  7.211103
 1.000000  7.071068  7.211103
 1.000000  4.000000  4.123106
 1.000000  4.000000  4.123106
 1.000000  4.000000  4.123106
 1.000000  4.000000  4.123106
 1.000000  4.123106  4.242641
 1.000000  8.485281  8.602325
 1.000000  8.485281  8.602325
 1.000000  5.000000  5.099020
 1.000000  5.000000  5.099020
 1.000000  5.000000  5.099020
 1.000000  5.000000  5.099020
 1.000000 10.198039 10.295630
 1.000000  6.000000  6.082763
 1.000000  6.000000  6.082763
 1.000000  6.000000  6.082763
 1.000000  6.324555  6.403124
 1.000000  6.324555  6.403124
 1.000000  6.324555  6.403124
 1.000000  6.324555  6.403124
 1.000000  7.000000  7.071068
 1.000000  7.000000  7.071068
 1.000000  7.000000  7.071068
 1.000000  7.000000  7.071068
 1.000000  8.000000  8.062258
 1.000000  8.000000  8.062258
 1.000000  8.000000  8.062258
 1.000000  8.000000  8.062258
 1.000000  8.000000  8.062258
 1.000000  8.544004  8.602325
 1.000000  8.944272  9.000000
 1.000000  9.000000  9.055385
 1.000000 11.000000 11.045361
 0.000000 -16.278821       inf
 0.000000 -16.000000 -1.000000
 0.000000 -13.453624  1.414214
 0.000000 -16.000000 -3.605551
 0.000000 -11.045361  1.000000
 0.000000 -9.000000  2.000000
 0.000000 -6.708204  4.000000
 0.000000 -13.038405 -3.000000
 0.000000 -15.000000 -5.000000
 0.000000 -8.485281  1.414214
 0.000000 -12.206556 -3.000000
 0.000000 -7.000000  2.000000
 0.000000 -7.000000  2.000000
 0.000000 -12.083046 -4.000000
 0.000000 -12.041595 -4.000000
 0.000000 -11.000000 -3.000000
 0.000000 -14.422205 -7.000000
 0.000000 -6.000000  1.414214
 0.000000 -5.385165  2.000000
 0.000000 -5.830952  1.414214
 0.000000 -15.297059 -8.944272
 0.000000 -10.630146 -5.000000
 0.000000 -9.848858 -4.472136
 0.000000 -8.246211 -3.000000
 0.000000 -8.544004 -4.000000
 0.000000 -5.830952 -1.414214
 0.000000 -9.899495 -5.656854
 0.000000 -2.236068  2.000000
 0.000000 -14.142136 -10.000000
 0.000000 -10.049876 -6.000000
 0.000000 -10.049876 -6.000000
 0.000000 -8.944272 -5.099020
 0.000000 -5.656854 -2.000000
 0.000000 -9.848858 -6.403124
 0.000000 -6.000000 -2.828427
 0.000000 -9.486833 -6.324555
 0.000000 -6.082763 -3.162278
 0.000000 -6.082763 -3.162278
 0.000000 -6.403124 -3.605551
 0.000000 -7.071068 -4.472136
 0.000000 -8.485281 -6.000000
 0.000000 -6.082763 -3.605551
 0.000000 -9.000000 -6.708204
 0.000000 -9.433981 -7.280110
 0.000000 -12.041595 -9.899495
 0.000000 -10.295630 -8.246211
 0.000000 -9.848858 -7.810250
 0.000000 -7.000000 -5.000000
 0.000000 -6.000000 -4.123106
 0.000000 -6.082763 -4.242641
 0.000000 -6.082763 -4.242641
 0.000000 -7.810250 -6.000000
 0.000000 -11.180340 -9.433981
 0.000000 -8.544004 -7.000000
 0.000000 -7.810250 -6.403124
 0.000000 -6.403124 -5.000000
 0.000000 -7.280110 -6.000000
 0.000000 -9.848858 -8.602325
 0.000000 -4.242641 -3.000000
 0.000000 -9.000000 -7.810250
 0.000000 -12.806248 -11.704700
 0.000000 -6.000000 -5.000000
 0.000000 -6.082763 -5.099020
 0.000000 -6.324555 -5.385165
 0.000000 -12.000000 -11.180340
 0.000000 -10.770330 -10.000000
 0.000000 -10.770330 -10.000000
 0.000000 -8.944272 -8.246211
 0.000000 -5.656854 -5.000000
 0.000000 -9.219544 -8.602325
 0.000000 -11.180340 -10.630146
 0.000000 -7.615773 -7.071068
 0.000000 -8.544004 -8.000000
 0.000000 -7.211103 -6.708204
 0.000000 -6.324555 -5.830952
 0.000000 -8.485281 -8.062258
 0.000000 -6.708204 -6.324555
 0.000000 -12.083046 -11.704700
 0.000000 -13.416408 -13.038405
 0.000000 -8.602325 -8.246211
 0.000000 -8.944272 -8.602325
 0.000000 -10.770330 -10.440307
 0.000000 -6.403124 -6.082763
 0.000000 -6.708204 -6.403124
 0.000000 -10.198039 -9.899495
 0.000000 -8.544004 -8.246211
 0.000000 -8.544004 -8.246211
 0.000000 -8.544004 -8.246211
 0.000000 -15.297059 -15.000000
 0.000000 -5.385165 -5.099020
 0.000000 -5.385165 -5.099020
 0.000000 -5.385165 -5.099020
 0.000000 -5.385165 -5.099020
 0.000000 -6.324555 -6.082763
 0.000000 -4.472136 -4.242641
 0.000000 -11.401754 -11.180340
 0.000000 -9.219544 -9.000000
 0.000000 -9.433981 -9.219544
 0.000000 -8.000000 -7.810250
 0.000000 -8.246211 -8.062258
 0.000000 -5.830952 -5.656854
 0.000000 -10.198039 -10.049876
 0.000000 -13.601471 -13.453624
 0.000000 -10.440307 -10.295630
 0.000000 -7.211103 -7.071068
 0.000000 -4.123106 -4.000000
 0.000000 -4.123106 -4.000000
 0.000000 -6.082763 -6.000000
 0.000000 -6.082763 -6.000000
 0.000000 -6.082763 -6.000000
 0.000000 -6.082763 -6.000000
 0.000000 -6.082763 -6.000000
 0.000000 -6.082763 -6.000000
 0.000000 -6.082763 -6.000000
 0.000000 -7.071068 -7.000000
 0.000000 -7.071068 -7.000000
 0.000000 -8.602325 -8.544004
 0.000000 -8.602325 -8.544004
 0.000000 -9.055385 -9.000000
 0.000000 -9.486833 -9.433981
 0.000000 -9.486833 -9.433981
 0.000000 -12.206556 -12.165525
 0.000000 -12.206556 -12.165525
