 1.000000 -4.000000 10.049876
 1.000000  3.162278 12.649111
 1.000000  1.414214 10.049876
 1.000000  4.472136 12.041595
 1.000000 -4.472136  2.828427
 1.000000 -3.000000  4.000000
 1.000000  4.472136 11.401754
 1.000000  5.000000 11.180340
 1.000000 -3.605551  2.236068
 1.000000  5.000000 10.630146
 1.000000 -2.000000  3.605551
 1.000000  3.000000  8.485281
 1.000000 -1.000000  4.123106
 1.000000  9.000000 13.038405
 1.000000 -2.000000  2.000000
 1.000000  2.000000  6.000000
 1.000000  6.082763  9.848858
 1.000000  2.236068  6.000000
 1.000000  1.000000  4.472136
 1.000000  3.605551  7.071068
 1.000000  3.605551  7.000000
 1.000000  3.000000  6.324555
 1.000000  3.605551  6.403124
 1.000000  1.000000  3.605551
 1.000000  5.000000  7.280110
 1.000000  2.828427  5.000000
 1.000000  7.071068  9.219544
 1.000000  4.000000  6.082763
 1.000000  3.000000  5.000000
 1.000000 11.180340 13.000000
 1.000000  6.000000  7.810250
 1.000000 13.000000 14.764823
 1.000000  3.000000  4.472136
 1.000000  7.071068  8.485281
 1.000000  9.000000 10.295630
 1.000000  3.000000  4.242641
 1.000000  6.708204  7.810250
 1.000000  7.211103  8.246211
 1.000000  1.000000  2.000000
 1.000000  2.000000  3.000000
 1.000000  5.000000  6.000000
 1.000000  6.082763  7.071068
 1.000000  8.544004  9.433981
 1.000000  4.123106  5.000000
 1.000000  3.162278  4.000000
 1.000000  5.000000  5.830952
 1.000000  2.000000  2.828427
 1.000000  1.414214  2.236068
 1.000000  7.000000  7.810250
 1.000000  4.242641  5.000000
 1.000000  4.242641  5.000000
 1.000000  4.242641  5.000000
 1.000000  4.242641  5.000000
 1.000000  4.242641  5.000000
 1.000000  6.324555  7.071068
 1.000000 10.630146 11.313708
 1.000000  7.810250  8.485281
 1.000000  5.656854  6.324555
 1.000000  5.000000  5.656854
 1.000000  5.000000  5.656854
 1.000000  5.000000  5.656854
 1.000000  5.000000  5.656854
 1.000000  3.605551  4.242641
 1.000000  3.605551  4.242641
 1.000000  3.605551  4.242641
 1.000000  3.605551  4.242641
 1.000000  3.605551  4.242641
 1.000000  2.236068  2.828427
 1.000000  2.236068  2.828427
 1.000000  2.236068  2.828427
 1.000000  2.236068  2.828427
 1.000000  1.414214  2.000000
 1.000000  1.414214  2.000000
 1.000000  1.414214  2.000000
 1.000000 10.816654 11.401754
 1.000000  5.830952  6.403124
 1.000000  5.830952  6.403124
 1.000000  7.071068  7.615773
 1.000000  7.071068  7.615773
 1.000000  4.472136  5.000000
 1.000000  4.472136  5.000000
 1.000000  4.472136  5.000000
 1.000000  4.472136  5.000000
 1.000000  4.472136  5.000000
 1.000000  3.605551  4.123106
 1.000000  5.830952  6.324555
 1.000000  5.830952  6.324555
 1.000000 11.180340 11.661904
 1.000000  8.485281  8.944272
 1.000000  9.848858 10.295630
 1.000000  5.385165  5.830952
 1.000000  5.385165  5.830952
 1.000000  5.385165  5.830952
 1.000000  3.162278  3.605551
 1.000000  3.162278  3.605551
 1.000000  3.162278  3.605551
 1.000000  3.162278  3.605551
 1.000000  3.162278  3.605551
 1.000000  3.162278  3.605551
 1.000000  8.062258  8.485281
 1.000000  8.062258  8.485281
 1.000000  8.062258  8.485281
 1.000000  1.000000  1.414214
 1.000000  1.000000  1.414214
 1.000000  1.000000  1.414214
 1.000000  7.211103  7.615773
 1.000000  7.211103  7.615773
 1.000000  7.211103  7.615773
 1.000000  7.211103  7.615773
 1.000000  7.211103  7.615773
 1.000000  8.544004  8.944272
 1.000000  8.544004  8.944272
 1.000000  8.544004  8.944272
 1.000000  8.544004  8.944272
 1.000000  5.000000  5.385165
 1.000000  5.000000  5.385165
 1.000000  5.000000  5.385165
 1.000000  5.000000  5.385165
 1.000000  5.000000  5.385165
 1.000000  5.000000  5.385165
 1.000000  5.000000  5.385165
 1.000000  5.000000  5.385165
 1.000000  5.000000  5.385165
 1.000000  6.324555  6.708204
 1.000000 11.704700 12.083046
 1.000000  6.708204  7.071068
 1.000000  9.486833  9.848858
 1.000000  4.123106  4.472136
 1.000000  4.123106  4.472136
 1.000000  4.123106  4.472136
 1.000000  8.602325  8.944272
 1.000000  7.280110  7.615773
 1.000000  2.828427  3.162278
 1.000000  2.828427  3.162278
 1.000000  2.828427  3.162278
 1.000000  2.828427  3.162278
 1.000000  2.828427  3.162278
 1.000000  6.000000  6.324555
 1.000000  6.403124  6.708204
 1.000000 11.401754 11.704700
 1.000000 11.401754 11.704700
 1.000000 10.000000 10.295630
 1.000000  5.099020  5.385165
 1.000000  5.099020  5.385165
 1.000000  5.099020  5.385165
 1.000000  5.099020  5.385165
 1.000000  8.944272  9.219544
 1.000000  8.944272  9.219544
 1.000000  8.944272  9.219544
 1.000000 10.770330 11.045361
 1.000000  5.385165  5.656854
 1.000000  5.385165  5.656854
 1.000000  5.385165  5.656854
 1.000000  5.385165  5.656854
 1.000000  5.385165  5.656854
 1.000000  5.385165  5.656854
 1.000000  5.385165  5.656854
 1.000000  5.385165  5.656854
 1.000000  9.219544  9.486833
 1.000000  9.219544  9.486833
 1.000000  7.810250  8.062258
 1.000000  5.830952  6.082763
 1.000000  5.830952  6.082763
 1.000000  5.830952  6.082763
 1.000000  6.082763  6.324555
 1.000000  6.082763  6.324555
 1.000000  6.082763  6.324555
 1.000000  8.246211  8.485281
 1.000000  2.000000  2.236068
 1.000000  2.000000  2.236068
 1.000000  2.000000  2.236068
 1.000000  2.000000  2.236068
 1.000000  2.000000  2.236068
 1.000000  2.000000  2.236068
 1.000000  2.000000  2.236068
 1.000000  4.242641  4.472136
 1.000000  4.242641  4.472136
 1.000000  4.242641  4.472136
 1.000000 11.180340 11.401754
 1.000000  9.219544  9.433981
 1.000000  7.071068  7.280110
 1.000000  7.615773  7.810250
 1.000000  7.615773  7.810250
 1.000000  7.615773  7.810250
 1.000000  7.615773  7.810250
 1.000000  7.810250  8.000000
 1.000000  8.062258  8.246211
 1.000000  5.656854  5.830952
 1.000000  5.656854  5.830952
 1.000000  2.828427  3.000000
 1.000000  9.055385  9.219544
 1.000000  3.000000  3.162278
 1.000000  3.000000  3.162278
 1.000000  3.000000  3.162278
 1.000000  3.000000  3.162278
 1.000000  7.071068  7.211103
 1.000000  7.071068  7.211103
 1.000000  7.071068  7.211103
 1.000000  7.071068  7.211103
 1.000000  7.071068  7.211103
 1.000000  7.071068  7.211103
 1.000000  7.071068  7.211103
 1.000000 12.041595 12.165525
 1.000000 12.041595 12.165525
 1.000000  4.000000  4.123106
 1.000000  4.000000  4.123106
 1.000000  4.000000  4.123106
 1.000000  4.000000  4.123106
 1.000000  4.000000  4.123106
 1.000000  4.000000  4.123106
 1.000000  4.000000  4.123106
 1.000000  4.000000  4.123106
 1.000000  4.000000  4.123106
 1.000000  4.123106  4.242641
 1.000000  4.123106  4.242641
 1.000000  8.485281  8.602325
 1.000000  8.485281  8.602325
 1.000000  5.000000  5.099020
 1.000000 10.198039 10.295630
 1.000000  6.000000  6.082763
 1.000000  6.000000  6.082763
 1.000000  6.000000  6.082763
 1.000000  6.000000  6.082763
 1.000000  6.000000  6.082763
 1.000000  6.000000  6.082763
 1.000000  6.000000  6.082763
 1.000000  6.324555  6.403124
 1.000000  6.324555  6.403124
 1.000000  6.324555  6.403124
 1.000000  6.324555  6.403124
 1.000000  6.324555  6.403124
 1.000000  7.000000  7.071068
 1.000000  7.000000  7.071068
 1.000000  7.000000  7.071068
 1.000000  7.211103  7.280110
 1.000000  7.211103  7.280110
 1.000000  8.000000  8.062258
 1.000000  8.000000  8.062258
 1.000000  8.000000  8.062258
 1.000000  8.000000  8.062258
 1.000000  8.485281  8.544004
 1.000000  8.944272  9.000000
 1.000000  9.000000  9.055385
 1.000000 10.000000 10.049876
 1.000000 11.661904 11.704700
 0.000000 -21.095023       inf
 0.000000 -13.928388  2.000000
 0.000000 -16.278821 -1.000000
 0.000000 -9.848858  4.000000
 0.000000 -8.000000  4.000000
 0.000000 -10.630146  1.000000
 0.000000 -14.317821 -2.828427
 0.000000 -13.341664 -3.162278
 0.000000 -8.062258  2.000000
 0.000000 -13.928388 -4.000000
 0.000000 -13.892444 -4.242641
 0.000000 -6.324555  2.828427
 0.000000 -12.806248 -4.000000
 0.000000 -3.605551  5.000000
 0.000000 -13.000000 -5.000000
 0.000000 -12.041595 -4.472136
 0.000000 -12.206556 -5.000000
 0.000000 -5.000000  2.000000
 0.000000 -10.000000 -3.000000
 0.000000 -10.630146 -4.000000
 0.000000 -8.544004 -2.000000
 0.000000 -3.605551  2.236068
 0.000000 -12.369317 -6.708204
 0.000000 -11.401754 -5.830952
 0.000000 -13.000000 -7.810250
 0.000000 -11.180340 -6.708204
 0.000000 -2.236068  2.000000
 0.000000 -9.899495 -5.830952
 0.000000 -8.944272 -5.000000
 0.000000 -6.000000 -2.236068
 0.000000 -6.324555 -2.828427
 0.000000 -7.615773 -4.472136
 0.000000 -10.440307 -7.615773
 0.000000 -6.708204 -4.000000
 0.000000 -5.830952 -3.162278
 0.000000 -7.615773 -5.000000
 0.000000 -6.000000 -3.605551
 0.000000 -10.198039 -7.810250
 0.000000 -9.055385 -6.708204
 0.000000 -6.324555 -4.000000
 0.000000 -10.198039 -8.000000
 0.000000 -6.324555 -4.242641
 0.000000 -6.324555 -4.472136
 0.000000 -6.324555 -4.472136
 0.000000 -5.830952 -4.000000
 0.000000 -10.295630 -8.485281
 0.000000 -9.000000 -7.211103
 0.000000 -6.403124 -5.000000
 0.000000 -6.324555 -5.000000
 0.000000 -6.082763 -5.000000
 0.000000 -6.082763 -5.000000
 0.000000 -10.000000 -8.944272
 0.000000 -5.000000 -4.000000
 0.000000 -8.000000 -7.000000
 0.000000 -9.433981 -8.485281
 0.000000 -8.944272 -8.000000
 0.000000 -7.000000 -6.082763
 0.000000 -8.485281 -7.615773
 0.000000 -14.866069 -14.000000
 0.000000 -8.544004 -7.810250
 0.000000 -8.000000 -7.280110
 0.000000 -8.944272 -8.246211
 0.000000 -8.485281 -7.810250
 0.000000 -8.602325 -8.000000
 0.000000 -6.403124 -5.830952
 0.000000 -6.324555 -5.830952
 0.000000 -12.165525 -11.704700
 0.000000 -8.246211 -7.810250
 0.000000 -8.485281 -8.062258
 0.000000 -11.401754 -11.000000
 0.000000 -8.944272 -8.544004
 0.000000 -8.000000 -7.615773
 0.000000 -13.341664 -13.000000
 0.000000 -7.615773 -7.280110
 0.000000 -7.615773 -7.280110
 0.000000 -6.324555 -6.000000
 0.000000 -6.708204 -6.403124
 0.000000 -12.649111 -12.369317
 0.000000 -11.661904 -11.401754
 0.000000 -8.062258 -7.810250
 0.000000 -8.062258 -7.810250
 0.000000 -8.062258 -7.810250
 0.000000 -8.246211 -8.000000
 0.000000 -6.324555 -6.082763
 0.000000 -6.324555 -6.082763
 0.000000 -6.324555 -6.082763
 0.000000 -4.472136 -4.242641
 0.000000 -9.433981 -9.219544
 0.000000 -8.246211 -8.062258
 0.000000 -8.246211 -8.062258
 0.000000 -5.830952 -5.656854
 0.000000 -12.206556 -12.041595
 0.000000 -13.152946 -13.000000
 0.000000 -14.142136 -14.000000
 0.000000 -7.211103 -7.071068
 0.000000 -11.313708 -11.180340
 0.000000 -11.313708 -11.180340
 0.000000 -4.123106 -4.000000
 0.000000 -4.123106 -4.000000
 0.000000 -12.649111 -12.529964
 0.000000 -5.099020 -5.000000
 0.000000 -5.099020 -5.000000
 0.000000 -6.082763 -6.000000
 0.000000 -12.806248 -12.727922
 0.000000 -7.071068 -7.000000
 0.000000 -7.071068 -7.000000
 0.000000 -7.071068 -7.000000
 0.000000 -7.280110 -7.211103
 0.000000 -8.062258 -8.000000
 0.000000 -8.062258 -8.000000
 0.000000 -8.062258 -8.000000
 0.000000 -8.602325 -8.544004
 0.000000 -9.055385 -9.000000
 0.000000 -9.055385 -9.000000
 0.000000 -12.083046 -12.041595
 0.000000 -14.035669 -14.000000
