 1.000000  3.162278 14.764823
 1.000000  4.472136 13.453624
 1.000000  4.123106 13.038405
 1.000000  5.000000 12.083046
 1.000000 -6.000000  1.000000
 1.000000  1.414214  8.246211
 1.000000  4.472136 11.180340
 1.000000  6.708204 13.000000
 1.000000 -1.000000  5.000000
 1.000000  7.071068 12.727922
 1.000000 -3.605551  2.000000
 1.000000  4.000000  8.944272
 1.000000  3.000000  7.810250
 1.000000  5.000000  9.219544
 1.000000  1.000000  5.000000
 1.000000 -1.000000  2.828427
 1.000000  7.280110 11.045361
 1.000000  8.000000 11.661904
 1.000000  2.000000  5.000000
 1.000000  6.000000  9.000000
 1.000000 -1.414214  1.000000
 1.000000  5.000000  7.280110
 1.000000  7.000000  9.219544
 1.000000  3.162278  5.099020
 1.000000  1.000000  2.828427
 1.000000  9.000000 10.630146
 1.000000  4.472136  5.830952
 1.000000  6.708204  8.062258
 1.000000  7.615773  8.944272
 1.000000  8.602325  9.848858
 1.000000  2.000000  3.000000
 1.000000  1.000000  2.000000
 1.000000  6.324555  7.280110
 1.000000  4.472136  5.385165
 1.000000 11.180340 12.083046
 1.000000  8.062258  8.944272
 1.000000  3.605551  4.472136
 1.000000  5.000000  5.830952
 1.000000  5.000000  5.830952
 1.000000  2.000000  2.828427
 1.000000  1.414214  2.236068
 1.000000  7.280110  8.062258
 1.000000  2.236068  3.000000
 1.000000  4.242641  5.000000
 1.000000  5.656854  6.403124
 1.000000  7.280110  8.000000
 1.000000  5.000000  5.656854
 1.000000  5.000000  5.656854
 1.000000  5.000000  5.656854
 1.000000  3.605551  4.242641
 1.000000  3.605551  4.242641
 1.000000  3.605551  4.242641
 1.000000  3.605551  4.242641
 1.000000  3.605551  4.242641
 1.000000  3.605551  4.242641
 1.000000  3.605551  4.242641
 1.000000  3.605551  4.242641
 1.000000  4.472136  5.099020
 1.000000  3.000000  3.605551
 1.000000  2.236068  2.828427
 1.000000  2.236068  2.828427
 1.000000  2.236068  2.828427
 1.000000  2.236068  2.828427
 1.000000  2.236068  2.828427
 1.000000  2.236068  2.828427
 1.000000  2.236068  2.828427
 1.000000  2.236068  2.828427
 1.000000  2.236068  2.828427
 1.000000  5.830952  6.403124
 1.000000  5.830952  6.403124
 1.000000  9.433981 10.000000
 1.000000 10.630146 11.180340
 1.000000  7.071068  7.615773
 1.000000  4.472136  5.000000
 1.000000  4.472136  5.000000
 1.000000  4.472136  5.000000
 1.000000  4.472136  5.000000
 1.000000  4.472136  5.000000
 1.000000  4.472136  5.000000
 1.000000  4.472136  5.000000
 1.000000  4.472136  5.000000
 1.000000 11.180340 11.704700
 1.000000  3.605551  4.123106
 1.000000  6.708204  7.211103
 1.000000  6.708204  7.211103
 1.000000  6.708204  7.211103
 1.000000  6.708204  7.211103
 1.000000  6.708204  7.211103
 1.000000  6.708204  7.211103
 1.000000 10.816654 11.313708
 1.000000  8.944272  9.433981
 1.000000  8.485281  8.944272
 1.000000  9.848858 10.295630
 1.000000  3.162278  3.605551
 1.000000  3.162278  3.605551
 1.000000  3.162278  3.605551
 1.000000  3.162278  3.605551
 1.000000  3.162278  3.605551
 1.000000  3.162278  3.605551
 1.000000  3.162278  3.605551
 1.000000  3.162278  3.605551
 1.000000 13.453624 13.892444
 1.000000 11.661904 12.083046
 1.000000 13.000000 13.416408
 1.000000  1.000000  1.414214
 1.000000  1.000000  1.414214
 1.000000  1.000000  1.414214
 1.000000  1.000000  1.414214
 1.000000  1.000000  1.414214
 1.000000  1.000000  1.414214
 1.000000  1.000000  1.414214
 1.000000  1.000000  1.414214
 1.000000  1.000000  1.414214
 1.000000  7.211103  7.615773
 1.000000  7.211103  7.615773
 1.000000  7.211103  7.615773
 1.000000  8.544004  8.944272
 1.000000  9.899495 10.295630
 1.000000  3.605551  4.000000
 1.000000  5.000000  5.385165
 1.000000  5.000000  5.385165
 1.000000  5.000000  5.385165
 1.000000  6.324555  6.708204
 1.000000  6.708204  7.071068
 1.000000  6.708204  7.071068
 1.000000  4.123106  4.472136
 1.000000 11.704700 12.041595
 1.000000  7.280110  7.615773
 1.000000  7.280110  7.615773
 1.000000  7.280110  7.615773
 1.000000  7.280110  7.615773
 1.000000  7.280110  7.615773
 1.000000 10.295630 10.630146
 1.000000  2.828427  3.162278
 1.000000  2.828427  3.162278
 1.000000  2.828427  3.162278
 1.000000 13.892444 14.212670
 1.000000  6.403124  6.708204
 1.000000 10.000000 10.295630
 1.000000  5.099020  5.385165
 1.000000  5.099020  5.385165
 1.000000  5.099020  5.385165
 1.000000  7.000000  7.280110
 1.000000  8.944272  9.219544
 1.000000  8.944272  9.219544
 1.000000  5.385165  5.656854
 1.000000  5.385165  5.656854
 1.000000  5.385165  5.656854
 1.000000  5.385165  5.656854
 1.000000  9.219544  9.486833
 1.000000 11.401754 11.661904
 1.000000  5.830952  6.082763
 1.000000  6.082763  6.324555
 1.000000  6.082763  6.324555
 1.000000  6.082763  6.324555
 1.000000  2.000000  2.236068
 1.000000  2.000000  2.236068
 1.000000  2.000000  2.236068
 1.000000  2.000000  2.236068
 1.000000  2.000000  2.236068
 1.000000  2.000000  2.236068
 1.000000  2.000000  2.236068
 1.000000  2.000000  2.236068
 1.000000  2.000000  2.236068
 1.000000  2.000000  2.236068
 1.000000  4.242641  4.472136
 1.000000  4.242641  4.472136
 1.000000  4.242641  4.472136
 1.000000  9.219544  9.433981
 1.000000  9.219544  9.433981
 1.000000 14.212670 14.422205
 1.000000  7.071068  7.280110
 1.000000  7.071068  7.280110
 1.000000  7.615773  7.810250
 1.000000  7.615773  7.810250
 1.000000  7.615773  7.810250
 1.000000 10.440307 10.630146
 1.000000  8.062258  8.246211
 1.000000  8.062258  8.246211
 1.000000  8.062258  8.246211
 1.000000  5.656854  5.830952
 1.000000  2.828427  3.000000
 1.000000  2.828427  3.000000
 1.000000  2.828427  3.000000
 1.000000  9.055385  9.219544
 1.000000  3.000000  3.162278
 1.000000  3.000000  3.162278
 1.000000  3.000000  3.162278
 1.000000 13.453624 13.601471
 1.000000 10.295630 10.440307
 1.000000  7.071068  7.211103
 1.000000  7.071068  7.211103
 1.000000  7.071068  7.211103
 1.000000  7.071068  7.211103
 1.000000  7.071068  7.211103
 1.000000 11.045361 11.180340
 1.000000 11.045361 11.180340
 1.000000 11.180340 11.313708
 1.000000  4.000000  4.123106
 1.000000  4.000000  4.123106
 1.000000  4.000000  4.123106
 1.000000  4.000000  4.123106
 1.000000  4.000000  4.123106
 1.000000  4.123106  4.242641
 1.000000  4.123106  4.242641
 1.000000  8.485281  8.602325
 1.000000  5.000000  5.099020
 1.000000  5.000000  5.099020
 1.000000  5.000000  5.099020
 1.000000  5.000000  5.099020
 1.000000  5.000000  5.099020
 1.000000  5.000000  5.099020
 1.000000  5.000000  5.099020
 1.000000  6.000000  6.082763
 1.000000  6.000000  6.082763
 1.000000  6.000000  6.082763
 1.000000  6.324555  6.403124
 1.000000  6.324555  6.403124
 1.000000  7.000000  7.071068
 1.000000  7.000000  7.071068
 1.000000  8.000000  8.062258
 1.000000  8.000000  8.062258
 1.000000  8.000000  8.062258
 1.000000  8.000000  8.062258
 1.000000  8.000000  8.062258
 1.000000  8.000000  8.062258
 1.000000 12.000000 12.041595
 1.000000 12.000000 12.041595
 0.000000 -22.090722       inf
 0.000000 -17.691806  3.000000
 0.000000 -15.264338  3.162278
 0.000000 -15.231546  2.236068
 0.000000 -11.704700  3.000000
 0.000000 -11.661904  2.000000
 0.000000 -12.083046  1.000000
 0.000000 -10.000000  3.000000
 0.000000 -14.000000 -2.236068
 0.000000 -13.000000 -1.414214
 0.000000 -14.317821 -2.828427
 0.000000 -6.403124  3.000000
 0.000000 -7.000000  2.236068
 0.000000 -7.071068  1.414214
 0.000000 -12.369317 -4.472136
 0.000000 -10.630146 -2.828427
 0.000000 -11.704700 -5.099020
 0.000000 -12.041595 -6.000000
 0.000000 -9.219544 -4.123106
 0.000000 -6.000000 -1.000000
 0.000000 -9.848858 -5.000000
 0.000000 -10.000000 -5.385165
 0.000000 -12.369317 -7.810250
 0.000000 -10.049876 -6.000000
 0.000000 -8.544004 -5.000000
 0.000000 -6.403124 -3.162278
 0.000000 -9.000000 -5.830952
 0.000000 -6.082763 -3.000000
 0.000000 -11.000000 -8.000000
 0.000000 -8.000000 -5.000000
 0.000000 -2.000000  1.000000
 0.000000 -5.656854 -2.828427
 0.000000 -11.313708 -8.544004
 0.000000 -7.810250 -5.099020
 0.000000 -8.602325 -6.324555
 0.000000 -6.000000 -4.000000
 0.000000 -7.615773 -5.656854
 0.000000 -12.369317 -10.440307
 0.000000 -8.246211 -6.403124
 0.000000 -8.544004 -6.708204
 0.000000 -9.000000 -7.211103
 0.000000 -8.944272 -7.211103
 0.000000 -8.944272 -7.211103
 0.000000 -6.708204 -5.000000
 0.000000 -7.615773 -6.082763
 0.000000 -6.708204 -5.385165
 0.000000 -6.403124 -5.099020
 0.000000 -9.899495 -8.602325
 0.000000 -9.055385 -7.810250
 0.000000 -7.615773 -6.403124
 0.000000 -11.045361 -9.899495
 0.000000 -8.062258 -7.000000
 0.000000 -9.055385 -8.000000
 0.000000 -6.708204 -5.656854
 0.000000 -7.000000 -6.000000
 0.000000 -6.708204 -5.830952
 0.000000 -5.830952 -5.000000
 0.000000 -9.219544 -8.485281
 0.000000 -11.313708 -10.630146
 0.000000 -6.708204 -6.082763
 0.000000 -6.403124 -5.830952
 0.000000 -7.615773 -7.071068
 0.000000 -8.602325 -8.062258
 0.000000 -11.704700 -11.180340
 0.000000 -6.708204 -6.324555
 0.000000 -6.708204 -6.324555
 0.000000 -7.071068 -6.708204
 0.000000 -10.198039 -9.848858
 0.000000 -7.615773 -7.280110
 0.000000 -6.324555 -6.000000
 0.000000 -6.708204 -6.403124
 0.000000 -8.544004 -8.246211
 0.000000 -9.219544 -8.944272
 0.000000 -6.324555 -6.082763
 0.000000 -6.324555 -6.082763
 0.000000 -6.324555 -6.082763
 0.000000 -7.280110 -7.071068
 0.000000 -7.280110 -7.071068
 0.000000 -8.246211 -8.062258
 0.000000 -8.246211 -8.062258
 0.000000 -8.246211 -8.062258
 0.000000 -5.830952 -5.656854
 0.000000 -10.198039 -10.049876
 0.000000 -10.000000 -9.899495
 0.000000 -6.082763 -6.000000
 0.000000 -6.082763 -6.000000
 0.000000 -7.280110 -7.211103
 0.000000 -8.062258 -8.000000
 0.000000 -8.062258 -8.000000
 0.000000 -9.055385 -9.000000
 0.000000 -9.055385 -9.000000
 0.000000 -9.055385 -9.000000
 0.000000 -22.022716 -22.000000
