 1.000000 -1.000000 10.000000
 1.000000  5.000000 13.892444
 1.000000  6.000000 14.317821
 1.000000 -4.242641  4.000000
 1.000000 -2.236068  5.385165
 1.000000  3.605551 10.630146
 1.000000  2.000000  7.615773
 1.000000 -4.472136  1.000000
 1.000000  4.472136  9.848858
 1.000000  6.000000 11.045361
 1.000000 12.000000 17.000000
 1.000000 -2.828427  2.000000
 1.000000 -3.605551  1.000000
 1.000000  3.605551  8.062258
 1.000000  5.000000  8.602325
 1.000000  3.605551  7.000000
 1.000000  4.000000  7.211103
 1.000000  3.000000  6.082763
 1.000000 -1.000000  2.000000
 1.000000  6.324555  8.944272
 1.000000  9.055385 11.661904
 1.000000  1.000000  3.605551
 1.000000  1.000000  3.605551
 1.000000  4.242641  6.708204
 1.000000  2.828427  5.000000
 1.000000  1.000000  3.162278
 1.000000  2.236068  4.242641
 1.000000 -1.000000  1.000000
 1.000000  8.062258  9.848858
 1.000000  8.246211 10.000000
 1.000000  5.000000  6.708204
 1.000000  3.000000  4.472136
 1.000000  3.000000  4.472136
 1.000000  5.000000  6.324555
 1.000000  6.000000  7.211103
 1.000000  5.000000  6.082763
 1.000000  1.000000  2.000000
 1.000000  2.000000  3.000000
 1.000000  4.000000  5.000000
 1.000000  6.082763  7.071068
 1.000000  3.605551  4.472136
 1.000000  5.000000  5.830952
 1.000000  2.000000  2.828427
 1.000000 12.206556 13.000000
 1.000000  2.236068  3.000000
 1.000000  2.236068  3.000000
 1.000000  4.242641  5.000000
 1.000000  6.324555  7.071068
 1.000000  5.656854  6.403124
 1.000000  5.656854  6.403124
 1.000000  7.810250  8.485281
 1.000000  6.403124  7.071068
 1.000000  6.403124  7.071068
 1.000000  5.656854  6.324555
 1.000000  3.605551  4.242641
 1.000000  3.605551  4.242641
 1.000000  3.605551  4.242641
 1.000000  2.236068  2.828427
 1.000000  2.236068  2.828427
 1.000000  1.414214  2.000000
 1.000000  5.830952  6.403124
 1.000000  4.472136  5.000000
 1.000000  4.472136  5.000000
 1.000000  4.472136  5.000000
 1.000000  4.472136  5.000000
 1.000000  4.472136  5.000000
 1.000000  4.472136  5.000000
 1.000000  3.605551  4.123106
 1.000000  3.605551  4.123106
 1.000000  3.605551  4.123106
 1.000000  3.605551  4.123106
 1.000000  3.605551  4.123106
 1.000000  3.605551  4.123106
 1.000000  3.605551  4.123106
 1.000000  3.605551  4.123106
 1.000000  3.605551  4.123106
 1.000000  6.708204  7.211103
 1.000000  4.000000  4.472136
 1.000000 15.652476 16.124515
 1.000000  9.848858 10.295630
 1.000000  9.848858 10.295630
 1.000000  5.385165  5.830952
 1.000000  5.385165  5.830952
 1.000000  5.385165  5.830952
 1.000000  5.385165  5.830952
 1.000000  3.162278  3.605551
 1.000000  3.162278  3.605551
 1.000000  3.162278  3.605551
 1.000000  3.162278  3.605551
 1.000000  3.162278  3.605551
 1.000000  3.162278  3.605551
 1.000000  3.162278  3.605551
 1.000000  8.062258  8.485281
 1.000000  1.000000  1.414214
 1.000000  1.000000  1.414214
 1.000000  1.000000  1.414214
 1.000000  1.000000  1.414214
 1.000000  7.211103  7.615773
 1.000000  3.605551  4.000000
 1.000000  3.605551  4.000000
 1.000000  3.605551  4.000000
 1.000000  5.000000  5.385165
 1.000000  5.000000  5.385165
 1.000000  6.324555  6.708204
 1.000000  6.324555  6.708204
 1.000000 13.038405 13.416408
 1.000000  6.708204  7.071068
 1.000000  6.708204  7.071068
 1.000000  9.486833  9.848858
 1.000000  9.486833  9.848858
 1.000000 12.649111 13.000000
 1.000000  4.123106  4.472136
 1.000000  4.123106  4.472136
 1.000000  4.123106  4.472136
 1.000000  4.123106  4.472136
 1.000000  4.123106  4.472136
 1.000000  4.123106  4.472136
 1.000000  7.280110  7.615773
 1.000000  2.828427  3.162278
 1.000000  2.828427  3.162278
 1.000000  2.828427  3.162278
 1.000000  2.828427  3.162278
 1.000000  2.828427  3.162278
 1.000000 12.206556 12.529964
 1.000000 15.811388 16.124515
 1.000000  6.403124  6.708204
 1.000000  6.708204  7.000000
 1.000000  5.099020  5.385165
 1.000000  5.099020  5.385165
 1.000000  5.099020  5.385165
 1.000000  5.099020  5.385165
 1.000000  5.099020  5.385165
 1.000000 12.529964 12.806248
 1.000000 12.529964 12.806248
 1.000000  5.385165  5.656854
 1.000000  5.385165  5.656854
 1.000000  5.385165  5.656854
 1.000000 16.492423 16.763055
 1.000000 13.341664 13.601471
 1.000000 15.556349 15.811388
 1.000000 16.155494 16.401219
 1.000000 10.198039 10.440307
 1.000000  6.082763  6.324555
 1.000000  6.082763  6.324555
 1.000000  2.000000  2.236068
 1.000000  2.000000  2.236068
 1.000000  2.000000  2.236068
 1.000000  4.242641  4.472136
 1.000000  4.242641  4.472136
 1.000000  4.242641  4.472136
 1.000000  9.219544  9.433981
 1.000000  7.071068  7.280110
 1.000000  7.071068  7.280110
 1.000000 12.806248 13.000000
 1.000000 13.152946 13.341664
 1.000000  8.062258  8.246211
 1.000000  5.656854  5.830952
 1.000000  2.828427  3.000000
 1.000000  5.830952  6.000000
 1.000000  5.830952  6.000000
 1.000000  5.830952  6.000000
 1.000000  9.055385  9.219544
 1.000000  3.000000  3.162278
 1.000000  3.000000  3.162278
 1.000000  3.000000  3.162278
 1.000000  3.000000  3.162278
 1.000000  3.000000  3.162278
 1.000000  3.000000  3.162278
 1.000000 12.649111 12.806248
 1.000000  9.848858 10.000000
 1.000000 10.049876 10.198039
 1.000000 14.000000 14.142136
 1.000000  7.071068  7.211103
 1.000000  4.000000  4.123106
 1.000000  4.000000  4.123106
 1.000000  4.000000  4.123106
 1.000000  4.000000  4.123106
 1.000000  4.000000  4.123106
 1.000000  4.000000  4.123106
 1.000000  4.000000  4.123106
 1.000000  4.000000  4.123106
 1.000000  4.000000  4.123106
 1.000000  4.123106  4.242641
 1.000000  4.123106  4.242641
 1.000000  4.123106  4.242641
 1.000000  4.123106  4.242641
 1.000000  4.123106  4.242641
 1.000000  4.123106  4.242641
 1.000000  4.123106  4.242641
 1.000000  4.123106  4.242641
 1.000000  5.000000  5.099020
 1.000000  5.000000  5.099020
 1.000000  5.000000  5.099020
 1.000000  5.000000  5.099020
 1.000000  5.000000  5.099020
 1.000000  5.000000  5.099020
 1.000000  5.000000  5.099020
 1.000000  6.000000  6.082763
 1.000000  6.000000  6.082763
 1.000000  6.324555  6.403124
 1.000000  6.324555  6.403124
 1.000000  6.324555  6.403124
 1.000000  7.000000  7.071068
 1.000000  8.544004  8.602325
 1.000000 10.000000 10.049876
 1.000000 11.000000 11.045361
 1.000000 13.416408 13.453624
 1.000000 14.000000 14.035669
 1.000000 14.000000 14.035669
 0.000000 -18.384776       inf
 0.000000 -18.000000  2.000000
 0.000000 -12.041595  4.000000
 0.000000 -11.180340  2.828427
 0.000000 -16.492423 -3.000000
 0.000000 -8.944272  2.828427
 0.000000 -9.000000  2.000000
 0.000000 -7.071068  3.605551
 0.000000 -14.560220 -4.000000
 0.000000 -15.000000 -4.472136
 0.000000 -6.000000  4.472136
 0.000000 -12.369317 -2.000000
 0.000000 -6.000000  4.000000
 0.000000 -6.708204  2.000000
 0.000000 -6.000000  2.000000
 0.000000 -10.049876 -2.236068
 0.000000 -9.486833 -2.236068
 0.000000 -11.180340 -4.000000
 0.000000 -2.828427  4.123106
 0.000000 -13.453624 -7.000000
 0.000000 -11.313708 -5.000000
 0.000000 -12.649111 -7.000000
 0.000000 -16.492423 -11.045361
 0.000000 -11.401754 -6.000000
 0.000000 -12.206556 -7.000000
 0.000000 -3.162278  2.000000
 0.000000 -12.165525 -7.071068
 0.000000 -12.165525 -7.071068
 0.000000 -9.848858 -5.385165
 0.000000 -6.403124 -2.236068
 0.000000 -7.071068 -3.162278
 0.000000 -8.485281 -5.000000
 0.000000 -7.071068 -3.605551
 0.000000 -6.082763 -2.828427
 0.000000 -10.049876 -7.211103
 0.000000 -9.219544 -6.403124
 0.000000 -11.661904 -8.944272
 0.000000 -12.000000 -9.433981
 0.000000 -7.000000 -4.472136
 0.000000 -6.708204 -4.242641
 0.000000 -11.180340 -9.000000
 0.000000 -11.045361 -8.944272
 0.000000 -12.000000 -9.899495
 0.000000 -6.324555 -5.000000
 0.000000 -8.602325 -7.280110
 0.000000 -6.324555 -5.099020
 0.000000 -7.071068 -6.000000
 0.000000 -6.708204 -5.656854
 0.000000 -6.000000 -5.000000
 0.000000 -8.062258 -7.071068
 0.000000 -14.764823 -14.035669
 0.000000 -8.000000 -7.280110
 0.000000 -9.219544 -8.602325
 0.000000 -6.000000 -5.385165
 0.000000 -8.602325 -8.000000
 0.000000 -7.000000 -6.403124
 0.000000 -2.828427 -2.236068
 0.000000 -14.866069 -14.317821
 0.000000 -12.165525 -11.704700
 0.000000 -17.000000 -16.552945
 0.000000 -5.830952 -5.385165
 0.000000 -7.615773 -7.211103
 0.000000 -6.708204 -6.324555
 0.000000 -12.083046 -11.704700
 0.000000 -7.071068 -6.708204
 0.000000 -7.071068 -6.708204
 0.000000 -9.848858 -9.486833
 0.000000 -10.198039 -9.848858
 0.000000 -6.000000 -5.656854
 0.000000 -8.944272 -8.602325
 0.000000 -7.615773 -7.280110
 0.000000 -7.615773 -7.280110
 0.000000 -7.615773 -7.280110
 0.000000 -12.529964 -12.206556
 0.000000 -6.708204 -6.403124
 0.000000 -8.544004 -8.246211
 0.000000 -12.000000 -11.704700
 0.000000 -14.317821 -14.035669
 0.000000 -14.560220 -14.317821
 0.000000 -17.000000 -16.763055
 0.000000 -11.401754 -11.180340
 0.000000 -11.401754 -11.180340
 0.000000 -11.401754 -11.180340
 0.000000 -9.433981 -9.219544
 0.000000 -9.433981 -9.219544
 0.000000 -7.280110 -7.071068
 0.000000 -7.280110 -7.071068
 0.000000 -10.198039 -10.000000
 0.000000 -15.811388 -15.620499
 0.000000 -13.601471 -13.416408
 0.000000 -8.246211 -8.062258
 0.000000 -5.830952 -5.656854
 0.000000 -5.830952 -5.656854
 0.000000 -12.206556 -12.041595
 0.000000 -7.211103 -7.071068
 0.000000 -4.123106 -4.000000
 0.000000 -8.602325 -8.485281
 0.000000 -10.000000 -9.899495
 0.000000 -10.000000 -9.899495
 0.000000 -10.000000 -9.899495
 0.000000 -5.099020 -5.000000
 0.000000 -5.099020 -5.000000
 0.000000 -11.401754 -11.313708
 0.000000 -7.071068 -7.000000
 0.000000 -7.071068 -7.000000
 0.000000 -8.062258 -8.000000
 0.000000 -8.062258 -8.000000
 0.000000 -9.055385 -9.000000
 0.000000 -9.055385 -9.000000
 0.000000 -12.206556 -12.165525
 0.000000 -16.155494 -16.124515
