 1.000000  3.000000 14.000000
 1.000000  4.000000 14.035669
 1.000000 -1.414214  8.485281
 1.000000 -7.810250  2.000000
 1.000000 -2.000000  5.830952
 1.000000 -5.000000  2.828427
 1.000000 -5.656854  2.000000
 1.000000  5.000000 12.165525
 1.000000  2.236068  8.544004
 1.000000 -3.000000  2.828427
 1.000000  1.000000  6.324555
 1.000000  4.000000  8.944272
 1.000000  3.162278  8.000000
 1.000000 -2.828427  2.000000
 1.000000  3.162278  7.810250
 1.000000  4.000000  8.544004
 1.000000  2.828427  7.280110
 1.000000  2.828427  7.071068
 1.000000  2.828427  7.000000
 1.000000  4.000000  7.615773
 1.000000  4.000000  7.211103
 1.000000  4.000000  7.211103
 1.000000  5.830952  8.944272
 1.000000  4.000000  6.708204
 1.000000  3.162278  5.656854
 1.000000 -1.414214  1.000000
 1.000000 -1.000000  1.414214
 1.000000  3.605551  5.830952
 1.000000  3.000000  5.000000
 1.000000  1.000000  3.000000
 1.000000 -1.000000  1.000000
 1.000000  4.000000  5.830952
 1.000000  1.000000  2.828427
 1.000000  2.236068  4.000000
 1.000000  4.472136  5.830952
 1.000000  3.000000  4.242641
 1.000000  2.828427  4.000000
 1.000000  2.828427  4.000000
 1.000000  2.000000  3.162278
 1.000000  7.000000  8.062258
 1.000000  5.385165  6.403124
 1.000000  6.000000  7.000000
 1.000000 10.000000 11.000000
 1.000000  4.000000  5.000000
 1.000000  6.082763  7.000000
 1.000000  3.605551  4.472136
 1.000000  4.242641  5.099020
 1.000000  1.414214  2.236068
 1.000000  7.000000  7.810250
 1.000000  2.828427  3.605551
 1.000000  2.828427  3.605551
 1.000000  2.828427  3.605551
 1.000000  2.236068  3.000000
 1.000000  4.242641  5.000000
 1.000000  4.242641  5.000000
 1.000000  4.242641  5.000000
 1.000000  5.099020  5.830952
 1.000000  6.403124  7.071068
 1.000000  5.656854  6.324555
 1.000000  5.000000  5.656854
 1.000000  3.605551  4.242641
 1.000000  3.605551  4.242641
 1.000000  3.605551  4.242641
 1.000000  4.472136  5.099020
 1.000000  4.472136  5.099020
 1.000000  3.000000  3.605551
 1.000000 12.206556 12.806248
 1.000000  2.236068  2.828427
 1.000000  2.236068  2.828427
 1.000000  2.236068  2.828427
 1.000000  2.236068  2.828427
 1.000000  2.236068  2.828427
 1.000000  2.236068  2.828427
 1.000000  2.236068  2.828427
 1.000000  2.236068  2.828427
 1.000000  2.236068  2.828427
 1.000000  2.236068  2.828427
 1.000000  2.236068  2.828427
 1.000000  2.236068  2.828427
 1.000000  2.236068  2.828427
 1.000000  2.236068  2.828427
 1.000000  2.236068  2.828427
 1.000000  1.414214  2.000000
 1.000000  1.414214  2.000000
 1.000000  1.414214  2.000000
 1.000000  1.414214  2.000000
 1.000000  1.414214  2.000000
 1.000000  1.414214  2.000000
 1.000000  6.708204  7.280110
 1.000000  7.071068  7.615773
 1.000000  7.071068  7.615773
 1.000000  4.472136  5.000000
 1.000000  4.472136  5.000000
 1.000000  4.472136  5.000000
 1.000000  4.472136  5.000000
 1.000000  4.472136  5.000000
 1.000000  4.472136  5.000000
 1.000000  4.472136  5.000000
 1.000000  4.472136  5.000000
 1.000000  3.605551  4.123106
 1.000000  3.605551  4.123106
 1.000000  3.605551  4.123106
 1.000000  3.605551  4.123106
 1.000000  6.708204  7.211103
 1.000000  5.830952  6.324555
 1.000000  5.830952  6.324555
 1.000000  5.830952  6.324555
 1.000000  5.830952  6.324555
 1.000000  5.830952  6.324555
 1.000000  5.830952  6.324555
 1.000000  5.830952  6.324555
 1.000000  5.830952  6.324555
 1.000000  8.062258  8.544004
 1.000000 10.295630 10.770330
 1.000000  4.000000  4.472136
 1.000000  7.615773  8.062258
 1.000000  5.385165  5.830952
 1.000000  5.385165  5.830952
 1.000000  5.385165  5.830952
 1.000000  5.385165  5.830952
 1.000000  5.385165  5.830952
 1.000000  3.162278  3.605551
 1.000000  3.162278  3.605551
 1.000000  3.162278  3.605551
 1.000000  3.162278  3.605551
 1.000000  3.162278  3.605551
 1.000000  3.162278  3.605551
 1.000000  3.162278  3.605551
 1.000000  3.162278  3.605551
 1.000000  3.162278  3.605551
 1.000000  3.162278  3.605551
 1.000000  3.162278  3.605551
 1.000000  3.162278  3.605551
 1.000000  3.162278  3.605551
 1.000000  1.000000  1.414214
 1.000000  1.000000  1.414214
 1.000000  1.000000  1.414214
 1.000000  1.000000  1.414214
 1.000000  1.000000  1.414214
 1.000000  1.000000  1.414214
 1.000000  1.000000  1.414214
 1.000000  1.000000  1.414214
 1.000000  1.000000  1.414214
 1.000000  1.000000  1.414214
 1.000000 10.770330 11.180340
 1.000000  3.605551  4.000000
 1.000000  5.000000  5.385165
 1.000000  6.324555  6.708204
 1.000000  6.324555  6.708204
 1.000000  6.324555  6.708204
 1.000000 12.165525 12.529964
 1.000000  6.708204  7.071068
 1.000000 12.649111 13.000000
 1.000000  4.123106  4.472136
 1.000000  4.123106  4.472136
 1.000000  4.123106  4.472136
 1.000000  4.123106  4.472136
 1.000000  4.123106  4.472136
 1.000000  4.123106  4.472136
 1.000000  7.280110  7.615773
 1.000000  7.280110  7.615773
 1.000000 10.295630 10.630146
 1.000000 10.295630 10.630146
 1.000000  2.828427  3.162278
 1.000000  2.828427  3.162278
 1.000000  2.828427  3.162278
 1.000000 10.440307 10.770330
 1.000000 12.206556 12.529964
 1.000000  6.403124  6.708204
 1.000000  6.403124  6.708204
 1.000000  6.403124  6.708204
 1.000000  6.403124  6.708204
 1.000000  6.403124  6.708204
 1.000000  6.403124  6.708204
 1.000000  6.403124  6.708204
 1.000000  8.246211  8.544004
 1.000000  8.246211  8.544004
 1.000000  5.099020  5.385165
 1.000000  5.099020  5.385165
 1.000000  5.099020  5.385165
 1.000000  7.000000  7.280110
 1.000000  7.000000  7.280110
 1.000000  5.385165  5.656854
 1.000000  5.385165  5.656854
 1.000000  7.810250  8.062258
 1.000000  5.830952  6.082763
 1.000000  6.082763  6.324555
 1.000000  6.082763  6.324555
 1.000000  2.000000  2.236068
 1.000000  2.000000  2.236068
 1.000000  2.000000  2.236068
 1.000000  2.000000  2.236068
 1.000000  2.000000  2.236068
 1.000000  2.000000  2.236068
 1.000000  4.242641  4.472136
 1.000000  4.242641  4.472136
 1.000000  4.242641  4.472136
 1.000000  4.242641  4.472136
 1.000000  4.242641  4.472136
 1.000000  4.242641  4.472136
 1.000000  4.242641  4.472136
 1.000000 11.180340 11.401754
 1.000000 11.180340 11.401754
 1.000000  7.071068  7.280110
 1.000000  7.071068  7.280110
 1.000000 12.529964 12.727922
 1.000000  7.615773  7.810250
 1.000000 13.152946 13.341664
 1.000000 13.152946 13.341664
 1.000000  8.062258  8.246211
 1.000000  8.062258  8.246211
 1.000000  8.062258  8.246211
 1.000000  5.656854  5.830952
 1.000000  5.656854  5.830952
 1.000000  5.656854  5.830952
 1.000000  2.828427  3.000000
 1.000000  2.828427  3.000000
 1.000000  2.828427  3.000000
 1.000000  5.830952  6.000000
 1.000000  9.055385  9.219544
 1.000000  3.000000  3.162278
 1.000000  3.000000  3.162278
 1.000000  3.000000  3.162278
 1.000000  3.000000  3.162278
 1.000000  3.000000  3.162278
 1.000000  3.000000  3.162278
 1.000000  3.000000  3.162278
 1.000000  3.000000  3.162278
 1.000000  3.000000  3.162278
 1.000000  3.000000  3.162278
 1.000000  3.000000  3.162278
 1.000000 12.649111 12.806248
 1.000000 10.630146 10.770330
 1.000000  7.071068  7.211103
 1.000000  7.071068  7.211103
 1.000000  4.000000  4.123106
 1.000000  4.000000  4.123106
 1.000000  4.000000  4.123106
 1.000000  4.000000  4.123106
 1.000000  4.000000  4.123106
 1.000000  4.000000  4.123106
 1.000000  4.000000  4.123106
 1.000000  4.000000  4.123106
 1.000000  4.000000  4.123106
 1.000000  4.000000  4.123106
 1.000000  4.000000  4.123106
 1.000000  4.000000  4.123106
 1.000000  4.123106  4.242641
 1.000000  4.123106  4.242641
 1.000000  8.485281  8.602325
 1.000000  5.000000  5.099020
 1.000000  5.000000  5.099020
 1.000000  5.000000  5.099020
 1.000000  5.000000  5.099020
 1.000000  5.000000  5.099020
 1.000000  5.000000  5.099020
 1.000000  5.000000  5.099020
 1.000000  5.000000  5.099020
 1.000000  5.000000  5.099020
 1.000000  6.000000  6.082763
 1.000000  6.000000  6.082763
 1.000000  6.000000  6.082763
 1.000000  6.000000  6.082763
 1.000000 12.083046 12.165525
 1.000000  6.324555  6.403124
 1.000000  6.324555  6.403124
 1.000000  6.324555  6.403124
 1.000000  7.000000  7.071068
 1.000000  7.000000  7.071068
 1.000000  8.000000  8.062258
 1.000000  8.000000  8.062258
 1.000000  8.000000  8.062258
 1.000000  8.544004  8.602325
 1.000000  8.544004  8.602325
 1.000000 12.041595 12.083046
 0.000000 -23.021729       inf
 0.000000 -13.000000  2.236068
 0.000000 -20.518285 -5.830952
 0.000000 -11.661904  2.000000
 0.000000 -9.219544  4.242641
 0.000000 -10.295630  2.236068
 0.000000 -11.000000  1.414214
 0.000000 -9.899495  2.236068
 0.000000 -7.810250  3.605551
 0.000000 -10.198039  1.000000
 0.000000 -9.219544  1.414214
 0.000000 -7.000000  3.605551
 0.000000 -6.000000  4.242641
 0.000000 -9.219544  1.000000
 0.000000 -7.071068  2.236068
 0.000000 -6.000000  3.000000
 0.000000 -12.083046 -3.605551
 0.000000 -9.219544 -1.000000
 0.000000 -6.000000  1.414214
 0.000000 -14.000000 -7.000000
 0.000000 -9.219544 -2.236068
 0.000000 -5.830952  1.000000
 0.000000 -11.661904 -5.000000
 0.000000 -5.385165  1.000000
 0.000000 -7.615773 -2.000000
 0.000000 -9.486833 -4.123106
 0.000000 -2.828427  2.236068
 0.000000 -12.083046 -7.071068
 0.000000 -12.806248 -8.000000
 0.000000 -11.661904 -7.000000
 0.000000 -8.544004 -4.000000
 0.000000 -8.544004 -4.000000
 0.000000 -8.062258 -3.605551
 0.000000 -1.414214  2.828427
 0.000000 -5.000000 -1.000000
 0.000000 -8.944272 -5.000000
 0.000000 -12.000000 -8.062258
 0.000000 -7.000000 -3.162278
 0.000000 -6.000000 -2.236068
 0.000000 -6.403124 -3.162278
 0.000000 -7.810250 -5.000000
 0.000000 -8.246211 -5.656854
 0.000000 -11.000000 -8.485281
 0.000000 -6.403124 -4.000000
 0.000000 -6.000000 -3.605551
 0.000000 -8.485281 -6.403124
 0.000000 -5.000000 -3.000000
 0.000000 -7.000000 -5.099020
 0.000000 -3.605551 -2.000000
 0.000000 -11.401754 -9.848858
 0.000000 -7.810250 -6.324555
 0.000000 -10.049876 -8.602325
 0.000000 -12.041595 -10.770330
 0.000000 -7.211103 -6.082763
 0.000000 -7.810250 -6.708204
 0.000000 -8.062258 -7.000000
 0.000000 -10.049876 -9.000000
 0.000000 -8.000000 -7.000000
 0.000000 -5.830952 -5.000000
 0.000000 -8.000000 -7.280110
 0.000000 -6.708204 -6.000000
 0.000000 -6.708204 -6.000000
 0.000000 -6.708204 -6.000000
 0.000000 -11.180340 -10.630146
 0.000000 -7.615773 -7.071068
 0.000000 -7.615773 -7.071068
 0.000000 -6.324555 -5.830952
 0.000000 -8.944272 -8.485281
 0.000000 -8.062258 -7.615773
 0.000000 -3.605551 -3.162278
 0.000000 -13.416408 -13.000000
 0.000000 -1.414214 -1.000000
 0.000000 -7.615773 -7.211103
 0.000000 -11.180340 -10.816654
 0.000000 -10.198039 -9.848858
 0.000000 -13.341664 -13.000000
 0.000000 -6.708204 -6.403124
 0.000000 -6.708204 -6.403124
 0.000000 -11.704700 -11.401754
 0.000000 -5.385165 -5.099020
 0.000000 -8.062258 -7.810250
 0.000000 -6.324555 -6.082763
 0.000000 -11.401754 -11.180340
 0.000000 -7.211103 -7.000000
 0.000000 -7.810250 -7.615773
 0.000000 -8.246211 -8.062258
 0.000000 -5.830952 -5.656854
 0.000000 -5.830952 -5.656854
 0.000000 -9.219544 -9.055385
 0.000000 -12.369317 -12.206556
 0.000000 -22.360680 -22.203603
 0.000000 -13.152946 -13.000000
 0.000000 -10.198039 -10.049876
 0.000000 -7.211103 -7.071068
 0.000000 -11.180340 -11.045361
 0.000000 -4.123106 -4.000000
 0.000000 -8.602325 -8.485281
 0.000000 -5.099020 -5.000000
 0.000000 -10.295630 -10.198039
 0.000000 -10.295630 -10.198039
 0.000000 -10.295630 -10.198039
 0.000000 -11.401754 -11.313708
 0.000000 -6.082763 -6.000000
 0.000000 -6.082763 -6.000000
 0.000000 -6.403124 -6.324555
 0.000000 -6.403124 -6.324555
 0.000000 -7.071068 -7.000000
 0.000000 -7.071068 -7.000000
 0.000000 -7.071068 -7.000000
 0.000000 -7.280110 -7.211103
 0.000000 -7.280110 -7.211103
 0.000000 -8.062258 -8.000000
 0.000000 -8.062258 -8.000000
 0.000000 -8.544004 -8.485281
 0.000000 -9.055385 -9.000000
 0.000000 -9.055385 -9.000000
 0.000000 -12.041595 -12.000000
 0.000000 -12.041595 -12.000000
