 1.000000  1.000000 13.000000
 1.000000 -7.211103  4.472136
 1.000000  2.828427 14.317821
 1.000000 -2.828427  5.000000
 1.000000 -6.324555  1.414214
 1.000000  7.810250 14.560220
 1.000000  2.000000  8.544004
 1.000000  3.605551 10.049876
 1.000000  4.000000 10.000000
 1.000000 -2.236068  3.000000
 1.000000  4.000000  9.219544
 1.000000  3.162278  8.062258
 1.000000  6.000000  9.848858
 1.000000  9.055385 12.806248
 1.000000  5.830952  9.055385
 1.000000  6.000000  9.219544
 1.000000  1.000000  4.123106
 1.000000  2.000000  5.000000
 1.000000 -1.000000  2.000000
 1.000000  9.055385 12.041595
 1.000000  1.000000  3.605551
 1.000000  2.828427  5.000000
 1.000000  3.000000  5.099020
 1.000000 11.000000 13.000000
 1.000000  2.000000  4.000000
 1.000000  6.403124  8.062258
 1.000000  2.828427  4.472136
 1.000000  7.000000  8.485281
 1.000000  3.000000  4.472136
 1.000000  8.602325 10.000000
 1.000000  2.236068  3.605551
 1.000000 12.727922 14.000000
 1.000000  5.830952  7.071068
 1.000000  5.000000  6.082763
 1.000000  4.000000  5.000000
 1.000000  6.082763  7.071068
 1.000000  9.486833 10.440307
 1.000000  2.236068  3.162278
 1.000000  7.211103  8.062258
 1.000000  2.828427  3.605551
 1.000000  2.828427  3.605551
 1.000000  2.828427  3.605551
 1.000000  2.828427  3.605551
 1.000000  2.828427  3.605551
 1.000000  2.236068  3.000000
 1.000000  4.242641  5.000000
 1.000000  8.485281  9.219544
 1.000000  7.810250  8.485281
 1.000000  6.403124  7.071068
 1.000000  5.000000  5.656854
 1.000000  3.605551  4.242641
 1.000000  3.605551  4.242641
 1.000000 10.000000 10.630146
 1.000000  9.219544  9.848858
 1.000000  8.602325  9.219544
 1.000000  5.385165  6.000000
 1.000000  7.211103  7.810250
 1.000000  6.403124  7.000000
 1.000000  2.236068  2.828427
 1.000000  2.236068  2.828427
 1.000000  2.236068  2.828427
 1.000000  2.236068  2.828427
 1.000000  2.236068  2.828427
 1.000000  2.236068  2.828427
 1.000000  2.236068  2.828427
 1.000000  2.236068  2.828427
 1.000000  2.236068  2.828427
 1.000000  2.236068  2.828427
 1.000000  2.236068  2.828427
 1.000000  2.236068  2.828427
 1.000000  2.236068  2.828427
 1.000000  1.414214  2.000000
 1.000000  5.830952  6.403124
 1.000000  5.830952  6.403124
 1.000000 10.630146 11.180340
 1.000000  8.062258  8.602325
 1.000000  8.062258  8.602325
 1.000000  7.280110  7.810250
 1.000000  4.472136  5.000000
 1.000000  4.472136  5.000000
 1.000000  4.472136  5.000000
 1.000000  3.605551  4.123106
 1.000000  3.605551  4.123106
 1.000000  3.605551  4.123106
 1.000000  8.485281  9.000000
 1.000000  6.708204  7.211103
 1.000000  6.708204  7.211103
 1.000000 10.816654 11.313708
 1.000000  8.944272  9.433981
 1.000000  8.944272  9.433981
 1.000000  8.062258  8.544004
 1.000000  4.000000  4.472136
 1.000000 12.083046 12.529964
 1.000000  7.615773  8.062258
 1.000000  7.615773  8.062258
 1.000000  5.385165  5.830952
 1.000000  5.385165  5.830952
 1.000000  5.385165  5.830952
 1.000000  3.162278  3.605551
 1.000000  3.162278  3.605551
 1.000000  3.162278  3.605551
 1.000000  3.162278  3.605551
 1.000000  3.162278  3.605551
 1.000000  3.162278  3.605551
 1.000000  3.162278  3.605551
 1.000000  3.162278  3.605551
 1.000000  3.162278  3.605551
 1.000000  3.162278  3.605551
 1.000000  3.162278  3.605551
 1.000000  3.162278  3.605551
 1.000000  3.162278  3.605551
 1.000000 13.000000 13.416408
 1.000000 13.000000 13.416408
 1.000000  7.211103  7.615773
 1.000000 11.000000 11.401754
 1.000000  8.544004  8.944272
 1.000000  8.544004  8.944272
 1.000000  8.544004  8.944272
 1.000000  8.544004  8.944272
 1.000000  8.544004  8.944272
 1.000000  9.899495 10.295630
 1.000000  3.605551  4.000000
 1.000000  3.605551  4.000000
 1.000000  3.605551  4.000000
 1.000000  5.000000  5.385165
 1.000000  5.000000  5.385165
 1.000000  6.324555  6.708204
 1.000000  6.324555  6.708204
 1.000000  6.324555  6.708204
 1.000000 11.661904 12.041595
 1.000000 11.704700 12.083046
 1.000000 12.165525 12.529964
 1.000000  6.708204  7.071068
 1.000000  6.708204  7.071068
 1.000000  6.708204  7.071068
 1.000000  9.486833  9.848858
 1.000000  9.486833  9.848858
 1.000000 12.649111 13.000000
 1.000000  4.123106  4.472136
 1.000000  4.123106  4.472136
 1.000000  4.123106  4.472136
 1.000000  4.123106  4.472136
 1.000000  8.602325  8.944272
 1.000000  7.280110  7.615773
 1.000000  7.280110  7.615773
 1.000000 10.295630 10.630146
 1.000000 10.295630 10.630146
 1.000000  2.828427  3.162278
 1.000000  2.828427  3.162278
 1.000000  2.828427  3.162278
 1.000000  2.828427  3.162278
 1.000000  2.828427  3.162278
 1.000000  6.000000  6.324555
 1.000000 12.206556 12.529964
 1.000000 12.727922 13.038405
 1.000000  6.403124  6.708204
 1.000000  6.403124  6.708204
 1.000000 11.401754 11.704700
 1.000000  9.899495 10.198039
 1.000000  8.246211  8.544004
 1.000000 11.704700 12.000000
 1.000000  6.708204  7.000000
 1.000000 12.083046 12.369317
 1.000000  5.099020  5.385165
 1.000000  5.099020  5.385165
 1.000000  5.099020  5.385165
 1.000000  5.099020  5.385165
 1.000000  5.099020  5.385165
 1.000000  5.099020  5.385165
 1.000000  7.000000  7.280110
 1.000000 12.369317 12.649111
 1.000000  8.944272  9.219544
 1.000000  8.944272  9.219544
 1.000000  5.385165  5.656854
 1.000000  5.385165  5.656854
 1.000000  9.219544  9.486833
 1.000000  9.219544  9.486833
 1.000000  9.219544  9.486833
 1.000000 13.152946 13.416408
 1.000000  7.810250  8.062258
 1.000000  7.810250  8.062258
 1.000000  7.810250  8.062258
 1.000000 10.198039 10.440307
 1.000000 10.198039 10.440307
 1.000000 10.198039 10.440307
 1.000000  8.246211  8.485281
 1.000000  2.000000  2.236068
 1.000000  2.000000  2.236068
 1.000000 12.806248 13.038405
 1.000000  4.242641  4.472136
 1.000000  4.242641  4.472136
 1.000000  4.242641  4.472136
 1.000000  4.242641  4.472136
 1.000000 11.180340 11.401754
 1.000000  7.071068  7.280110
 1.000000  7.071068  7.280110
 1.000000 10.000000 10.198039
 1.000000  7.615773  7.810250
 1.000000  7.615773  7.810250
 1.000000 13.152946 13.341664
 1.000000  8.062258  8.246211
 1.000000  2.828427  3.000000
 1.000000  2.828427  3.000000
 1.000000  2.828427  3.000000
 1.000000  2.828427  3.000000
 1.000000  2.828427  3.000000
 1.000000  9.055385  9.219544
 1.000000  9.055385  9.219544
 1.000000  9.055385  9.219544
 1.000000  3.000000  3.162278
 1.000000  3.000000  3.162278
 1.000000  3.000000  3.162278
 1.000000  3.000000  3.162278
 1.000000  3.000000  3.162278
 1.000000  3.000000  3.162278
 1.000000  3.000000  3.162278
 1.000000  3.000000  3.162278
 1.000000  3.000000  3.162278
 1.000000  9.848858 10.000000
 1.000000 13.453624 13.601471
 1.000000  7.071068  7.211103
 1.000000  7.071068  7.211103
 1.000000 11.045361 11.180340
 1.000000 11.180340 11.313708
 1.000000 12.083046 12.206556
 1.000000  4.000000  4.123106
 1.000000  4.000000  4.123106
 1.000000  4.000000  4.123106
 1.000000  4.000000  4.123106
 1.000000  4.000000  4.123106
 1.000000  4.000000  4.123106
 1.000000  4.000000  4.123106
 1.000000  4.000000  4.123106
 1.000000  4.123106  4.242641
 1.000000  4.123106  4.242641
 1.000000  4.123106  4.242641
 1.000000  4.123106  4.242641
 1.000000 14.035669 14.142136
 1.000000  9.899495 10.000000
 1.000000  5.000000  5.099020
 1.000000  5.000000  5.099020
 1.000000  5.000000  5.099020
 1.000000  6.000000  6.082763
 1.000000  6.000000  6.082763
 1.000000  6.000000  6.082763
 1.000000  6.324555  6.403124
 1.000000  6.324555  6.403124
 1.000000  6.324555  6.403124
 1.000000  6.324555  6.403124
 1.000000  6.324555  6.403124
 1.000000  6.324555  6.403124
 1.000000  7.000000  7.071068
 1.000000  7.000000  7.071068
 1.000000  7.000000  7.071068
 1.000000  7.211103  7.280110
 1.000000  7.211103  7.280110
 1.000000  8.000000  8.062258
 1.000000  8.000000  8.062258
 1.000000  8.485281  8.544004
 1.000000  9.000000  9.055385
 1.000000  9.000000  9.055385
 1.000000 10.000000 10.049876
 1.000000 10.000000 10.049876
 1.000000 11.000000 11.045361
 1.000000 11.000000 11.045361
 1.000000 11.661904 11.704700
 1.000000 12.000000 12.041595
 1.000000 13.416408 13.453624
 1.000000 13.892444 13.928388
 0.000000 -18.973666       inf
 0.000000 -16.278821  2.000000
 0.000000 -11.000000  6.403124
 0.000000 -10.198039  4.123106
 0.000000 -16.124515 -2.828427
 0.000000 -15.524175 -3.000000
 0.000000 -10.000000  2.236068
 0.000000 -10.198039  2.000000
 0.000000 -9.219544  2.828427
 0.000000 -8.944272  3.000000
 0.000000 -10.630146  1.000000
 0.000000 -8.485281  2.236068
 0.000000 -8.000000  2.000000
 0.000000 -13.601471 -4.123106
 0.000000 -8.062258  1.414214
 0.000000 -6.324555  3.000000
 0.000000 -4.123106  4.472136
 0.000000 -6.000000  2.236068
 0.000000 -6.082763  2.000000
 0.000000 -11.401754 -3.605551
 0.000000 -5.656854  2.000000
 0.000000 -13.416408 -5.830952
 0.000000 -4.472136  3.000000
 0.000000 -6.324555  1.000000
 0.000000 -12.000000 -5.000000
 0.000000 -13.000000 -6.403124
 0.000000 -13.000000 -6.403124
 0.000000 -11.313708 -5.000000
 0.000000 -13.928388 -7.615773
 0.000000 -7.280110 -3.000000
 0.000000 -1.414214  2.000000
 0.000000 -6.000000 -3.000000
 0.000000 -8.000000 -5.099020
 0.000000 -9.219544 -6.324555
 0.000000 -6.403124 -3.605551
 0.000000 -9.055385 -6.403124
 0.000000 -7.615773 -5.000000
 0.000000 -9.486833 -7.071068
 0.000000 -6.324555 -4.000000
 0.000000 -6.324555 -4.000000
 0.000000 -9.219544 -7.000000
 0.000000 -9.055385 -7.071068
 0.000000 -7.000000 -5.099020
 0.000000 -6.000000 -4.242641
 0.000000 -6.708204 -5.000000
 0.000000 -9.219544 -7.615773
 0.000000 -11.401754 -10.000000
 0.000000 -9.899495 -8.544004
 0.000000 -6.324555 -5.000000
 0.000000 -6.324555 -5.000000
 0.000000 -6.324555 -5.000000
 0.000000 -8.246211 -7.211103
 0.000000 -13.000000 -12.041595
 0.000000 -8.000000 -7.071068
 0.000000 -6.000000 -5.099020
 0.000000 -8.485281 -7.615773
 0.000000 -8.000000 -7.211103
 0.000000 -8.062258 -7.280110
 0.000000 -8.000000 -7.280110
 0.000000 -7.071068 -6.403124
 0.000000 -6.324555 -5.656854
 0.000000 -9.219544 -8.602325
 0.000000 -7.615773 -7.000000
 0.000000 -10.440307 -9.848858
 0.000000 -7.211103 -6.708204
 0.000000 -6.082763 -5.656854
 0.000000 -7.615773 -7.211103
 0.000000 -8.000000 -7.615773
 0.000000 -6.708204 -6.324555
 0.000000 -6.708204 -6.324555
 0.000000 -7.615773 -7.280110
 0.000000 -6.708204 -6.403124
 0.000000 -6.708204 -6.403124
 0.000000 -6.708204 -6.403124
 0.000000 -10.295630 -10.000000
 0.000000 -5.385165 -5.099020
 0.000000 -6.324555 -6.082763
 0.000000 -11.401754 -11.180340
 0.000000 -11.401754 -11.180340
 0.000000 -9.219544 -9.000000
 0.000000 -7.211103 -7.000000
 0.000000 -7.280110 -7.071068
 0.000000 -10.630146 -10.440307
 0.000000 -10.816654 -10.630146
 0.000000 -3.162278 -3.000000
 0.000000 -10.770330 -10.630146
 0.000000 -7.211103 -7.071068
 0.000000 -7.211103 -7.071068
 0.000000 -4.123106 -4.000000
 0.000000 -14.317821 -14.212670
 0.000000 -10.000000 -9.899495
 0.000000 -10.295630 -10.198039
 0.000000 -6.082763 -6.000000
 0.000000 -6.082763 -6.000000
 0.000000 -6.403124 -6.324555
 0.000000 -7.071068 -7.000000
 0.000000 -7.071068 -7.000000
 0.000000 -7.280110 -7.211103
 0.000000 -7.280110 -7.211103
 0.000000 -7.280110 -7.211103
 0.000000 -7.280110 -7.211103
 0.000000 -8.062258 -8.000000
 0.000000 -8.062258 -8.000000
 0.000000 -8.062258 -8.000000
 0.000000 -8.062258 -8.000000
 0.000000 -8.062258 -8.000000
 0.000000 -8.062258 -8.000000
 0.000000 -9.486833 -9.433981
 0.000000 -9.486833 -9.433981
 0.000000 -15.652476 -15.620499
