 1.000000 -5.656854  5.656854
 1.000000 -5.000000  4.242641
 1.000000  5.000000 13.341664
 1.000000  3.000000 11.180340
 1.000000  2.236068  9.899495
 1.000000  3.162278 10.770330
 1.000000 -1.414214  5.830952
 1.000000  2.000000  8.544004
 1.000000 -3.162278  3.000000
 1.000000  3.000000  8.944272
 1.000000  5.000000 10.770330
 1.000000 -2.236068  3.162278
 1.000000  3.000000  8.062258
 1.000000  6.082763 10.770330
 1.000000 -1.414214  3.000000
 1.000000  2.828427  6.708204
 1.000000 10.000000 13.601471
 1.000000 -2.000000  1.414214
 1.000000  2.000000  4.472136
 1.000000  9.848858 12.000000
 1.000000  8.544004 10.630146
 1.000000 -1.000000  1.000000
 1.000000  8.062258 10.000000
 1.000000  1.000000  2.828427
 1.000000  8.485281 10.295630
 1.000000  6.000000  7.810250
 1.000000  5.000000  6.708204
 1.000000  4.472136  6.000000
 1.000000  4.472136  6.000000
 1.000000  4.123106  5.385165
 1.000000  7.000000  8.246211
 1.000000  2.000000  3.162278
 1.000000  6.708204  7.810250
 1.000000  3.000000  4.000000
 1.000000  3.000000  4.000000
 1.000000  2.000000  3.000000
 1.000000  5.099020  6.082763
 1.000000  8.246211  9.219544
 1.000000  7.071068  8.000000
 1.000000  3.605551  4.472136
 1.000000  5.000000  5.830952
 1.000000  1.414214  2.236068
 1.000000  9.055385  9.848858
 1.000000  2.236068  3.000000
 1.000000  6.000000  6.708204
 1.000000 10.630146 11.313708
 1.000000  9.219544  9.899495
 1.000000  9.219544  9.899495
 1.000000  7.810250  8.485281
 1.000000  7.810250  8.485281
 1.000000  7.810250  8.485281
 1.000000  6.403124  7.071068
 1.000000  5.000000  5.656854
 1.000000  5.000000  5.656854
 1.000000  5.000000  5.656854
 1.000000  5.000000  5.656854
 1.000000  3.605551  4.242641
 1.000000  7.615773  8.246211
 1.000000  8.602325  9.219544
 1.000000  8.602325  9.219544
 1.000000  8.602325  9.219544
 1.000000  3.000000  3.605551
 1.000000  2.236068  2.828427
 1.000000  2.236068  2.828427
 1.000000  2.236068  2.828427
 1.000000  2.236068  2.828427
 1.000000  2.236068  2.828427
 1.000000  2.236068  2.828427
 1.000000  2.236068  2.828427
 1.000000  2.236068  2.828427
 1.000000  2.236068  2.828427
 1.000000  2.236068  2.828427
 1.000000  9.433981 10.000000
 1.000000  7.071068  7.615773
 1.000000  4.472136  5.000000
 1.000000  3.605551  4.123106
 1.000000  3.605551  4.123106
 1.000000  3.605551  4.123106
 1.000000  6.708204  7.211103
 1.000000  6.708204  7.211103
 1.000000  6.708204  7.211103
 1.000000 10.816654 11.313708
 1.000000  8.062258  8.544004
 1.000000  9.848858 10.295630
 1.000000  7.615773  8.062258
 1.000000  7.615773  8.062258
 1.000000  5.385165  5.830952
 1.000000  3.162278  3.605551
 1.000000  3.162278  3.605551
 1.000000  3.162278  3.605551
 1.000000  3.162278  3.605551
 1.000000  3.162278  3.605551
 1.000000  3.162278  3.605551
 1.000000  3.162278  3.605551
 1.000000  9.055385  9.486833
 1.000000  8.062258  8.485281
 1.000000  8.062258  8.485281
 1.000000  1.000000  1.414214
 1.000000  1.000000  1.414214
 1.000000 11.000000 11.401754
 1.000000  8.544004  8.944272
 1.000000  8.544004  8.944272
 1.000000  8.544004  8.944272
 1.000000  9.899495 10.295630
 1.000000  3.605551  4.000000
 1.000000  3.605551  4.000000
 1.000000  5.000000  5.385165
 1.000000  5.000000  5.385165
 1.000000  6.324555  6.708204
 1.000000  6.708204  7.071068
 1.000000  4.123106  4.472136
 1.000000  4.123106  4.472136
 1.000000  7.280110  7.615773
 1.000000  7.280110  7.615773
 1.000000 10.295630 10.630146
 1.000000 10.295630 10.630146
 1.000000  2.828427  3.162278
 1.000000  2.828427  3.162278
 1.000000  2.828427  3.162278
 1.000000  2.828427  3.162278
 1.000000 10.440307 10.770330
 1.000000  6.403124  6.708204
 1.000000  8.246211  8.544004
 1.000000 10.000000 10.295630
 1.000000 10.000000 10.295630
 1.000000 10.000000 10.295630
 1.000000  5.099020  5.385165
 1.000000  8.944272  9.219544
 1.000000  8.944272  9.219544
 1.000000  8.944272  9.219544
 1.000000  5.385165  5.656854
 1.000000  5.385165  5.656854
 1.000000  5.385165  5.656854
 1.000000  5.385165  5.656854
 1.000000  7.810250  8.062258
 1.000000 10.049876 10.295630
 1.000000  2.000000  2.236068
 1.000000  4.242641  4.472136
 1.000000  4.242641  4.472136
 1.000000  4.242641  4.472136
 1.000000 11.180340 11.401754
 1.000000  9.219544  9.433981
 1.000000  7.071068  7.280110
 1.000000  7.071068  7.280110
 1.000000  9.848858 10.049876
 1.000000 10.440307 10.630146
 1.000000 10.440307 10.630146
 1.000000 10.440307 10.630146
 1.000000  8.062258  8.246211
 1.000000  8.062258  8.246211
 1.000000  8.062258  8.246211
 1.000000 10.816654 11.000000
 1.000000  5.656854  5.830952
 1.000000  2.828427  3.000000
 1.000000  9.055385  9.219544
 1.000000  9.055385  9.219544
 1.000000  3.000000  3.162278
 1.000000  3.000000  3.162278
 1.000000  3.000000  3.162278
 1.000000  3.000000  3.162278
 1.000000  3.000000  3.162278
 1.000000 10.630146 10.770330
 1.000000 11.045361 11.180340
 1.000000 11.045361 11.180340
 1.000000  4.000000  4.123106
 1.000000  4.000000  4.123106
 1.000000  4.000000  4.123106
 1.000000  4.000000  4.123106
 1.000000  4.000000  4.123106
 1.000000  4.123106  4.242641
 1.000000  4.123106  4.242641
 1.000000  9.899495 10.000000
 1.000000  5.000000  5.099020
 1.000000  5.000000  5.099020
 1.000000  5.000000  5.099020
 1.000000  5.000000  5.099020
 1.000000  5.000000  5.099020
 1.000000  5.000000  5.099020
 1.000000  5.000000  5.099020
 1.000000  5.000000  5.099020
 1.000000  6.000000  6.082763
 1.000000  6.000000  6.082763
 1.000000  6.000000  6.082763
 1.000000  6.000000  6.082763
 1.000000  7.000000  7.071068
 1.000000  7.000000  7.071068
 1.000000  7.000000  7.071068
 1.000000  8.000000  8.062258
 1.000000  8.485281  8.544004
 1.000000  8.544004  8.602325
 1.000000  8.944272  9.000000
 1.000000  9.000000  9.055385
 1.000000  9.000000  9.055385
 0.000000 -25.806976       inf
 0.000000 -16.000000  2.000000
 0.000000 -19.104973 -2.236068
 0.000000 -12.529964  3.000000
 0.000000 -12.806248  2.000000
 0.000000 -14.142136 -2.236068
 0.000000 -14.560220 -2.828427
 0.000000 -8.485281  2.828427
 0.000000 -14.317821 -3.162278
 0.000000 -8.944272  2.000000
 0.000000 -13.601471 -3.000000
 0.000000 -8.062258  2.236068
 0.000000 -9.055385  1.000000
 0.000000 -8.246211  1.000000
 0.000000 -6.403124  2.236068
 0.000000 -6.324555  2.000000
 0.000000 -6.324555  1.414214
 0.000000 -13.416408 -5.830952
 0.000000 -13.453624 -6.082763
 0.000000 -13.000000 -6.403124
 0.000000 -9.055385 -3.000000
 0.000000 -1.414214  4.472136
 0.000000 -8.000000 -3.000000
 0.000000 -8.485281 -4.123106
 0.000000 -11.313708 -7.000000
 0.000000 -9.219544 -5.000000
 0.000000 -11.180340 -7.071068
 0.000000 -7.810250 -4.000000
 0.000000 -6.000000 -2.236068
 0.000000 -10.770330 -7.071068
 0.000000 -9.433981 -5.830952
 0.000000 -8.485281 -5.099020
 0.000000 -6.708204 -3.605551
 0.000000 -9.000000 -6.324555
 0.000000 -8.246211 -5.656854
 0.000000 -12.000000 -9.433981
 0.000000 -6.324555 -4.242641
 0.000000 -6.000000 -4.000000
 0.000000 -7.211103 -5.385165
 0.000000 -7.615773 -5.830952
 0.000000 -6.708204 -5.000000
 0.000000 -6.403124 -5.000000
 0.000000 -10.295630 -8.944272
 0.000000 -10.295630 -9.000000
 0.000000 -7.211103 -6.082763
 0.000000 -8.062258 -7.000000
 0.000000 -10.000000 -8.944272
 0.000000 -6.403124 -5.385165
 0.000000 -7.000000 -6.000000
 0.000000 -5.000000 -4.000000
 0.000000 -8.944272 -8.000000
 0.000000 -8.485281 -7.615773
 0.000000 -12.041595 -11.180340
 0.000000 -7.000000 -6.324555
 0.000000 -7.071068 -6.403124
 0.000000 -8.544004 -8.062258
 0.000000 -8.062258 -7.615773
 0.000000 -5.830952 -5.385165
 0.000000 -8.485281 -8.062258
 0.000000 -13.453624 -13.038405
 0.000000 -7.071068 -6.708204
 0.000000 -10.630146 -10.295630
 0.000000 -10.770330 -10.440307
 0.000000 -12.369317 -12.041595
 0.000000 -6.403124 -6.082763
 0.000000 -11.704700 -11.401754
 0.000000 -10.295630 -10.000000
 0.000000 -10.295630 -10.000000
 0.000000 -7.000000 -6.708204
 0.000000 -9.486833 -9.219544
 0.000000 -8.062258 -7.810250
 0.000000 -6.082763 -5.830952
 0.000000 -6.324555 -6.082763
 0.000000 -6.324555 -6.082763
 0.000000 -11.401754 -11.180340
 0.000000 -9.219544 -9.000000
 0.000000 -9.433981 -9.219544
 0.000000 -7.280110 -7.071068
 0.000000 -7.280110 -7.071068
 0.000000 -10.198039 -10.000000
 0.000000 -10.198039 -10.000000
 0.000000 -7.810250 -7.615773
 0.000000 -13.341664 -13.152946
 0.000000 -8.246211 -8.062258
 0.000000 -5.830952 -5.656854
 0.000000 -9.219544 -9.055385
 0.000000 -3.162278 -3.000000
 0.000000 -10.198039 -10.049876
 0.000000 -7.211103 -7.071068
 0.000000 -7.211103 -7.071068
 0.000000 -7.211103 -7.071068
 0.000000 -12.165525 -12.041595
 0.000000 -14.142136 -14.035669
 0.000000 -10.000000 -9.899495
 0.000000 -5.099020 -5.000000
 0.000000 -21.095023 -21.000000
 0.000000 -6.082763 -6.000000
 0.000000 -6.082763 -6.000000
 0.000000 -7.071068 -7.000000
 0.000000 -7.071068 -7.000000
 0.000000 -8.544004 -8.485281
 0.000000 -8.544004 -8.485281
 0.000000 -9.055385 -9.000000
 0.000000 -10.816654 -10.770330
 0.000000 -12.083046 -12.041595
