 1.000000  5.000000 19.723083
 1.000000  2.000000 14.764823
 1.000000 -6.000000  5.385165
 1.000000  7.071068 17.888544
 1.000000 -5.000000  5.000000
 1.000000  3.605551 12.206556
 1.000000 -5.000000  3.162278
 1.000000  2.000000  8.944272
 1.000000 -3.162278  3.605551
 1.000000  3.000000  9.219544
 1.000000  2.000000  8.062258
 1.000000 -2.828427  2.828427
 1.000000 -1.000000  4.123106
 1.000000 -3.605551  1.414214
 1.000000  3.162278  7.810250
 1.000000  2.828427  7.211103
 1.000000  3.000000  7.000000
 1.000000  2.000000  5.385165
 1.000000  4.000000  6.708204
 1.000000 -1.000000  1.414214
 1.000000  5.000000  7.211103
 1.000000  2.828427  5.000000
 1.000000  2.000000  4.123106
 1.000000 -1.000000  1.000000
 1.000000  7.071068  8.944272
 1.000000  3.605551  5.385165
 1.000000 11.313708 13.000000
 1.000000  5.656854  7.280110
 1.000000  3.605551  5.000000
 1.000000  4.000000  5.385165
 1.000000  5.000000  6.324555
 1.000000  5.099020  6.403124
 1.000000  5.830952  7.071068
 1.000000  1.000000  2.236068
 1.000000  4.472136  5.656854
 1.000000  4.000000  5.000000
 1.000000  2.000000  3.000000
 1.000000  3.000000  4.000000
 1.000000  1.000000  2.000000
 1.000000  1.000000  2.000000
 1.000000  3.162278  4.123106
 1.000000  2.236068  3.162278
 1.000000  4.472136  5.385165
 1.000000  5.099020  6.000000
 1.000000  2.000000  2.828427
 1.000000  2.828427  3.605551
 1.000000  2.828427  3.605551
 1.000000  2.828427  3.605551
 1.000000  2.236068  3.000000
 1.000000  2.236068  3.000000
 1.000000 11.313708 12.041595
 1.000000  6.403124  7.071068
 1.000000  6.403124  7.071068
 1.000000  6.403124  7.071068
 1.000000  6.403124  7.071068
 1.000000 11.401754 12.041595
 1.000000 11.401754 12.041595
 1.000000 11.401754 12.041595
 1.000000  3.605551  4.242641
 1.000000  3.605551  4.242641
 1.000000  3.605551  4.242641
 1.000000  3.605551  4.242641
 1.000000  3.605551  4.242641
 1.000000  4.472136  5.099020
 1.000000  5.385165  6.000000
 1.000000  7.211103  7.810250
 1.000000  7.211103  7.810250
 1.000000  2.236068  2.828427
 1.000000  2.236068  2.828427
 1.000000  2.236068  2.828427
 1.000000  2.236068  2.828427
 1.000000  2.236068  2.828427
 1.000000  2.236068  2.828427
 1.000000  1.414214  2.000000
 1.000000  1.414214  2.000000
 1.000000  1.414214  2.000000
 1.000000  1.414214  2.000000
 1.000000  1.414214  2.000000
 1.000000  7.071068  7.615773
 1.000000 11.661904 12.206556
 1.000000 13.892444 14.422205
 1.000000 13.892444 14.422205
 1.000000  4.472136  5.000000
 1.000000  4.472136  5.000000
 1.000000  4.472136  5.000000
 1.000000  4.472136  5.000000
 1.000000  4.472136  5.000000
 1.000000  3.605551  4.123106
 1.000000  3.605551  4.123106
 1.000000  3.605551  4.123106
 1.000000  3.605551  4.123106
 1.000000  3.605551  4.123106
 1.000000  6.708204  7.211103
 1.000000  5.830952  6.324555
 1.000000  8.062258  8.544004
 1.000000 10.295630 10.770330
 1.000000 10.295630 10.770330
 1.000000 12.529964 13.000000
 1.000000 12.083046 12.529964
 1.000000 12.083046 12.529964
 1.000000  7.615773  8.062258
 1.000000  5.385165  5.830952
 1.000000  3.162278  3.605551
 1.000000  3.162278  3.605551
 1.000000  3.162278  3.605551
 1.000000  3.162278  3.605551
 1.000000  3.162278  3.605551
 1.000000  3.162278  3.605551
 1.000000  1.000000  1.414214
 1.000000  1.000000  1.414214
 1.000000  1.000000  1.414214
 1.000000  1.000000  1.414214
 1.000000  1.000000  1.414214
 1.000000  1.000000  1.414214
 1.000000  1.000000  1.414214
 1.000000  7.211103  7.615773
 1.000000  7.211103  7.615773
 1.000000  7.211103  7.615773
 1.000000  5.000000  5.385165
 1.000000  5.000000  5.385165
 1.000000  5.000000  5.385165
 1.000000  5.000000  5.385165
 1.000000 11.661904 12.041595
 1.000000 11.661904 12.041595
 1.000000  6.708204  7.071068
 1.000000  6.708204  7.071068
 1.000000  6.708204  7.071068
 1.000000  6.708204  7.071068
 1.000000  4.123106  4.472136
 1.000000  7.280110  7.615773
 1.000000  7.280110  7.615773
 1.000000  7.280110  7.615773
 1.000000  2.828427  3.162278
 1.000000 10.440307 10.770330
 1.000000 14.560220 14.866069
 1.000000  6.403124  6.708204
 1.000000  6.403124  6.708204
 1.000000  6.403124  6.708204
 1.000000  8.246211  8.544004
 1.000000  6.708204  7.000000
 1.000000  6.708204  7.000000
 1.000000  5.099020  5.385165
 1.000000  5.099020  5.385165
 1.000000  5.099020  5.385165
 1.000000  5.099020  5.385165
 1.000000 12.727922 13.000000
 1.000000  5.385165  5.656854
 1.000000 11.401754 11.661904
 1.000000  5.830952  6.082763
 1.000000  4.000000  4.242641
 1.000000  6.082763  6.324555
 1.000000  6.082763  6.324555
 1.000000  6.082763  6.324555
 1.000000  2.000000  2.236068
 1.000000  2.000000  2.236068
 1.000000  2.000000  2.236068
 1.000000  2.000000  2.236068
 1.000000  2.000000  2.236068
 1.000000  2.000000  2.236068
 1.000000  2.000000  2.236068
 1.000000  2.000000  2.236068
 1.000000  4.242641  4.472136
 1.000000  4.242641  4.472136
 1.000000 11.180340 11.401754
 1.000000 11.180340 11.401754
 1.000000 12.529964 12.727922
 1.000000  7.615773  7.810250
 1.000000  7.615773  7.810250
 1.000000  7.615773  7.810250
 1.000000  8.062258  8.246211
 1.000000  8.062258  8.246211
 1.000000  8.062258  8.246211
 1.000000  8.062258  8.246211
 1.000000 14.142136 14.317821
 1.000000  5.656854  5.830952
 1.000000  2.828427  3.000000
 1.000000 12.041595 12.206556
 1.000000  9.055385  9.219544
 1.000000  9.055385  9.219544
 1.000000  3.000000  3.162278
 1.000000  3.000000  3.162278
 1.000000  3.000000  3.162278
 1.000000  3.000000  3.162278
 1.000000  3.000000  3.162278
 1.000000  3.000000  3.162278
 1.000000  3.000000  3.162278
 1.000000  7.071068  7.211103
 1.000000  7.071068  7.211103
 1.000000  7.071068  7.211103
 1.000000  7.071068  7.211103
 1.000000 11.045361 11.180340
 1.000000  4.000000  4.123106
 1.000000  4.000000  4.123106
 1.000000  4.000000  4.123106
 1.000000  4.000000  4.123106
 1.000000  4.000000  4.123106
 1.000000  4.000000  4.123106
 1.000000  4.000000  4.123106
 1.000000  4.000000  4.123106
 1.000000  4.000000  4.123106
 1.000000  4.123106  4.242641
 1.000000  4.123106  4.242641
 1.000000  4.123106  4.242641
 1.000000  4.123106  4.242641
 1.000000  4.123106  4.242641
 1.000000 13.341664 13.453624
 1.000000 14.035669 14.142136
 1.000000 19.313208 19.416488
 1.000000  5.000000  5.099020
 1.000000  5.000000  5.099020
 1.000000  5.000000  5.099020
 1.000000  5.000000  5.099020
 1.000000  5.000000  5.099020
 1.000000 16.031220 16.124515
 1.000000  6.000000  6.082763
 1.000000  6.000000  6.082763
 1.000000  6.000000  6.082763
 1.000000  6.000000  6.082763
 1.000000  6.000000  6.082763
 1.000000  6.324555  6.403124
 1.000000  6.324555  6.403124
 1.000000  6.324555  6.403124
 1.000000  6.324555  6.403124
 1.000000  7.000000  7.071068
 1.000000 14.142136 14.212670
 1.000000  8.000000  8.062258
 1.000000  8.000000  8.062258
 1.000000  8.000000  8.062258
 1.000000  8.000000  8.062258
 1.000000 10.000000 10.049876
 1.000000 10.000000 10.049876
 1.000000 12.000000 12.041595
 1.000000 12.000000 12.041595
 1.000000 15.264338 15.297059
 0.000000 -21.540659       inf
 0.000000 -16.000000  1.000000
 0.000000 -10.816654  4.000000
 0.000000 -11.045361  2.828427
 0.000000 -8.000000  4.472136
 0.000000 -9.899495  2.236068
 0.000000 -10.198039  1.414214
 0.000000 -14.035669 -3.000000
 0.000000 -11.661904 -2.000000
 0.000000 -5.656854  4.000000
 0.000000 -8.062258  1.000000
 0.000000 -7.071068  1.000000
 0.000000 -5.656854  2.236068
 0.000000 -10.630146 -3.162278
 0.000000 -9.433981 -2.236068
 0.000000 -14.560220 -8.062258
 0.000000 -11.180340 -5.000000
 0.000000 -13.601471 -7.615773
 0.000000 -8.000000 -3.000000
 0.000000 -10.816654 -6.000000
 0.000000 -6.082763 -1.414214
 0.000000 -7.615773 -3.000000
 0.000000 -12.529964 -8.000000
 0.000000 -6.324555 -2.000000
 0.000000 -10.440307 -6.403124
 0.000000 -7.615773 -3.605551
 0.000000 -9.000000 -5.000000
 0.000000 -10.000000 -6.000000
 0.000000 -5.830952 -2.000000
 0.000000 -9.899495 -6.082763
 0.000000 -8.544004 -5.099020
 0.000000 -10.440307 -7.000000
 0.000000 -8.000000 -5.000000
 0.000000 -4.000000 -1.000000
 0.000000 -9.848858 -7.211103
 0.000000 -8.246211 -5.656854
 0.000000 -9.486833 -7.071068
 0.000000 -10.198039 -7.810250
 0.000000 -10.000000 -8.000000
 0.000000 -6.082763 -4.123106
 0.000000 -8.944272 -7.000000
 0.000000 -6.082763 -4.242641
 0.000000 -6.082763 -4.242641
 0.000000 -8.062258 -6.324555
 0.000000 -10.630146 -8.944272
 0.000000 -9.433981 -7.810250
 0.000000 -7.615773 -6.000000
 0.000000 -11.401754 -10.000000
 0.000000 -9.848858 -8.544004
 0.000000 -9.848858 -8.602325
 0.000000 -7.810250 -6.708204
 0.000000 -9.055385 -8.000000
 0.000000 -7.000000 -6.000000
 0.000000 -6.000000 -5.000000
 0.000000 -7.071068 -6.082763
 0.000000 -11.401754 -10.440307
 0.000000 -9.433981 -8.544004
 0.000000 -5.000000 -4.123106
 0.000000 -9.433981 -8.602325
 0.000000 -5.830952 -5.000000
 0.000000 -7.211103 -6.403124
 0.000000 -10.770330 -10.049876
 0.000000 -8.000000 -7.280110
 0.000000 -6.324555 -5.656854
 0.000000 -7.000000 -6.403124
 0.000000 -10.770330 -10.198039
 0.000000 -9.055385 -8.544004
 0.000000 -5.830952 -5.385165
 0.000000 -12.083046 -11.661904
 0.000000 -8.000000 -7.615773
 0.000000 -7.071068 -6.708204
 0.000000 -8.944272 -8.602325
 0.000000 -8.944272 -8.602325
 0.000000 -7.615773 -7.280110
 0.000000 -7.615773 -7.280110
 0.000000 -10.770330 -10.440307
 0.000000 -6.708204 -6.403124
 0.000000 -6.708204 -6.403124
 0.000000 -13.892444 -13.601471
 0.000000 -13.892444 -13.601471
 0.000000 -9.486833 -9.219544
 0.000000 -8.062258 -7.810250
 0.000000 -6.082763 -5.830952
 0.000000 -10.440307 -10.198039
 0.000000 -6.324555 -6.082763
 0.000000 -6.324555 -6.082763
 0.000000 -6.324555 -6.082763
 0.000000 -4.472136 -4.242641
 0.000000 -9.433981 -9.219544
 0.000000 -14.422205 -14.212670
 0.000000 -7.280110 -7.071068
 0.000000 -7.280110 -7.071068
 0.000000 -8.246211 -8.062258
 0.000000 -9.219544 -9.055385
 0.000000 -9.219544 -9.055385
 0.000000 -3.162278 -3.000000
 0.000000 -7.211103 -7.071068
 0.000000 -7.211103 -7.071068
 0.000000 -7.211103 -7.071068
 0.000000 -5.099020 -5.000000
 0.000000 -5.099020 -5.000000
 0.000000 -6.082763 -6.000000
 0.000000 -6.082763 -6.000000
 0.000000 -6.082763 -6.000000
 0.000000 -7.071068 -7.000000
 0.000000 -7.071068 -7.000000
 0.000000 -7.071068 -7.000000
 0.000000 -7.280110 -7.211103
 0.000000 -8.062258 -8.000000
 0.000000 -8.062258 -8.000000
 0.000000 -8.062258 -8.000000
 0.000000 -8.602325 -8.544004
 0.000000 -9.000000 -8.944272
 0.000000 -12.083046 -12.041595
 0.000000 -12.083046 -12.041595
