 1.000000  3.605551 17.204651
 1.000000 -2.000000 11.180340
 1.000000  2.236068 13.928388
 1.000000  2.828427 13.341664
 1.000000  1.414214  9.848858
 1.000000  3.000000 11.313708
 1.000000 -2.236068  5.830952
 1.000000  4.000000  8.485281
 1.000000  8.602325 13.038405
 1.000000  2.828427  7.071068
 1.000000  6.000000 10.049876
 1.000000 -2.000000  2.000000
 1.000000 -3.000000  1.000000
 1.000000  8.246211 12.000000
 1.000000  9.000000 12.727922
 1.000000  7.211103 10.770330
 1.000000  9.000000 12.165525
 1.000000  4.000000  7.071068
 1.000000  5.000000  8.000000
 1.000000  1.000000  3.605551
 1.000000  1.414214  3.605551
 1.000000  9.000000 11.180340
 1.000000  3.605551  5.656854
 1.000000  4.123106  6.000000
 1.000000  5.385165  7.071068
 1.000000  6.000000  7.615773
 1.000000  4.472136  6.082763
 1.000000  1.414214  2.828427
 1.000000  5.000000  6.403124
 1.000000  3.605551  5.000000
 1.000000  2.236068  3.605551
 1.000000  2.236068  3.605551
 1.000000  2.828427  4.123106
 1.000000  1.000000  2.236068
 1.000000  9.848858 11.045361
 1.000000  1.000000  2.000000
 1.000000  8.062258  9.000000
 1.000000  2.236068  3.162278
 1.000000  4.123106  5.000000
 1.000000  9.899495 10.770330
 1.000000  1.414214  2.236068
 1.000000  1.414214  2.236068
 1.000000  2.236068  3.000000
 1.000000  5.099020  5.830952
 1.000000  6.403124  7.071068
 1.000000  6.403124  7.071068
 1.000000  6.403124  7.071068
 1.000000  3.605551  4.242641
 1.000000  8.602325  9.219544
 1.000000  3.000000  3.605551
 1.000000  3.000000  3.605551
 1.000000  7.211103  7.810250
 1.000000  6.403124  7.000000
 1.000000  2.236068  2.828427
 1.000000  2.236068  2.828427
 1.000000  2.236068  2.828427
 1.000000  2.236068  2.828427
 1.000000  2.236068  2.828427
 1.000000  2.236068  2.828427
 1.000000  2.236068  2.828427
 1.000000  1.414214  2.000000
 1.000000  1.414214  2.000000
 1.000000  1.414214  2.000000
 1.000000  1.414214  2.000000
 1.000000  1.414214  2.000000
 1.000000  1.414214  2.000000
 1.000000  9.433981 10.000000
 1.000000  9.433981 10.000000
 1.000000  4.472136  5.000000
 1.000000  4.472136  5.000000
 1.000000  4.472136  5.000000
 1.000000  4.472136  5.000000
 1.000000  4.472136  5.000000
 1.000000  4.472136  5.000000
 1.000000  4.472136  5.000000
 1.000000  4.472136  5.000000
 1.000000  4.472136  5.000000
 1.000000  3.605551  4.123106
 1.000000  3.605551  4.123106
 1.000000  6.708204  7.211103
 1.000000  8.944272  9.433981
 1.000000 12.041595 12.529964
 1.000000  8.062258  8.544004
 1.000000 10.295630 10.770330
 1.000000  7.615773  8.062258
 1.000000  5.385165  5.830952
 1.000000  5.385165  5.830952
 1.000000  5.385165  5.830952
 1.000000  3.162278  3.605551
 1.000000  3.162278  3.605551
 1.000000  3.162278  3.605551
 1.000000  3.162278  3.605551
 1.000000  3.162278  3.605551
 1.000000 13.453624 13.892444
 1.000000  8.062258  8.485281
 1.000000  9.433981  9.848858
 1.000000  1.000000  1.414214
 1.000000  1.000000  1.414214
 1.000000  1.000000  1.414214
 1.000000  7.211103  7.615773
 1.000000  8.544004  8.944272
 1.000000  8.544004  8.944272
 1.000000  9.899495 10.295630
 1.000000  3.605551  4.000000
 1.000000  3.605551  4.000000
 1.000000  5.000000  5.385165
 1.000000  5.000000  5.385165
 1.000000  5.000000  5.385165
 1.000000  6.324555  6.708204
 1.000000  6.324555  6.708204
 1.000000  6.324555  6.708204
 1.000000  6.324555  6.708204
 1.000000 11.704700 12.083046
 1.000000  6.708204  7.071068
 1.000000  9.486833  9.848858
 1.000000  9.486833  9.848858
 1.000000  9.486833  9.848858
 1.000000  4.123106  4.472136
 1.000000  4.123106  4.472136
 1.000000  4.123106  4.472136
 1.000000  4.123106  4.472136
 1.000000  4.123106  4.472136
 1.000000  4.123106  4.472136
 1.000000  4.123106  4.472136
 1.000000  7.280110  7.615773
 1.000000  7.280110  7.615773
 1.000000  7.280110  7.615773
 1.000000 10.295630 10.630146
 1.000000  2.828427  3.162278
 1.000000  2.828427  3.162278
 1.000000  2.828427  3.162278
 1.000000  2.828427  3.162278
 1.000000  2.828427  3.162278
 1.000000  2.828427  3.162278
 1.000000 12.041595 12.369317
 1.000000  6.000000  6.324555
 1.000000  6.403124  6.708204
 1.000000  6.403124  6.708204
 1.000000  6.403124  6.708204
 1.000000  6.403124  6.708204
 1.000000  6.403124  6.708204
 1.000000  6.403124  6.708204
 1.000000  8.246211  8.544004
 1.000000 10.000000 10.295630
 1.000000  5.099020  5.385165
 1.000000  5.099020  5.385165
 1.000000  5.099020  5.385165
 1.000000  5.099020  5.385165
 1.000000 12.369317 12.649111
 1.000000  8.944272  9.219544
 1.000000  8.944272  9.219544
 1.000000  8.944272  9.219544
 1.000000 16.278821 16.552945
 1.000000  7.810250  8.062258
 1.000000  7.810250  8.062258
 1.000000  7.810250  8.062258
 1.000000  5.830952  6.082763
 1.000000 10.198039 10.440307
 1.000000 10.198039 10.440307
 1.000000 10.198039 10.440307
 1.000000  6.082763  6.324555
 1.000000  2.000000  2.236068
 1.000000  2.000000  2.236068
 1.000000  2.000000  2.236068
 1.000000  2.000000  2.236068
 1.000000  2.000000  2.236068
 1.000000  4.242641  4.472136
 1.000000  4.242641  4.472136
 1.000000  4.242641  4.472136
 1.000000  4.242641  4.472136
 1.000000  4.242641  4.472136
 1.000000  4.242641  4.472136
 1.000000  9.000000  9.219544
 1.000000  9.219544  9.433981
 1.000000  7.615773  7.810250
 1.000000  7.615773  7.810250
 1.000000 10.630146 10.816654
 1.000000  8.062258  8.246211
 1.000000  8.062258  8.246211
 1.000000  8.062258  8.246211
 1.000000  5.656854  5.830952
 1.000000  2.828427  3.000000
 1.000000  2.828427  3.000000
 1.000000  2.828427  3.000000
 1.000000  2.828427  3.000000
 1.000000  3.000000  3.162278
 1.000000  3.000000  3.162278
 1.000000  3.000000  3.162278
 1.000000  3.000000  3.162278
 1.000000  3.000000  3.162278
 1.000000  3.000000  3.162278
 1.000000  3.000000  3.162278
 1.000000 16.124515 16.278821
 1.000000 10.049876 10.198039
 1.000000 10.049876 10.198039
 1.000000 10.049876 10.198039
 1.000000  7.071068  7.211103
 1.000000  4.000000  4.123106
 1.000000  4.000000  4.123106
 1.000000  4.000000  4.123106
 1.000000  4.000000  4.123106
 1.000000  4.000000  4.123106
 1.000000  4.000000  4.123106
 1.000000  4.000000  4.123106
 1.000000  4.000000  4.123106
 1.000000  4.000000  4.123106
 1.000000  4.000000  4.123106
 1.000000  4.000000  4.123106
 1.000000  4.000000  4.123106
 1.000000  4.123106  4.242641
 1.000000  4.123106  4.242641
 1.000000  4.123106  4.242641
 1.000000  8.485281  8.602325
 1.000000  8.485281  8.602325
 1.000000  8.485281  8.602325
 1.000000  9.899495 10.000000
 1.000000  9.899495 10.000000
 1.000000  5.000000  5.099020
 1.000000  5.000000  5.099020
 1.000000  5.000000  5.099020
 1.000000  6.000000  6.082763
 1.000000  7.000000  7.071068
 1.000000  7.000000  7.071068
 1.000000  7.000000  7.071068
 1.000000  7.000000  7.071068
 1.000000  7.000000  7.071068
 1.000000  7.211103  7.280110
 1.000000  8.000000  8.062258
 1.000000  9.433981  9.486833
 1.000000 11.000000 11.045361
 1.000000 17.000000 17.029386
 0.000000 -17.464249       inf
 0.000000 -16.000000  2.236068
 0.000000 -15.556349 -1.414214
 0.000000 -15.000000 -1.000000
 0.000000 -10.000000  3.605551
 0.000000 -8.944272  2.000000
 0.000000 -7.810250  3.000000
 0.000000 -13.341664 -3.000000
 0.000000 -11.401754 -1.414214
 0.000000 -11.661904 -2.000000
 0.000000 -13.601471 -4.000000
 0.000000 -6.403124  2.828427
 0.000000 -11.180340 -3.000000
 0.000000 -5.099020  3.000000
 0.000000 -10.295630 -2.236068
 0.000000 -5.000000  3.000000
 0.000000 -12.041595 -4.242641
 0.000000 -6.708204  1.000000
 0.000000 -12.529964 -5.000000
 0.000000 -11.000000 -4.472136
 0.000000 -8.544004 -3.000000
 0.000000 -6.403124 -1.000000
 0.000000 -3.000000  2.236068
 0.000000 -9.219544 -4.000000
 0.000000 -10.198039 -5.000000
 0.000000 -12.165525 -7.000000
 0.000000 -9.486833 -4.472136
 0.000000 -8.944272 -4.000000
 0.000000 -12.649111 -8.000000
 0.000000 -10.198039 -5.830952
 0.000000 -11.313708 -7.071068
 0.000000 -6.403124 -2.236068
 0.000000 -9.848858 -5.830952
 0.000000 -8.062258 -4.123106
 0.000000 -11.000000 -7.071068
 0.000000 -7.000000 -3.162278
 0.000000 -5.385165 -2.000000
 0.000000 -6.324555 -3.000000
 0.000000 -6.708204 -4.000000
 0.000000 -5.385165 -3.000000
 0.000000 -6.324555 -4.000000
 0.000000 -6.324555 -4.000000
 0.000000 -11.401754 -9.219544
 0.000000 -7.071068 -5.000000
 0.000000 -13.038405 -11.000000
 0.000000 -1.000000  1.000000
 0.000000 -9.000000 -7.071068
 0.000000 -7.810250 -6.000000
 0.000000 -15.620499 -13.892444
 0.000000 -7.000000 -5.385165
 0.000000 -6.082763 -4.472136
 0.000000 -7.211103 -5.656854
 0.000000 -9.848858 -8.485281
 0.000000 -11.180340 -10.000000
 0.000000 -12.165525 -11.000000
 0.000000 -6.082763 -5.000000
 0.000000 -6.082763 -5.000000
 0.000000 -10.000000 -8.944272
 0.000000 -6.000000 -5.099020
 0.000000 -9.848858 -9.000000
 0.000000 -7.810250 -7.000000
 0.000000 -9.848858 -9.055385
 0.000000 -7.071068 -6.324555
 0.000000 -5.830952 -5.099020
 0.000000 -6.708204 -6.000000
 0.000000 -11.000000 -10.295630
 0.000000 -7.000000 -6.324555
 0.000000 -7.071068 -6.403124
 0.000000 -6.403124 -5.830952
 0.000000 -8.544004 -8.000000
 0.000000 -9.055385 -8.544004
 0.000000 -11.401754 -11.000000
 0.000000 -6.708204 -6.324555
 0.000000 -10.198039 -9.848858
 0.000000 -10.295630 -10.000000
 0.000000 -7.000000 -6.708204
 0.000000 -5.385165 -5.099020
 0.000000 -9.486833 -9.219544
 0.000000 -6.082763 -5.830952
 0.000000 -6.324555 -6.082763
 0.000000 -6.324555 -6.082763
 0.000000 -6.324555 -6.082763
 0.000000 -4.472136 -4.242641
 0.000000 -15.524175 -15.297059
 0.000000 -9.219544 -9.000000
 0.000000 -10.049876 -9.848858
 0.000000 -8.000000 -7.810250
 0.000000 -8.246211 -8.062258
 0.000000 -8.246211 -8.062258
 0.000000 -9.219544 -9.055385
 0.000000 -12.369317 -12.206556
 0.000000 -10.198039 -10.049876
 0.000000 -10.440307 -10.295630
 0.000000 -14.142136 -14.000000
 0.000000 -14.560220 -14.422205
 0.000000 -15.000000 -14.866069
 0.000000 -4.123106 -4.000000
 0.000000 -9.055385 -8.944272
 0.000000 -14.317821 -14.212670
 0.000000 -14.317821 -14.212670
 0.000000 -5.099020 -5.000000
 0.000000 -11.401754 -11.313708
 0.000000 -6.082763 -6.000000
 0.000000 -6.082763 -6.000000
 0.000000 -7.071068 -7.000000
 0.000000 -7.071068 -7.000000
 0.000000 -7.071068 -7.000000
 0.000000 -7.071068 -7.000000
 0.000000 -12.041595 -12.000000
 0.000000 -12.041595 -12.000000
