 1.000000 -8.485281  1.414214
 1.000000  4.123106 13.601471
 1.000000 -2.828427  6.403124
 1.000000  5.000000 14.000000
 1.000000 -5.830952  3.000000
 1.000000  2.000000 10.000000
 1.000000  5.830952 13.152946
 1.000000 -4.242641  2.000000
 1.000000  4.123106 10.000000
 1.000000  6.403124 12.165525
 1.000000 -3.605551  2.000000
 1.000000 -4.472136  1.000000
 1.000000 -2.000000  2.828427
 1.000000 -3.605551  1.000000
 1.000000 -3.162278  1.000000
 1.000000 -1.000000  3.000000
 1.000000  6.000000 10.000000
 1.000000  3.000000  6.708204
 1.000000  4.472136  8.062258
 1.000000  6.324555  9.486833
 1.000000  4.000000  6.708204
 1.000000  3.000000  5.656854
 1.000000  1.414214  4.000000
 1.000000  2.828427  5.385165
 1.000000  5.385165  7.810250
 1.000000  7.000000  9.219544
 1.000000  4.123106  6.324555
 1.000000  5.000000  7.000000
 1.000000 -1.000000  1.000000
 1.000000 -1.000000  1.000000
 1.000000  7.071068  8.944272
 1.000000  6.403124  8.246211
 1.000000  3.605551  5.385165
 1.000000  6.082763  7.615773
 1.000000  3.605551  5.099020
 1.000000  5.830952  7.280110
 1.000000  2.828427  4.123106
 1.000000  5.830952  7.071068
 1.000000 10.816654 12.041595
 1.000000  6.708204  7.810250
 1.000000  3.000000  4.000000
 1.000000  9.000000 10.000000
 1.000000  6.000000  7.000000
 1.000000  5.000000  6.000000
 1.000000  3.000000  4.000000
 1.000000  5.099020  6.082763
 1.000000 10.049876 11.000000
 1.000000  8.000000  8.944272
 1.000000  5.000000  5.830952
 1.000000  1.414214  2.236068
 1.000000  1.414214  2.236068
 1.000000  6.403124  7.211103
 1.000000  7.211103  8.000000
 1.000000  7.280110  8.062258
 1.000000  4.242641  5.000000
 1.000000  4.242641  5.000000
 1.000000  4.242641  5.000000
 1.000000  6.403124  7.071068
 1.000000 11.401754 12.041595
 1.000000  3.605551  4.242641
 1.000000  3.000000  3.605551
 1.000000  7.211103  7.810250
 1.000000  7.211103  7.810250
 1.000000  2.236068  2.828427
 1.000000  2.236068  2.828427
 1.000000  2.236068  2.828427
 1.000000  2.236068  2.828427
 1.000000  2.236068  2.828427
 1.000000  1.414214  2.000000
 1.000000  1.414214  2.000000
 1.000000  1.414214  2.000000
 1.000000  1.414214  2.000000
 1.000000  1.414214  2.000000
 1.000000  1.414214  2.000000
 1.000000  1.414214  2.000000
 1.000000  5.830952  6.403124
 1.000000  5.830952  6.403124
 1.000000  9.433981 10.000000
 1.000000  7.071068  7.615773
 1.000000  7.071068  7.615773
 1.000000  4.472136  5.000000
 1.000000  4.472136  5.000000
 1.000000  4.472136  5.000000
 1.000000 11.180340 11.704700
 1.000000  3.605551  4.123106
 1.000000  3.605551  4.123106
 1.000000  3.605551  4.123106
 1.000000  3.605551  4.123106
 1.000000  3.605551  4.123106
 1.000000  3.605551  4.123106
 1.000000  3.605551  4.123106
 1.000000  6.708204  7.211103
 1.000000  6.708204  7.211103
 1.000000  6.708204  7.211103
 1.000000  6.708204  7.211103
 1.000000  6.708204  7.211103
 1.000000  8.062258  8.544004
 1.000000  4.000000  4.472136
 1.000000  7.615773  8.062258
 1.000000  7.615773  8.062258
 1.000000  5.385165  5.830952
 1.000000  3.162278  3.605551
 1.000000  3.162278  3.605551
 1.000000  3.162278  3.605551
 1.000000  9.000000  9.433981
 1.000000  9.433981  9.848858
 1.000000  1.000000  1.414214
 1.000000  8.544004  8.944272
 1.000000  3.605551  4.000000
 1.000000  5.000000  5.385165
 1.000000  5.000000  5.385165
 1.000000  5.000000  5.385165
 1.000000  5.000000  5.385165
 1.000000  5.000000  5.385165
 1.000000  5.000000  5.385165
 1.000000  6.324555  6.708204
 1.000000  6.324555  6.708204
 1.000000  6.324555  6.708204
 1.000000 11.661904 12.041595
 1.000000 10.816654 11.180340
 1.000000  6.708204  7.071068
 1.000000  6.708204  7.071068
 1.000000  6.708204  7.071068
 1.000000  6.708204  7.071068
 1.000000  6.708204  7.071068
 1.000000  6.708204  7.071068
 1.000000  6.708204  7.071068
 1.000000  4.123106  4.472136
 1.000000  4.123106  4.472136
 1.000000  4.123106  4.472136
 1.000000  4.123106  4.472136
 1.000000  7.280110  7.615773
 1.000000  7.280110  7.615773
 1.000000  7.280110  7.615773
 1.000000  2.828427  3.162278
 1.000000  6.403124  6.708204
 1.000000 11.401754 11.704700
 1.000000  8.246211  8.544004
 1.000000  8.246211  8.544004
 1.000000  8.246211  8.544004
 1.000000  6.708204  7.000000
 1.000000  5.099020  5.385165
 1.000000  5.099020  5.385165
 1.000000  5.099020  5.385165
 1.000000  5.099020  5.385165
 1.000000  5.099020  5.385165
 1.000000  5.099020  5.385165
 1.000000  5.385165  5.656854
 1.000000  5.385165  5.656854
 1.000000  5.385165  5.656854
 1.000000  5.385165  5.656854
 1.000000  5.385165  5.656854
 1.000000  7.810250  8.062258
 1.000000  7.810250  8.062258
 1.000000  5.830952  6.082763
 1.000000  4.000000  4.242641
 1.000000 10.198039 10.440307
 1.000000  6.082763  6.324555
 1.000000  6.082763  6.324555
 1.000000  6.082763  6.324555
 1.000000  6.082763  6.324555
 1.000000  6.082763  6.324555
 1.000000  8.246211  8.485281
 1.000000  2.000000  2.236068
 1.000000  2.000000  2.236068
 1.000000  2.000000  2.236068
 1.000000  2.000000  2.236068
 1.000000  2.000000  2.236068
 1.000000  2.000000  2.236068
 1.000000  4.242641  4.472136
 1.000000  4.242641  4.472136
 1.000000  4.242641  4.472136
 1.000000  4.242641  4.472136
 1.000000  4.242641  4.472136
 1.000000  4.242641  4.472136
 1.000000 11.180340 11.401754
 1.000000 11.180340 11.401754
 1.000000 11.180340 11.401754
 1.000000  9.000000  9.219544
 1.000000  9.219544  9.433981
 1.000000  9.219544  9.433981
 1.000000  7.000000  7.211103
 1.000000  7.000000  7.211103
 1.000000  7.071068  7.280110
 1.000000  7.071068  7.280110
 1.000000  7.071068  7.280110
 1.000000  7.071068  7.280110
 1.000000  7.071068  7.280110
 1.000000  7.071068  7.280110
 1.000000 12.165525 12.369317
 1.000000  7.615773  7.810250
 1.000000  5.656854  5.830952
 1.000000  5.656854  5.830952
 1.000000  5.656854  5.830952
 1.000000  5.656854  5.830952
 1.000000  5.656854  5.830952
 1.000000  5.656854  5.830952
 1.000000  2.828427  3.000000
 1.000000  5.830952  6.000000
 1.000000  9.055385  9.219544
 1.000000  3.000000  3.162278
 1.000000  3.000000  3.162278
 1.000000  3.000000  3.162278
 1.000000  3.000000  3.162278
 1.000000  3.000000  3.162278
 1.000000  3.000000  3.162278
 1.000000 10.049876 10.198039
 1.000000  7.071068  7.211103
 1.000000  7.071068  7.211103
 1.000000  4.000000  4.123106
 1.000000  4.000000  4.123106
 1.000000  4.000000  4.123106
 1.000000  4.000000  4.123106
 1.000000  4.000000  4.123106
 1.000000  4.000000  4.123106
 1.000000  4.000000  4.123106
 1.000000  4.123106  4.242641
 1.000000  4.123106  4.242641
 1.000000  4.123106  4.242641
 1.000000  4.123106  4.242641
 1.000000  8.944272  9.055385
 1.000000  5.000000  5.099020
 1.000000  5.000000  5.099020
 1.000000  5.000000  5.099020
 1.000000  5.000000  5.099020
 1.000000  5.000000  5.099020
 1.000000  5.000000  5.099020
 1.000000 11.313708 11.401754
 1.000000  6.000000  6.082763
 1.000000  6.000000  6.082763
 1.000000  6.000000  6.082763
 1.000000  6.324555  6.403124
 1.000000  6.324555  6.403124
 1.000000  6.324555  6.403124
 1.000000  6.324555  6.403124
 1.000000  6.324555  6.403124
 1.000000  6.324555  6.403124
 1.000000  6.324555  6.403124
 1.000000  6.324555  6.403124
 1.000000  6.324555  6.403124
 1.000000  7.000000  7.071068
 1.000000  7.000000  7.071068
 1.000000  7.000000  7.071068
 1.000000  7.000000  7.071068
 1.000000  7.000000  7.071068
 1.000000  7.000000  7.071068
 1.000000  7.000000  7.071068
 1.000000  7.000000  7.071068
 1.000000  7.000000  7.071068
 1.000000  7.211103  7.280110
 1.000000  7.211103  7.280110
 1.000000  8.000000  8.062258
 1.000000  8.000000  8.062258
 1.000000  8.000000  8.062258
 1.000000  9.000000  9.055385
 1.000000  9.000000  9.055385
 1.000000  9.000000  9.055385
 1.000000  9.433981  9.486833
 1.000000 11.000000 11.045361
 0.000000 -16.970563       inf
 0.000000 -12.529964  4.000000
 0.000000 -14.142136  2.236068
 0.000000 -15.132746  1.000000
 0.000000 -14.142136  1.000000
 0.000000 -11.401754  2.828427
 0.000000 -9.848858  3.000000
 0.000000 -9.848858  2.236068
 0.000000 -7.810250  4.000000
 0.000000 -8.485281  2.236068
 0.000000 -8.944272  1.000000
 0.000000 -10.198039 -1.414214
 0.000000 -12.083046 -4.000000
 0.000000 -9.219544 -2.000000
 0.000000 -3.605551  3.605551
 0.000000 -9.000000 -2.236068
 0.000000 -5.385165  1.000000
 0.000000 -14.317821 -8.246211
 0.000000 -9.055385 -3.162278
 0.000000 -11.661904 -5.830952
 0.000000 -10.630146 -5.000000
 0.000000 -13.341664 -9.000000
 0.000000 -11.313708 -7.000000
 0.000000 -8.000000 -4.000000
 0.000000 -10.049876 -6.403124
 0.000000 -6.708204 -3.162278
 0.000000 -7.071068 -4.000000
 0.000000 -9.055385 -6.000000
 0.000000 -10.049876 -7.000000
 0.000000 -9.000000 -6.082763
 0.000000 -13.601471 -10.770330
 0.000000 -7.615773 -5.000000
 0.000000 -9.848858 -7.280110
 0.000000 -5.385165 -3.162278
 0.000000 -6.324555 -4.123106
 0.000000 -10.198039 -8.000000
 0.000000 -12.083046 -9.899495
 0.000000 -8.485281 -6.403124
 0.000000 -8.062258 -6.000000
 0.000000 -7.000000 -5.000000
 0.000000 -6.082763 -4.242641
 0.000000 -7.810250 -6.000000
 0.000000 -10.198039 -8.485281
 0.000000 -9.219544 -7.615773
 0.000000 -8.485281 -7.000000
 0.000000 -8.485281 -7.071068
 0.000000 -5.830952 -4.472136
 0.000000 -8.246211 -7.000000
 0.000000 -9.219544 -8.000000
 0.000000 -5.656854 -4.472136
 0.000000 -12.083046 -11.000000
 0.000000 -10.000000 -8.944272
 0.000000 -8.062258 -7.071068
 0.000000 -8.944272 -8.062258
 0.000000 -13.341664 -12.529964
 0.000000 -7.211103 -6.403124
 0.000000 -9.000000 -8.246211
 0.000000 -9.000000 -8.246211
 0.000000 -6.708204 -6.000000
 0.000000 -6.708204 -6.000000
 0.000000 -6.000000 -5.385165
 0.000000 -2.000000 -1.414214
 0.000000 -7.280110 -6.708204
 0.000000 -8.544004 -8.000000
 0.000000 -8.544004 -8.000000
 0.000000 -6.324555 -5.830952
 0.000000 -6.324555 -5.830952
 0.000000 -13.892444 -13.416408
 0.000000 -9.899495 -9.433981
 0.000000 -9.486833 -9.055385
 0.000000 -6.082763 -5.656854
 0.000000 -7.615773 -7.211103
 0.000000 -11.401754 -11.000000
 0.000000 -8.944272 -8.544004
 0.000000 -11.180340 -10.816654
 0.000000 -7.071068 -6.708204
 0.000000 -9.848858 -9.486833
 0.000000 -8.944272 -8.602325
 0.000000 -7.615773 -7.280110
 0.000000 -7.615773 -7.280110
 0.000000 -8.544004 -8.246211
 0.000000 -8.544004 -8.246211
 0.000000 -7.280110 -7.000000
 0.000000 -7.280110 -7.000000
 0.000000 -8.062258 -7.810250
 0.000000 -8.062258 -7.810250
 0.000000 -8.062258 -7.810250
 0.000000 -9.433981 -9.219544
 0.000000 -8.000000 -7.810250
 0.000000 -13.601471 -13.416408
 0.000000 -8.246211 -8.062258
 0.000000 -8.246211 -8.062258
 0.000000 -11.180340 -11.000000
 0.000000 -5.830952 -5.656854
 0.000000 -5.830952 -5.656854
 0.000000 -10.198039 -10.049876
 0.000000 -7.211103 -7.071068
 0.000000 -7.211103 -7.071068
 0.000000 -8.602325 -8.485281
 0.000000 -13.152946 -13.038405
 0.000000 -5.099020 -5.000000
 0.000000 -11.401754 -11.313708
 0.000000 -6.082763 -6.000000
 0.000000 -12.806248 -12.727922
 0.000000 -12.806248 -12.727922
 0.000000 -12.806248 -12.727922
 0.000000 -13.416408 -13.341664
 0.000000 -7.071068 -7.000000
 0.000000 -7.071068 -7.000000
 0.000000 -7.071068 -7.000000
 0.000000 -7.071068 -7.000000
 0.000000 -7.071068 -7.000000
 0.000000 -7.280110 -7.211103
 0.000000 -7.280110 -7.211103
 0.000000 -7.280110 -7.211103
 0.000000 -15.620499 -15.556349
 0.000000 -8.062258 -8.000000
 0.000000 -8.544004 -8.485281
 0.000000 -9.055385 -9.000000
 0.000000 -10.049876 -10.000000
 0.000000 -15.264338 -15.231546
