 1.000000  3.000000 13.601471
 1.000000  3.000000 13.453624
 1.000000  3.605551 13.341664
 1.000000  2.828427 12.369317
 1.000000  5.000000 13.416408
 1.000000  4.472136 12.649111
 1.000000  5.656854 13.000000
 1.000000  1.414214  8.485281
 1.000000  1.000000  7.071068
 1.000000  2.236068  8.062258
 1.000000  2.000000  7.211103
 1.000000 -4.123106  1.000000
 1.000000 -2.236068  2.236068
 1.000000 -3.162278  1.000000
 1.000000  5.000000  8.944272
 1.000000  2.236068  6.082763
 1.000000 -1.414214  2.000000
 1.000000  5.000000  8.246211
 1.000000 -2.236068  1.000000
 1.000000 -2.236068  1.000000
 1.000000  2.000000  5.000000
 1.000000  3.000000  6.000000
 1.000000  2.236068  5.000000
 1.000000  3.162278  5.830952
 1.000000  3.000000  5.385165
 1.000000  3.000000  5.385165
 1.000000  4.000000  6.324555
 1.000000  8.000000 10.198039
 1.000000  2.000000  4.000000
 1.000000  2.000000  4.000000
 1.000000  6.000000  8.000000
 1.000000  2.236068  4.000000
 1.000000  5.000000  6.708204
 1.000000  4.242641  5.656854
 1.000000  4.123106  5.385165
 1.000000  8.000000  9.000000
 1.000000  4.000000  5.000000
 1.000000  4.000000  5.000000
 1.000000  7.071068  8.000000
 1.000000 12.083046 13.000000
 1.000000 10.295630 11.180340
 1.000000  4.123106  5.000000
 1.000000  4.123106  5.000000
 1.000000  3.605551  4.472136
 1.000000  3.605551  4.472136
 1.000000  4.242641  5.099020
 1.000000  1.414214  2.236068
 1.000000  2.828427  3.605551
 1.000000  2.828427  3.605551
 1.000000  4.242641  5.000000
 1.000000  4.242641  5.000000
 1.000000  5.385165  6.082763
 1.000000  5.000000  5.656854
 1.000000  5.000000  5.656854
 1.000000  5.000000  5.656854
 1.000000  5.000000  5.656854
 1.000000  3.605551  4.242641
 1.000000  7.615773  8.246211
 1.000000  7.000000  7.615773
 1.000000  2.236068  2.828427
 1.000000  2.236068  2.828427
 1.000000  2.236068  2.828427
 1.000000  2.236068  2.828427
 1.000000  2.236068  2.828427
 1.000000  1.414214  2.000000
 1.000000  1.414214  2.000000
 1.000000  1.414214  2.000000
 1.000000  1.414214  2.000000
 1.000000  1.414214  2.000000
 1.000000  1.414214  2.000000
 1.000000  5.830952  6.403124
 1.000000  7.071068  7.615773
 1.000000  4.472136  5.000000
 1.000000  4.472136  5.000000
 1.000000  4.472136  5.000000
 1.000000  4.472136  5.000000
 1.000000  4.472136  5.000000
 1.000000  4.472136  5.000000
 1.000000  4.472136  5.000000
 1.000000  4.472136  5.000000
 1.000000  4.472136  5.000000
 1.000000 10.295630 10.816654
 1.000000  3.605551  4.123106
 1.000000  3.605551  4.123106
 1.000000  3.605551  4.123106
 1.000000  5.830952  6.324555
 1.000000  5.830952  6.324555
 1.000000  4.000000  4.472136
 1.000000 12.529964 13.000000
 1.000000  7.615773  8.062258
 1.000000  5.385165  5.830952
 1.000000  3.162278  3.605551
 1.000000  3.162278  3.605551
 1.000000  3.162278  3.605551
 1.000000  3.162278  3.605551
 1.000000  3.162278  3.605551
 1.000000  3.162278  3.605551
 1.000000  3.162278  3.605551
 1.000000  3.162278  3.605551
 1.000000  3.162278  3.605551
 1.000000  9.433981  9.848858
 1.000000  1.000000  1.414214
 1.000000  1.000000  1.414214
 1.000000  1.000000  1.414214
 1.000000  1.000000  1.414214
 1.000000  1.000000  1.414214
 1.000000  1.000000  1.414214
 1.000000  1.000000  1.414214
 1.000000 10.770330 11.180340
 1.000000 10.770330 11.180340
 1.000000  3.605551  4.000000
 1.000000  3.605551  4.000000
 1.000000  3.605551  4.000000
 1.000000  3.605551  4.000000
 1.000000  5.000000  5.385165
 1.000000  5.000000  5.385165
 1.000000  7.615773  8.000000
 1.000000 12.649111 13.000000
 1.000000 12.649111 13.000000
 1.000000  4.123106  4.472136
 1.000000  4.123106  4.472136
 1.000000  4.123106  4.472136
 1.000000  4.123106  4.472136
 1.000000 13.000000 13.341664
 1.000000  7.280110  7.615773
 1.000000  7.280110  7.615773
 1.000000  7.280110  7.615773
 1.000000  2.828427  3.162278
 1.000000  2.828427  3.162278
 1.000000  2.828427  3.162278
 1.000000  6.000000  6.324555
 1.000000 12.206556 12.529964
 1.000000  6.403124  6.708204
 1.000000  6.708204  7.000000
 1.000000  5.099020  5.385165
 1.000000  5.099020  5.385165
 1.000000  5.099020  5.385165
 1.000000  5.099020  5.385165
 1.000000  5.099020  5.385165
 1.000000  5.099020  5.385165
 1.000000  7.000000  7.280110
 1.000000 12.369317 12.649111
 1.000000 12.369317 12.649111
 1.000000  5.385165  5.656854
 1.000000 13.152946 13.416408
 1.000000  7.810250  8.062258
 1.000000  4.000000  4.242641
 1.000000  6.082763  6.324555
 1.000000  6.082763  6.324555
 1.000000  6.082763  6.324555
 1.000000  6.082763  6.324555
 1.000000  6.082763  6.324555
 1.000000  2.000000  2.236068
 1.000000  2.000000  2.236068
 1.000000  2.000000  2.236068
 1.000000  2.000000  2.236068
 1.000000  2.000000  2.236068
 1.000000  2.000000  2.236068
 1.000000  2.000000  2.236068
 1.000000  2.000000  2.236068
 1.000000  2.000000  2.236068
 1.000000  2.000000  2.236068
 1.000000  2.000000  2.236068
 1.000000  2.000000  2.236068
 1.000000  2.000000  2.236068
 1.000000  2.000000  2.236068
 1.000000  2.000000  2.236068
 1.000000  2.000000  2.236068
 1.000000  4.242641  4.472136
 1.000000  4.242641  4.472136
 1.000000  9.219544  9.433981
 1.000000  7.071068  7.280110
 1.000000  5.656854  5.830952
 1.000000  5.656854  5.830952
 1.000000  5.656854  5.830952
 1.000000  5.656854  5.830952
 1.000000  2.828427  3.000000
 1.000000  2.828427  3.000000
 1.000000  2.828427  3.000000
 1.000000  2.828427  3.000000
 1.000000  2.828427  3.000000
 1.000000  5.830952  6.000000
 1.000000 12.041595 12.206556
 1.000000  3.000000  3.162278
 1.000000  3.000000  3.162278
 1.000000  3.000000  3.162278
 1.000000  3.000000  3.162278
 1.000000  3.000000  3.162278
 1.000000  3.000000  3.162278
 1.000000  3.000000  3.162278
 1.000000  3.000000  3.162278
 1.000000  3.000000  3.162278
 1.000000 10.049876 10.198039
 1.000000 10.049876 10.198039
 1.000000 10.295630 10.440307
 1.000000 10.630146 10.770330
 1.000000 10.630146 10.770330
 1.000000 10.630146 10.770330
 1.000000 10.630146 10.770330
 1.000000  7.071068  7.211103
 1.000000  7.071068  7.211103
 1.000000 11.180340 11.313708
 1.000000  4.000000  4.123106
 1.000000  4.000000  4.123106
 1.000000  4.000000  4.123106
 1.000000  4.000000  4.123106
 1.000000  4.000000  4.123106
 1.000000  4.000000  4.123106
 1.000000  4.000000  4.123106
 1.000000  4.000000  4.123106
 1.000000  4.000000  4.123106
 1.000000  4.000000  4.123106
 1.000000  4.000000  4.123106
 1.000000  4.123106  4.242641
 1.000000  4.123106  4.242641
 1.000000  4.123106  4.242641
 1.000000  4.123106  4.242641
 1.000000 13.038405 13.152946
 1.000000  5.000000  5.099020
 1.000000  5.000000  5.099020
 1.000000  5.000000  5.099020
 1.000000  5.000000  5.099020
 1.000000  5.000000  5.099020
 1.000000  5.000000  5.099020
 1.000000  5.000000  5.099020
 1.000000 11.313708 11.401754
 1.000000  6.000000  6.082763
 1.000000  6.000000  6.082763
 1.000000  6.000000  6.082763
 1.000000  6.000000  6.082763
 1.000000 12.083046 12.165525
 1.000000  6.324555  6.403124
 1.000000  6.324555  6.403124
 1.000000  6.324555  6.403124
 1.000000  7.000000  7.071068
 1.000000  7.000000  7.071068
 1.000000  7.000000  7.071068
 1.000000  8.000000  8.062258
 1.000000  8.000000  8.062258
 1.000000  8.000000  8.062258
 1.000000  8.000000  8.062258
 1.000000  9.433981  9.486833
 1.000000  9.848858  9.899495
 1.000000 12.000000 12.041595
 1.000000 12.000000 12.041595
 1.000000 12.000000 12.041595
 1.000000 12.000000 12.041595
 1.000000 13.000000 13.038405
 0.000000 -18.110770       inf
 0.000000 -18.000000  1.000000
 0.000000 -11.000000  4.472136
 0.000000 -17.029386 -3.000000
 0.000000 -12.000000  1.000000
 0.000000 -13.928388 -1.000000
 0.000000 -11.401754  1.414214
 0.000000 -11.313708  1.000000
 0.000000 -15.000000 -3.605551
 0.000000 -9.000000  2.000000
 0.000000 -7.810250  2.236068
 0.000000 -8.485281  1.414214
 0.000000 -7.071068  2.828427
 0.000000 -12.000000 -2.236068
 0.000000 -5.385165  4.000000
 0.000000 -7.071068  2.000000
 0.000000 -7.810250  1.000000
 0.000000 -16.763055 -8.602325
 0.000000 -6.000000  2.000000
 0.000000 -6.324555  1.414214
 0.000000 -5.385165  2.236068
 0.000000 -6.000000  1.414214
 0.000000 -12.165525 -5.000000
 0.000000 -8.544004 -2.000000
 0.000000 -9.219544 -3.000000
 0.000000 -10.198039 -4.000000
 0.000000 -7.810250 -2.000000
 0.000000 -8.485281 -3.162278
 0.000000 -6.000000 -1.414214
 0.000000 -8.944272 -4.472136
 0.000000 -9.219544 -5.099020
 0.000000 -9.000000 -5.000000
 0.000000 -6.000000 -2.236068
 0.000000 -10.049876 -6.403124
 0.000000 -11.661904 -8.062258
 0.000000 -9.486833 -6.000000
 0.000000 -7.000000 -3.605551
 0.000000 -4.123106 -1.000000
 0.000000 -14.317821 -11.401754
 0.000000 -7.810250 -5.000000
 0.000000 -9.000000 -6.708204
 0.000000 -11.180340 -8.944272
 0.000000 -13.892444 -11.661904
 0.000000 -10.816654 -8.602325
 0.000000 -7.071068 -5.000000
 0.000000 -7.071068 -5.000000
 0.000000 -8.062258 -6.403124
 0.000000 -6.708204 -5.099020
 0.000000 -12.649111 -11.045361
 0.000000 -8.000000 -6.403124
 0.000000 -6.324555 -5.000000
 0.000000 -9.219544 -8.000000
 0.000000 -6.708204 -5.656854
 0.000000 -6.403124 -5.385165
 0.000000 -8.000000 -7.071068
 0.000000 -8.544004 -7.615773
 0.000000 -7.615773 -6.708204
 0.000000 -7.280110 -6.403124
 0.000000 -11.000000 -10.198039
 0.000000 -7.071068 -6.324555
 0.000000 -6.708204 -6.000000
 0.000000 -6.324555 -5.656854
 0.000000 -9.848858 -9.219544
 0.000000 -6.708204 -6.082763
 0.000000 -7.615773 -7.000000
 0.000000 -8.602325 -8.062258
 0.000000 -8.544004 -8.062258
 0.000000 -10.440307 -10.000000
 0.000000 -9.848858 -9.433981
 0.000000 -11.180340 -10.770330
 0.000000 -11.180340 -10.770330
 0.000000 -14.317821 -13.928388
 0.000000 -5.385165 -5.000000
 0.000000 -6.708204 -6.324555
 0.000000 -7.071068 -6.708204
 0.000000 -8.944272 -8.602325
 0.000000 -12.529964 -12.206556
 0.000000 -12.529964 -12.206556
 0.000000 -6.708204 -6.403124
 0.000000 -6.708204 -6.403124
 0.000000 -6.708204 -6.403124
 0.000000 -6.708204 -6.403124
 0.000000 -11.704700 -11.401754
 0.000000 -12.369317 -12.083046
 0.000000 -8.062258 -7.810250
 0.000000 -6.082763 -5.830952
 0.000000 -6.324555 -6.082763
 0.000000 -6.324555 -6.082763
 0.000000 -7.280110 -7.071068
 0.000000 -13.341664 -13.152946
 0.000000 -8.246211 -8.062258
 0.000000 -8.246211 -8.062258
 0.000000 -6.000000 -5.830952
 0.000000 -10.198039 -10.049876
 0.000000 -7.211103 -7.071068
 0.000000 -7.211103 -7.071068
 0.000000 -7.211103 -7.071068
 0.000000 -7.211103 -7.071068
 0.000000 -11.180340 -11.045361
 0.000000 -11.180340 -11.045361
 0.000000 -15.132746 -15.000000
 0.000000 -14.422205 -14.317821
 0.000000 -6.082763 -6.000000
 0.000000 -7.071068 -7.000000
 0.000000 -7.071068 -7.000000
 0.000000 -7.071068 -7.000000
 0.000000 -7.071068 -7.000000
 0.000000 -7.071068 -7.000000
 0.000000 -8.062258 -8.000000
 0.000000 -8.062258 -8.000000
 0.000000 -8.544004 -8.485281
 0.000000 -9.055385 -9.000000
 0.000000 -9.055385 -9.000000
 0.000000 -9.055385 -9.000000
 0.000000 -11.045361 -11.000000
