 1.000000  2.000000 12.041595
 1.000000 -5.000000  3.605551
 1.000000  3.000000 11.401754
 1.000000 -6.324555  2.000000
 1.000000 -7.071068  1.000000
 1.000000  2.236068  9.899495
 1.000000 -5.385165  2.000000
 1.000000 -4.123106  2.828427
 1.000000  6.000000 12.727922
 1.000000  2.236068  8.944272
 1.000000  3.605551 10.000000
 1.000000 -2.236068  4.000000
 1.000000  4.000000  9.433981
 1.000000 -1.000000  4.242641
 1.000000  1.414214  5.385165
 1.000000 -2.828427  1.000000
 1.000000  4.242641  8.000000
 1.000000 -2.236068  1.414214
 1.000000  7.810250 11.401754
 1.000000  6.082763  8.485281
 1.000000  7.071068  9.433981
 1.000000  1.414214  3.605551
 1.000000  9.899495 12.041595
 1.000000  4.472136  6.403124
 1.000000  6.082763  8.000000
 1.000000  4.000000  5.830952
 1.000000  5.830952  7.615773
 1.000000 10.000000 11.661904
 1.000000 20.000000 21.633308
 1.000000  2.000000  3.605551
 1.000000  2.000000  3.605551
 1.000000 10.000000 11.401754
 1.000000  5.385165  6.708204
 1.000000  2.828427  4.123106
 1.000000 11.000000 12.165525
 1.000000  6.082763  7.211103
 1.000000  6.708204  7.810250
 1.000000  4.000000  5.099020
 1.000000  5.000000  6.082763
 1.000000  3.000000  4.000000
 1.000000  6.000000  7.000000
 1.000000  5.000000  6.000000
 1.000000  6.082763  7.000000
 1.000000  4.472136  5.385165
 1.000000  6.708204  7.615773
 1.000000 11.180340 12.083046
 1.000000  4.123106  5.000000
 1.000000  4.123106  5.000000
 1.000000  4.123106  5.000000
 1.000000  4.123106  5.000000
 1.000000  4.123106  5.000000
 1.000000  3.162278  4.000000
 1.000000  2.000000  2.828427
 1.000000  2.828427  3.605551
 1.000000  2.828427  3.605551
 1.000000  4.242641  5.000000
 1.000000  4.242641  5.000000
 1.000000  4.242641  5.000000
 1.000000  5.656854  6.403124
 1.000000 10.440307 11.180340
 1.000000  7.071068  7.810250
 1.000000  6.000000  6.708204
 1.000000  5.385165  6.082763
 1.000000  7.810250  8.485281
 1.000000  5.000000  5.656854
 1.000000  3.605551  4.242641
 1.000000  3.605551  4.242641
 1.000000  3.605551  4.242641
 1.000000  7.615773  8.246211
 1.000000 10.000000 10.630146
 1.000000 10.000000 10.630146
 1.000000  7.000000  7.615773
 1.000000  3.000000  3.605551
 1.000000  2.236068  2.828427
 1.000000  2.236068  2.828427
 1.000000  2.236068  2.828427
 1.000000  2.236068  2.828427
 1.000000  2.236068  2.828427
 1.000000  2.236068  2.828427
 1.000000  1.414214  2.000000
 1.000000  5.830952  6.403124
 1.000000  5.830952  6.403124
 1.000000  5.830952  6.403124
 1.000000 10.630146 11.180340
 1.000000  7.071068  7.615773
 1.000000  8.944272  9.486833
 1.000000  7.280110  7.810250
 1.000000  4.472136  5.000000
 1.000000  4.472136  5.000000
 1.000000  4.472136  5.000000
 1.000000  4.472136  5.000000
 1.000000  4.472136  5.000000
 1.000000  4.472136  5.000000
 1.000000  4.472136  5.000000
 1.000000  4.472136  5.000000
 1.000000 11.180340 11.704700
 1.000000  3.605551  4.123106
 1.000000  3.605551  4.123106
 1.000000  6.708204  7.211103
 1.000000  6.708204  7.211103
 1.000000  5.830952  6.324555
 1.000000  8.944272  9.433981
 1.000000  8.062258  8.544004
 1.000000  8.062258  8.544004
 1.000000  4.000000  4.472136
 1.000000  5.385165  5.830952
 1.000000  5.385165  5.830952
 1.000000  5.385165  5.830952
 1.000000  5.385165  5.830952
 1.000000  5.385165  5.830952
 1.000000  3.162278  3.605551
 1.000000  3.162278  3.605551
 1.000000  3.162278  3.605551
 1.000000  3.162278  3.605551
 1.000000  3.162278  3.605551
 1.000000  3.162278  3.605551
 1.000000  3.162278  3.605551
 1.000000  9.055385  9.486833
 1.000000  9.055385  9.486833
 1.000000  8.062258  8.485281
 1.000000  8.062258  8.485281
 1.000000  1.000000  1.414214
 1.000000  1.000000  1.414214
 1.000000 10.770330 11.180340
 1.000000  7.211103  7.615773
 1.000000  7.211103  7.615773
 1.000000  7.211103  7.615773
 1.000000  8.544004  8.944272
 1.000000  3.605551  4.000000
 1.000000  5.000000  5.385165
 1.000000  5.000000  5.385165
 1.000000  6.324555  6.708204
 1.000000  6.324555  6.708204
 1.000000  6.324555  6.708204
 1.000000 11.661904 12.041595
 1.000000  9.055385  9.433981
 1.000000 13.038405 13.416408
 1.000000  6.708204  7.071068
 1.000000  4.123106  4.472136
 1.000000  4.123106  4.472136
 1.000000  4.123106  4.472136
 1.000000  4.123106  4.472136
 1.000000  4.123106  4.472136
 1.000000  5.656854  6.000000
 1.000000  7.280110  7.615773
 1.000000  7.280110  7.615773
 1.000000 10.295630 10.630146
 1.000000 10.295630 10.630146
 1.000000  2.828427  3.162278
 1.000000  2.828427  3.162278
 1.000000  2.828427  3.162278
 1.000000  2.828427  3.162278
 1.000000  2.828427  3.162278
 1.000000  2.828427  3.162278
 1.000000  2.828427  3.162278
 1.000000  2.828427  3.162278
 1.000000  2.828427  3.162278
 1.000000  6.403124  6.708204
 1.000000 13.601471 13.892444
 1.000000  5.099020  5.385165
 1.000000  5.099020  5.385165
 1.000000  5.099020  5.385165
 1.000000  7.000000  7.280110
 1.000000  5.385165  5.656854
 1.000000  5.385165  5.656854
 1.000000 11.401754 11.661904
 1.000000  7.810250  8.062258
 1.000000  5.830952  6.082763
 1.000000  5.830952  6.082763
 1.000000  6.082763  6.324555
 1.000000  6.082763  6.324555
 1.000000  6.082763  6.324555
 1.000000  6.082763  6.324555
 1.000000  2.000000  2.236068
 1.000000  2.000000  2.236068
 1.000000  2.000000  2.236068
 1.000000  2.000000  2.236068
 1.000000  2.000000  2.236068
 1.000000 12.806248 13.038405
 1.000000  4.242641  4.472136
 1.000000  4.242641  4.472136
 1.000000  4.242641  4.472136
 1.000000  4.242641  4.472136
 1.000000  4.242641  4.472136
 1.000000  4.242641  4.472136
 1.000000  4.242641  4.472136
 1.000000 20.000000 20.223748
 1.000000 11.180340 11.401754
 1.000000 11.180340 11.401754
 1.000000  9.219544  9.433981
 1.000000  7.000000  7.211103
 1.000000  7.071068  7.280110
 1.000000 10.000000 10.198039
 1.000000  7.615773  7.810250
 1.000000 10.630146 10.816654
 1.000000 10.630146 10.816654
 1.000000  8.062258  8.246211
 1.000000 11.000000 11.180340
 1.000000  5.656854  5.830952
 1.000000  5.656854  5.830952
 1.000000  5.656854  5.830952
 1.000000  5.656854  5.830952
 1.000000  5.656854  5.830952
 1.000000  2.828427  3.000000
 1.000000  2.828427  3.000000
 1.000000  2.828427  3.000000
 1.000000  2.828427  3.000000
 1.000000  5.830952  6.000000
 1.000000  5.830952  6.000000
 1.000000  5.830952  6.000000
 1.000000  9.055385  9.219544
 1.000000  3.000000  3.162278
 1.000000  3.000000  3.162278
 1.000000  3.000000  3.162278
 1.000000  3.000000  3.162278
 1.000000  3.000000  3.162278
 1.000000  3.000000  3.162278
 1.000000  3.000000  3.162278
 1.000000  3.000000  3.162278
 1.000000  3.000000  3.162278
 1.000000 10.049876 10.198039
 1.000000 10.630146 10.770330
 1.000000  7.071068  7.211103
 1.000000  7.071068  7.211103
 1.000000  7.071068  7.211103
 1.000000  7.071068  7.211103
 1.000000  4.000000  4.123106
 1.000000  4.000000  4.123106
 1.000000  4.000000  4.123106
 1.000000  4.000000  4.123106
 1.000000  4.000000  4.123106
 1.000000  4.000000  4.123106
 1.000000  4.000000  4.123106
 1.000000  4.000000  4.123106
 1.000000  4.000000  4.123106
 1.000000  4.000000  4.123106
 1.000000  4.123106  4.242641
 1.000000 21.095023 21.213203
 1.000000  5.000000  5.099020
 1.000000  5.000000  5.099020
 1.000000  5.000000  5.099020
 1.000000  5.000000  5.099020
 1.000000  5.000000  5.099020
 1.000000  5.000000  5.099020
 1.000000  5.000000  5.099020
 1.000000  5.000000  5.099020
 1.000000  6.000000  6.082763
 1.000000  6.000000  6.082763
 1.000000  6.000000  6.082763
 1.000000  6.000000  6.082763
 1.000000  6.324555  6.403124
 1.000000  6.324555  6.403124
 1.000000  6.324555  6.403124
 1.000000  6.324555  6.403124
 1.000000  6.324555  6.403124
 1.000000  6.324555  6.403124
 1.000000 12.727922 12.806248
 1.000000  7.000000  7.071068
 1.000000  7.000000  7.071068
 1.000000  7.000000  7.071068
 1.000000  7.000000  7.071068
 1.000000  7.000000  7.071068
 1.000000  8.544004  8.602325
 1.000000  8.544004  8.602325
 1.000000  9.433981  9.486833
 1.000000 10.770330 10.816654
 1.000000 12.000000 12.041595
 0.000000 -19.235384       inf
 0.000000 -18.681542  2.828427
 0.000000 -17.000000  2.000000
 0.000000 -15.000000  2.828427
 0.000000 -14.000000  3.162278
 0.000000 -7.615773  8.000000
 0.000000 -11.000000  4.242641
 0.000000 -11.000000  1.414214
 0.000000 -8.062258  3.605551
 0.000000 -13.601471 -2.236068
 0.000000 -7.071068  4.000000
 0.000000 -13.038405 -2.236068
 0.000000 -12.041595 -2.236068
 0.000000 -10.770330 -2.000000
 0.000000 -1.414214  7.000000
 0.000000 -13.000000 -5.099020
 0.000000 -2.000000  5.000000
 0.000000 -8.944272 -2.000000
 0.000000 -9.848858 -3.000000
 0.000000 -1.414214  5.000000
 0.000000 -12.041595 -5.830952
 0.000000 -12.041595 -5.830952
 0.000000 -13.000000 -7.071068
 0.000000 -8.544004 -4.000000
 0.000000 -10.295630 -5.830952
 0.000000 -11.180340 -7.000000
 0.000000 -8.062258 -4.123106
 0.000000 -9.848858 -6.000000
 0.000000 -7.280110 -4.123106
 0.000000 -8.944272 -5.830952
 0.000000 -6.082763 -3.000000
 0.000000 -8.062258 -5.000000
 0.000000 -8.062258 -5.000000
 0.000000 -8.000000 -5.099020
 0.000000 -8.485281 -5.656854
 0.000000 -5.830952 -3.162278
 0.000000 -7.615773 -5.000000
 0.000000 -6.708204 -4.123106
 0.000000 -9.433981 -7.000000
 0.000000 -6.403124 -4.000000
 0.000000 -6.000000 -3.605551
 0.000000 -7.280110 -5.000000
 0.000000 -10.295630 -8.062258
 0.000000 -9.899495 -7.810250
 0.000000 -7.071068 -5.000000
 0.000000 -7.000000 -5.000000
 0.000000 -9.000000 -7.000000
 0.000000 -13.000000 -11.180340
 0.000000 -7.615773 -5.830952
 0.000000 -8.944272 -7.280110
 0.000000 -6.082763 -4.472136
 0.000000 -13.601471 -12.000000
 0.000000 -7.280110 -5.830952
 0.000000 -6.403124 -5.099020
 0.000000 -8.246211 -7.071068
 0.000000 -10.630146 -9.486833
 0.000000 -6.082763 -5.000000
 0.000000 -7.071068 -6.000000
 0.000000 -6.000000 -5.000000
 0.000000 -9.433981 -8.485281
 0.000000 -8.062258 -7.211103
 0.000000 -2.828427 -2.000000
 0.000000 -6.708204 -6.000000
 0.000000 -6.708204 -6.000000
 0.000000 -6.403124 -5.830952
 0.000000 -7.615773 -7.071068
 0.000000 -7.211103 -6.708204
 0.000000 -8.944272 -8.544004
 0.000000 -5.385165 -5.000000
 0.000000 -8.000000 -7.615773
 0.000000 -8.000000 -7.615773
 0.000000 -13.416408 -13.038405
 0.000000 -10.770330 -10.440307
 0.000000 -12.369317 -12.041595
 0.000000 -5.385165 -5.099020
 0.000000 -11.661904 -11.401754
 0.000000 -8.246211 -8.000000
 0.000000 -8.246211 -8.000000
 0.000000 -6.324555 -6.082763
 0.000000 -6.324555 -6.082763
 0.000000 -6.324555 -6.082763
 0.000000 -6.324555 -6.082763
 0.000000 -7.211103 -7.000000
 0.000000 -7.211103 -7.071068
 0.000000 -7.211103 -7.071068
 0.000000 -7.211103 -7.071068
 0.000000 -7.211103 -7.071068
 0.000000 -7.211103 -7.071068
 0.000000 -4.123106 -4.000000
 0.000000 -8.602325 -8.485281
 0.000000 -8.602325 -8.485281
 0.000000 -10.000000 -9.899495
 0.000000 -10.000000 -9.899495
 0.000000 -5.099020 -5.000000
 0.000000 -11.401754 -11.313708
 0.000000 -11.401754 -11.313708
 0.000000 -6.082763 -6.000000
 0.000000 -6.082763 -6.000000
 0.000000 -6.082763 -6.000000
 0.000000 -7.071068 -7.000000
 0.000000 -7.071068 -7.000000
 0.000000 -8.062258 -8.000000
 0.000000 -8.544004 -8.485281
 0.000000 -8.544004 -8.485281
 0.000000 -8.544004 -8.485281
 0.000000 -10.049876 -10.000000
 0.000000 -11.045361 -11.000000
