 1.000000  3.605551 18.867962
 1.000000 -3.605551  6.708204
 1.000000 -1.000000  8.944272
 1.000000 -1.000000  8.062258
 1.000000  3.000000 12.000000
 1.000000  5.099020 13.038405
 1.000000  3.605551  9.848858
 1.000000 -2.000000  4.123106
 1.000000  5.385165 10.630146
 1.000000  3.000000  8.062258
 1.000000  5.385165 10.440307
 1.000000 -4.000000  1.000000
 1.000000  2.828427  7.615773
 1.000000  3.605551  8.062258
 1.000000  2.828427  6.708204
 1.000000  4.472136  8.000000
 1.000000  2.828427  6.324555
 1.000000  3.162278  6.324555
 1.000000  1.000000  4.000000
 1.000000 -2.000000  1.000000
 1.000000  4.000000  7.000000
 1.000000  2.828427  5.656854
 1.000000  9.433981 12.041595
 1.000000  4.000000  6.403124
 1.000000  7.071068  9.433981
 1.000000 -1.000000  1.000000
 1.000000  6.000000  7.810250
 1.000000  2.236068  4.000000
 1.000000  6.403124  8.062258
 1.000000  2.000000  3.605551
 1.000000  1.414214  3.000000
 1.000000  4.123106  5.656854
 1.000000  4.472136  6.000000
 1.000000  3.605551  5.099020
 1.000000  2.236068  3.605551
 1.000000  1.000000  2.236068
 1.000000  6.708204  7.810250
 1.000000  7.211103  8.246211
 1.000000  1.000000  2.000000
 1.000000  8.485281  9.433981
 1.000000  5.385165  6.324555
 1.000000  7.615773  8.485281
 1.000000  5.000000  5.830952
 1.000000  2.000000  2.828427
 1.000000  2.828427  3.605551
 1.000000  2.236068  3.000000
 1.000000  4.242641  5.000000
 1.000000  7.071068  7.810250
 1.000000  7.071068  7.810250
 1.000000  7.071068  7.810250
 1.000000  7.071068  7.810250
 1.000000  8.544004  9.219544
 1.000000  7.810250  8.485281
 1.000000  5.656854  6.324555
 1.000000  5.000000  5.656854
 1.000000  5.000000  5.656854
 1.000000  5.000000  5.656854
 1.000000  3.605551  4.242641
 1.000000  3.605551  4.242641
 1.000000  3.605551  4.242641
 1.000000  3.605551  4.242641
 1.000000  3.605551  4.242641
 1.000000  3.605551  4.242641
 1.000000  4.472136  5.099020
 1.000000  3.000000  3.605551
 1.000000  7.211103  7.810250
 1.000000  7.211103  7.810250
 1.000000  7.211103  7.810250
 1.000000  2.236068  2.828427
 1.000000  2.236068  2.828427
 1.000000  2.236068  2.828427
 1.000000  2.236068  2.828427
 1.000000  1.414214  2.000000
 1.000000  1.414214  2.000000
 1.000000  1.414214  2.000000
 1.000000  1.414214  2.000000
 1.000000  9.433981 10.000000
 1.000000  7.071068  7.615773
 1.000000  8.062258  8.602325
 1.000000  4.472136  5.000000
 1.000000  4.472136  5.000000
 1.000000  4.472136  5.000000
 1.000000  4.472136  5.000000
 1.000000  4.472136  5.000000
 1.000000  4.472136  5.000000
 1.000000  4.472136  5.000000
 1.000000  4.472136  5.000000
 1.000000  3.605551  4.123106
 1.000000  3.605551  4.123106
 1.000000  6.708204  7.211103
 1.000000  6.708204  7.211103
 1.000000  5.830952  6.324555
 1.000000  8.944272  9.433981
 1.000000  5.385165  5.830952
 1.000000  5.385165  5.830952
 1.000000  3.162278  3.605551
 1.000000  3.162278  3.605551
 1.000000  3.162278  3.605551
 1.000000  3.162278  3.605551
 1.000000  3.162278  3.605551
 1.000000  3.162278  3.605551
 1.000000  3.162278  3.605551
 1.000000  3.162278  3.605551
 1.000000  3.162278  3.605551
 1.000000  3.162278  3.605551
 1.000000  3.162278  3.605551
 1.000000 10.000000 10.440307
 1.000000  8.062258  8.485281
 1.000000  9.433981  9.848858
 1.000000  7.211103  7.615773
 1.000000  8.544004  8.944272
 1.000000  8.544004  8.944272
 1.000000  3.605551  4.000000
 1.000000  3.605551  4.000000
 1.000000  5.000000  5.385165
 1.000000  5.000000  5.385165
 1.000000  6.324555  6.708204
 1.000000  4.123106  4.472136
 1.000000  4.123106  4.472136
 1.000000  4.123106  4.472136
 1.000000  8.602325  8.944272
 1.000000  8.602325  8.944272
 1.000000  7.280110  7.615773
 1.000000  7.280110  7.615773
 1.000000  7.280110  7.615773
 1.000000  7.280110  7.615773
 1.000000  2.828427  3.162278
 1.000000  2.828427  3.162278
 1.000000  2.828427  3.162278
 1.000000  2.828427  3.162278
 1.000000  2.828427  3.162278
 1.000000  2.828427  3.162278
 1.000000 10.440307 10.770330
 1.000000 12.727922 13.038405
 1.000000  6.403124  6.708204
 1.000000  6.403124  6.708204
 1.000000  6.403124  6.708204
 1.000000  5.099020  5.385165
 1.000000  5.099020  5.385165
 1.000000  5.099020  5.385165
 1.000000  8.944272  9.219544
 1.000000  5.385165  5.656854
 1.000000  5.385165  5.656854
 1.000000  5.385165  5.656854
 1.000000  9.219544  9.486833
 1.000000  7.810250  8.062258
 1.000000  7.810250  8.062258
 1.000000  7.810250  8.062258
 1.000000  7.810250  8.062258
 1.000000  7.810250  8.062258
 1.000000 10.198039 10.440307
 1.000000  6.082763  6.324555
 1.000000  6.082763  6.324555
 1.000000  6.082763  6.324555
 1.000000  8.246211  8.485281
 1.000000  8.246211  8.485281
 1.000000  2.000000  2.236068
 1.000000  2.000000  2.236068
 1.000000  2.000000  2.236068
 1.000000  2.000000  2.236068
 1.000000  4.242641  4.472136
 1.000000 10.816654 11.045361
 1.000000 11.180340 11.401754
 1.000000  9.219544  9.433981
 1.000000  9.219544  9.433981
 1.000000  7.071068  7.280110
 1.000000  7.071068  7.280110
 1.000000  7.071068  7.280110
 1.000000  7.071068  7.280110
 1.000000  7.071068  7.280110
 1.000000  7.615773  7.810250
 1.000000  7.615773  7.810250
 1.000000  7.615773  7.810250
 1.000000  7.615773  7.810250
 1.000000  7.615773  7.810250
 1.000000  7.615773  7.810250
 1.000000  8.062258  8.246211
 1.000000  5.656854  5.830952
 1.000000  5.656854  5.830952
 1.000000  5.656854  5.830952
 1.000000  5.656854  5.830952
 1.000000  5.656854  5.830952
 1.000000  5.656854  5.830952
 1.000000  2.828427  3.000000
 1.000000  3.000000  3.162278
 1.000000  3.000000  3.162278
 1.000000  3.000000  3.162278
 1.000000  3.000000  3.162278
 1.000000  3.000000  3.162278
 1.000000  3.000000  3.162278
 1.000000  3.000000  3.162278
 1.000000  3.000000  3.162278
 1.000000  3.000000  3.162278
 1.000000  3.000000  3.162278
 1.000000  3.000000  3.162278
 1.000000  3.000000  3.162278
 1.000000  9.848858 10.000000
 1.000000  9.848858 10.000000
 1.000000 10.049876 10.198039
 1.000000 10.049876 10.198039
 1.000000  7.071068  7.211103
 1.000000  7.071068  7.211103
 1.000000  7.071068  7.211103
 1.000000 11.045361 11.180340
 1.000000  4.000000  4.123106
 1.000000  4.000000  4.123106
 1.000000  4.000000  4.123106
 1.000000  4.000000  4.123106
 1.000000  4.000000  4.123106
 1.000000  4.000000  4.123106
 1.000000  4.123106  4.242641
 1.000000  4.123106  4.242641
 1.000000  4.123106  4.242641
 1.000000  4.123106  4.242641
 1.000000  4.123106  4.242641
 1.000000  8.485281  8.602325
 1.000000 13.038405 13.152946
 1.000000  5.000000  5.099020
 1.000000  5.000000  5.099020
 1.000000  5.000000  5.099020
 1.000000  5.000000  5.099020
 1.000000  5.000000  5.099020
 1.000000  5.000000  5.099020
 1.000000  5.000000  5.099020
 1.000000 11.313708 11.401754
 1.000000  6.000000  6.082763
 1.000000  6.000000  6.082763
 1.000000  6.000000  6.082763
 1.000000  6.000000  6.082763
 1.000000  6.000000  6.082763
 1.000000  7.000000  7.071068
 1.000000  8.000000  8.062258
 1.000000  8.000000  8.062258
 1.000000  9.000000  9.055385
 1.000000  9.000000  9.055385
 1.000000  9.848858  9.899495
 1.000000 11.000000 11.045361
 0.000000 -28.319605       inf
 0.000000 -20.615528  3.000000
 0.000000 -16.401219  2.000000
 0.000000 -13.416408  2.828427
 0.000000 -13.892444  2.000000
 0.000000 -12.083046  2.828427
 0.000000 -10.000000  3.605551
 0.000000 -9.000000  3.605551
 0.000000 -14.000000 -1.414214
 0.000000 -11.000000  1.000000
 0.000000 -9.486833  1.000000
 0.000000 -14.422205 -5.000000
 0.000000 -8.000000  1.414214
 0.000000 -8.246211  1.000000
 0.000000 -1.414214  7.000000
 0.000000 -6.324555  1.000000
 0.000000 -9.486833 -2.236068
 0.000000 -12.806248 -6.082763
 0.000000 -7.810250 -1.414214
 0.000000 -10.770330 -5.000000
 0.000000 -8.544004 -2.828427
 0.000000 -13.892444 -8.544004
 0.000000 -6.082763 -1.000000
 0.000000 -6.403124 -2.000000
 0.000000 -8.000000 -4.000000
 0.000000 -11.401754 -7.615773
 0.000000 -7.615773 -4.242641
 0.000000 -8.062258 -5.000000
 0.000000 -10.000000 -7.000000
 0.000000 -9.219544 -6.403124
 0.000000 -10.816654 -8.246211
 0.000000 -6.082763 -3.605551
 0.000000 -6.324555 -4.000000
 0.000000 -9.899495 -7.615773
 0.000000 -11.180340 -9.055385
 0.000000 -7.071068 -5.000000
 0.000000 -8.062258 -6.000000
 0.000000 -9.219544 -7.211103
 0.000000 -5.000000 -3.000000
 0.000000 -5.000000 -3.000000
 0.000000 -2.828427 -1.000000
 0.000000 -8.944272 -7.211103
 0.000000 -6.708204 -5.000000
 0.000000 -6.082763 -4.472136
 0.000000 -7.211103 -5.656854
 0.000000 -13.416408 -12.000000
 0.000000 -12.165525 -10.816654
 0.000000 -8.544004 -7.211103
 0.000000 -6.324555 -5.000000
 0.000000 -12.041595 -10.770330
 0.000000 -6.324555 -5.099020
 0.000000 -8.062258 -7.071068
 0.000000 -6.708204 -5.830952
 0.000000 -8.000000 -7.211103
 0.000000 -10.000000 -9.219544
 0.000000 -8.544004 -7.810250
 0.000000 -8.000000 -7.280110
 0.000000 -6.708204 -6.000000
 0.000000 -8.944272 -8.246211
 0.000000 -10.440307 -9.899495
 0.000000 -12.165525 -11.704700
 0.000000 -8.062258 -7.615773
 0.000000 -6.403124 -6.000000
 0.000000 -8.944272 -8.544004
 0.000000 -9.433981 -9.055385
 0.000000 -12.083046 -11.704700
 0.000000 -7.071068 -6.708204
 0.000000 -8.602325 -8.246211
 0.000000 -8.944272 -8.602325
 0.000000 -7.615773 -7.280110
 0.000000 -10.630146 -10.295630
 0.000000 -6.708204 -6.403124
 0.000000 -6.708204 -6.403124
 0.000000 -8.544004 -8.246211
 0.000000 -8.544004 -8.246211
 0.000000 -5.385165 -5.099020
 0.000000 -9.219544 -8.944272
 0.000000 -13.416408 -13.152946
 0.000000 -8.062258 -7.810250
 0.000000 -8.062258 -7.810250
 0.000000 -8.062258 -7.810250
 0.000000 -8.062258 -7.810250
 0.000000 -10.198039 -10.000000
 0.000000 -13.341664 -13.152946
 0.000000 -8.246211 -8.062258
 0.000000 -8.246211 -8.062258
 0.000000 -8.246211 -8.062258
 0.000000 -8.246211 -8.062258
 0.000000 -9.219544 -9.055385
 0.000000 -7.211103 -7.071068
 0.000000 -7.211103 -7.071068
 0.000000 -11.180340 -11.045361
 0.000000 -12.165525 -12.041595
 0.000000 -8.602325 -8.485281
 0.000000 -8.602325 -8.485281
 0.000000 -10.000000 -9.899495
 0.000000 -10.000000 -9.899495
 0.000000 -10.000000 -9.899495
 0.000000 -6.082763 -6.000000
 0.000000 -6.082763 -6.000000
 0.000000 -6.403124 -6.324555
 0.000000 -12.806248 -12.727922
 0.000000 -7.071068 -7.000000
 0.000000 -7.280110 -7.211103
 0.000000 -8.062258 -8.000000
 0.000000 -8.544004 -8.485281
 0.000000 -9.055385 -9.000000
 0.000000 -10.816654 -10.770330
 0.000000 -12.206556 -12.165525
