 1.000000  2.000000 13.601471
 1.000000 -4.123106  4.123106
 1.000000  2.236068 10.440307
 1.000000 -4.000000  4.123106
 1.000000  2.236068  9.848858
 1.000000 -5.656854  1.414214
 1.000000  1.000000  6.708204
 1.000000 -1.000000  4.472136
 1.000000  2.236068  7.615773
 1.000000  2.828427  8.062258
 1.000000  4.000000  9.000000
 1.000000  4.123106  8.000000
 1.000000 -2.828427  1.000000
 1.000000  4.000000  7.810250
 1.000000 -2.236068  1.000000
 1.000000  6.000000  9.219544
 1.000000  2.236068  5.385165
 1.000000  4.123106  7.211103
 1.000000  6.000000  8.944272
 1.000000  2.828427  5.385165
 1.000000  8.944272 11.313708
 1.000000  6.082763  8.246211
 1.000000  5.000000  7.071068
 1.000000  2.236068  4.242641
 1.000000  2.000000  4.000000
 1.000000  5.099020  7.000000
 1.000000  5.385165  7.071068
 1.000000  3.000000  4.472136
 1.000000  8.485281  9.899495
 1.000000  1.414214  2.828427
 1.000000  2.236068  3.605551
 1.000000  6.708204  8.000000
 1.000000  3.000000  4.242641
 1.000000 12.165525 13.341664
 1.000000  2.828427  4.000000
 1.000000  2.828427  4.000000
 1.000000  5.000000  6.082763
 1.000000  5.385165  6.403124
 1.000000  3.000000  4.000000
 1.000000  1.000000  2.000000
 1.000000  1.000000  2.000000
 1.000000  1.000000  2.000000
 1.000000  6.082763  7.071068
 1.000000  5.000000  5.830952
 1.000000  1.414214  2.236068
 1.000000  2.236068  3.000000
 1.000000  2.236068  3.000000
 1.000000  4.242641  5.000000
 1.000000  4.242641  5.000000
 1.000000  4.242641  5.000000
 1.000000  6.324555  7.071068
 1.000000  5.656854  6.403124
 1.000000  5.656854  6.403124
 1.000000  5.656854  6.403124
 1.000000  5.385165  6.082763
 1.000000  6.403124  7.071068
 1.000000  6.403124  7.071068
 1.000000  5.656854  6.324555
 1.000000  5.656854  6.324555
 1.000000  5.000000  5.656854
 1.000000  5.000000  5.656854
 1.000000  5.000000  5.656854
 1.000000  7.615773  8.246211
 1.000000  8.602325  9.219544
 1.000000  8.602325  9.219544
 1.000000  3.000000  3.605551
 1.000000  2.236068  2.828427
 1.000000  2.236068  2.828427
 1.000000  2.236068  2.828427
 1.000000  2.236068  2.828427
 1.000000  2.236068  2.828427
 1.000000  1.414214  2.000000
 1.000000  1.414214  2.000000
 1.000000  1.414214  2.000000
 1.000000  1.414214  2.000000
 1.000000  5.830952  6.403124
 1.000000  5.830952  6.403124
 1.000000  5.830952  6.403124
 1.000000  4.472136  5.000000
 1.000000  4.472136  5.000000
 1.000000  4.472136  5.000000
 1.000000  3.605551  4.123106
 1.000000  3.605551  4.123106
 1.000000  6.708204  7.211103
 1.000000  5.830952  6.324555
 1.000000  5.830952  6.324555
 1.000000  8.944272  9.433981
 1.000000  9.000000  9.486833
 1.000000  8.062258  8.544004
 1.000000  8.062258  8.544004
 1.000000 10.295630 10.770330
 1.000000 10.295630 10.770330
 1.000000  7.615773  8.062258
 1.000000  5.385165  5.830952
 1.000000  5.385165  5.830952
 1.000000  5.385165  5.830952
 1.000000  3.162278  3.605551
 1.000000  3.162278  3.605551
 1.000000  3.162278  3.605551
 1.000000  3.162278  3.605551
 1.000000  3.162278  3.605551
 1.000000  3.162278  3.605551
 1.000000  3.162278  3.605551
 1.000000  3.162278  3.605551
 1.000000  3.162278  3.605551
 1.000000  1.000000  1.414214
 1.000000  1.000000  1.414214
 1.000000  1.000000  1.414214
 1.000000  8.544004  8.944272
 1.000000  3.605551  4.000000
 1.000000  3.605551  4.000000
 1.000000  5.000000  5.385165
 1.000000  6.324555  6.708204
 1.000000  6.324555  6.708204
 1.000000  6.324555  6.708204
 1.000000  9.486833  9.848858
 1.000000  4.123106  4.472136
 1.000000  4.123106  4.472136
 1.000000  7.280110  7.615773
 1.000000  7.280110  7.615773
 1.000000  2.828427  3.162278
 1.000000  2.828427  3.162278
 1.000000  2.828427  3.162278
 1.000000  2.828427  3.162278
 1.000000  6.000000  6.324555
 1.000000  6.708204  7.000000
 1.000000  6.708204  7.000000
 1.000000  5.099020  5.385165
 1.000000  5.099020  5.385165
 1.000000  5.099020  5.385165
 1.000000  5.099020  5.385165
 1.000000  7.000000  7.280110
 1.000000  8.944272  9.219544
 1.000000  8.944272  9.219544
 1.000000  5.385165  5.656854
 1.000000  5.385165  5.656854
 1.000000  5.385165  5.656854
 1.000000  5.385165  5.656854
 1.000000  9.219544  9.486833
 1.000000  5.830952  6.082763
 1.000000  5.830952  6.082763
 1.000000  8.000000  8.246211
 1.000000 10.049876 10.295630
 1.000000 10.198039 10.440307
 1.000000  6.082763  6.324555
 1.000000  6.082763  6.324555
 1.000000  6.082763  6.324555
 1.000000  2.000000  2.236068
 1.000000  2.000000  2.236068
 1.000000  2.000000  2.236068
 1.000000  2.000000  2.236068
 1.000000  2.000000  2.236068
 1.000000  2.000000  2.236068
 1.000000  2.000000  2.236068
 1.000000  4.242641  4.472136
 1.000000  4.242641  4.472136
 1.000000  4.242641  4.472136
 1.000000  4.242641  4.472136
 1.000000  4.242641  4.472136
 1.000000  4.242641  4.472136
 1.000000  4.242641  4.472136
 1.000000  4.242641  4.472136
 1.000000  9.219544  9.433981
 1.000000  7.615773  7.810250
 1.000000 10.440307 10.630146
 1.000000  8.062258  8.246211
 1.000000  8.062258  8.246211
 1.000000  5.656854  5.830952
 1.000000  5.656854  5.830952
 1.000000  2.828427  3.000000
 1.000000  2.828427  3.000000
 1.000000  2.828427  3.000000
 1.000000  3.000000  3.162278
 1.000000  3.000000  3.162278
 1.000000  9.848858 10.000000
 1.000000 10.049876 10.198039
 1.000000  7.071068  7.211103
 1.000000  7.071068  7.211103
 1.000000  7.071068  7.211103
 1.000000  4.000000  4.123106
 1.000000  4.000000  4.123106
 1.000000  4.000000  4.123106
 1.000000  4.000000  4.123106
 1.000000  4.000000  4.123106
 1.000000  4.000000  4.123106
 1.000000  4.000000  4.123106
 1.000000  4.000000  4.123106
 1.000000  4.000000  4.123106
 1.000000  4.000000  4.123106
 1.000000  4.123106  4.242641
 1.000000  4.123106  4.242641
 1.000000  8.485281  8.602325
 1.000000 13.038405 13.152946
 1.000000  5.000000  5.099020
 1.000000  5.000000  5.099020
 1.000000  5.000000  5.099020
 1.000000  5.000000  5.099020
 1.000000  5.000000  5.099020
 1.000000  6.000000  6.082763
 1.000000  6.000000  6.082763
 1.000000  6.000000  6.082763
 1.000000  6.000000  6.082763
 1.000000  6.000000  6.082763
 1.000000  6.000000  6.082763
 1.000000  6.324555  6.403124
 1.000000  6.324555  6.403124
 1.000000  6.324555  6.403124
 1.000000  7.000000  7.071068
 1.000000  7.000000  7.071068
 1.000000  7.000000  7.071068
 1.000000  7.000000  7.071068
 1.000000  7.000000  7.071068
 1.000000  7.211103  7.280110
 1.000000  8.000000  8.062258
 1.000000  8.000000  8.062258
 1.000000  8.000000  8.062258
 1.000000  8.944272  9.000000
 1.000000  9.433981  9.486833
 1.000000  9.433981  9.486833
 1.000000 11.000000 11.045361
 1.000000 11.000000 11.045361
 1.000000 12.000000 12.041595
 0.000000 -15.231546       inf
 0.000000 -14.866069  2.000000
 0.000000 -11.000000  2.000000
 0.000000 -7.810250  4.242641
 0.000000 -11.000000  1.000000
 0.000000 -9.486833  1.000000
 0.000000 -7.211103  3.000000
 0.000000 -7.000000  3.000000
 0.000000 -4.000000  6.000000
 0.000000 -8.544004  1.000000
 0.000000 -6.708204  2.828427
 0.000000 -13.000000 -4.000000
 0.000000 -4.472136  4.000000
 0.000000 -6.324555  2.000000
 0.000000 -7.280110  1.000000
 0.000000 -7.211103  1.000000
 0.000000 -14.560220 -6.708204
 0.000000 -10.816654 -3.000000
 0.000000 -4.123106  3.162278
 0.000000 -5.830952  1.414214
 0.000000 -11.000000 -4.242641
 0.000000 -8.062258 -1.414214
 0.000000 -9.219544 -3.000000
 0.000000 -12.529964 -6.324555
 0.000000 -9.486833 -3.605551
 0.000000 -7.615773 -2.000000
 0.000000 -13.341664 -7.810250
 0.000000 -2.236068  3.000000
 0.000000 -10.198039 -5.000000
 0.000000 -9.486833 -5.000000
 0.000000 -11.180340 -7.071068
 0.000000 -6.000000 -2.000000
 0.000000 -13.000000 -9.000000
 0.000000 -6.000000 -2.236068
 0.000000 -8.602325 -5.000000
 0.000000 -10.000000 -6.403124
 0.000000 -12.000000 -8.485281
 0.000000 -6.324555 -2.828427
 0.000000 -12.000000 -8.544004
 0.000000 -8.062258 -5.656854
 0.000000 -6.403124 -4.000000
 0.000000 -6.403124 -4.000000
 0.000000 -6.000000 -3.605551
 0.000000 -10.630146 -8.485281
 0.000000 -12.041595 -10.000000
 0.000000 -6.403124 -4.472136
 0.000000 -10.440307 -8.544004
 0.000000 -8.246211 -6.403124
 0.000000 -5.000000 -3.162278
 0.000000 -9.000000 -7.211103
 0.000000 -13.152946 -11.401754
 0.000000 -10.440307 -8.944272
 0.000000 -9.219544 -7.810250
 0.000000 -6.324555 -5.000000
 0.000000 -7.000000 -5.830952
 0.000000 -13.152946 -12.041595
 0.000000 -6.082763 -5.000000
 0.000000 -6.324555 -5.385165
 0.000000 -7.000000 -6.082763
 0.000000 -7.211103 -6.403124
 0.000000 -11.180340 -10.440307
 0.000000 -6.324555 -5.656854
 0.000000 -5.656854 -5.000000
 0.000000 -11.704700 -11.180340
 0.000000 -9.433981 -8.944272
 0.000000 -8.062258 -7.615773
 0.000000 -8.062258 -7.615773
 0.000000 -8.944272 -8.544004
 0.000000 -6.708204 -6.324555
 0.000000 -6.708204 -6.324555
 0.000000 -13.000000 -12.649111
 0.000000 -7.615773 -7.280110
 0.000000 -7.615773 -7.280110
 0.000000 -10.770330 -10.440307
 0.000000 -11.704700 -11.401754
 0.000000 -11.704700 -11.401754
 0.000000 -8.544004 -8.246211
 0.000000 -8.544004 -8.246211
 0.000000 -7.000000 -6.708204
 0.000000 -7.000000 -6.708204
 0.000000 -11.661904 -11.401754
 0.000000 -11.661904 -11.401754
 0.000000 -8.062258 -7.810250
 0.000000 -8.062258 -7.810250
 0.000000 -10.440307 -10.198039
 0.000000 -6.324555 -6.082763
 0.000000 -6.324555 -6.082763
 0.000000 -4.472136 -4.242641
 0.000000 -11.045361 -10.816654
 0.000000 -9.219544 -9.000000
 0.000000 -9.433981 -9.219544
 0.000000 -7.280110 -7.071068
 0.000000 -8.246211 -8.062258
 0.000000 -5.830952 -5.656854
 0.000000 -12.165525 -12.000000
 0.000000 -12.206556 -12.041595
 0.000000 -9.219544 -9.055385
 0.000000 -7.211103 -7.071068
 0.000000 -7.211103 -7.071068
 0.000000 -7.211103 -7.071068
 0.000000 -5.099020 -5.000000
 0.000000 -6.082763 -6.000000
 0.000000 -12.165525 -12.083046
 0.000000 -6.403124 -6.324555
 0.000000 -7.280110 -7.211103
 0.000000 -7.280110 -7.211103
 0.000000 -9.055385 -9.000000
 0.000000 -9.055385 -9.000000
 0.000000 -9.055385 -9.000000
 0.000000 -9.055385 -9.000000
 0.000000 -10.049876 -10.000000
 0.000000 -11.045361 -11.000000
