 1.000000 -2.236068 11.180340
 1.000000 -4.242641  7.071068
 1.000000  3.000000 13.000000
 1.000000 -5.000000  3.000000
 1.000000  4.000000 11.661904
 1.000000 -5.385165  2.000000
 1.000000  3.605551  9.848858
 1.000000  4.000000 10.049876
 1.000000 -3.000000  3.000000
 1.000000  4.123106  9.219544
 1.000000  5.656854 10.049876
 1.000000  2.828427  7.211103
 1.000000  5.000000  9.055385
 1.000000  3.605551  7.280110
 1.000000  6.403124 10.000000
 1.000000  5.000000  8.544004
 1.000000  2.828427  6.324555
 1.000000  5.000000  8.485281
 1.000000  2.236068  5.656854
 1.000000  4.000000  7.280110
 1.000000  3.162278  6.403124
 1.000000 -2.236068  1.000000
 1.000000  2.000000  5.099020
 1.000000  3.605551  5.830952
 1.000000  5.000000  7.071068
 1.000000  3.000000  5.000000
 1.000000  3.000000  5.000000
 1.000000 -1.000000  1.000000
 1.000000  4.000000  5.830952
 1.000000  2.000000  3.605551
 1.000000  2.000000  3.605551
 1.000000  4.472136  6.000000
 1.000000  5.656854  7.071068
 1.000000  3.605551  5.000000
 1.000000  1.000000  2.236068
 1.000000  4.472136  5.656854
 1.000000  2.000000  3.162278
 1.000000  2.000000  3.162278
 1.000000  8.062258  9.219544
 1.000000  5.000000  6.082763
 1.000000  9.000000 10.000000
 1.000000  5.000000  6.000000
 1.000000  3.162278  4.123106
 1.000000  8.485281  9.433981
 1.000000  5.385165  6.324555
 1.000000  5.099020  6.000000
 1.000000  6.324555  7.211103
 1.000000  8.062258  8.944272
 1.000000  7.211103  8.062258
 1.000000  9.000000  9.848858
 1.000000  2.000000  2.828427
 1.000000  7.810250  8.602325
 1.000000  4.242641  5.000000
 1.000000  5.385165  6.082763
 1.000000  7.810250  8.485281
 1.000000  7.810250  8.485281
 1.000000  5.656854  6.324555
 1.000000  5.000000  5.656854
 1.000000  3.605551  4.242641
 1.000000  3.000000  3.605551
 1.000000  3.000000  3.605551
 1.000000  3.000000  3.605551
 1.000000  7.211103  7.810250
 1.000000  2.236068  2.828427
 1.000000  2.236068  2.828427
 1.000000  2.236068  2.828427
 1.000000  2.236068  2.828427
 1.000000  2.236068  2.828427
 1.000000  2.236068  2.828427
 1.000000  2.236068  2.828427
 1.000000  2.236068  2.828427
 1.000000  2.236068  2.828427
 1.000000  2.236068  2.828427
 1.000000  2.236068  2.828427
 1.000000  2.236068  2.828427
 1.000000  1.414214  2.000000
 1.000000  1.414214  2.000000
 1.000000 10.816654 11.401754
 1.000000  4.472136  5.000000
 1.000000  4.472136  5.000000
 1.000000  4.472136  5.000000
 1.000000  3.605551  4.123106
 1.000000  3.605551  4.123106
 1.000000  3.605551  4.123106
 1.000000  3.605551  4.123106
 1.000000  5.830952  6.324555
 1.000000  5.830952  6.324555
 1.000000  5.830952  6.324555
 1.000000  5.830952  6.324555
 1.000000  5.830952  6.324555
 1.000000  8.062258  8.544004
 1.000000 11.180340 11.661904
 1.000000 12.083046 12.529964
 1.000000  7.615773  8.062258
 1.000000  3.162278  3.605551
 1.000000  3.162278  3.605551
 1.000000  3.162278  3.605551
 1.000000  3.162278  3.605551
 1.000000  3.162278  3.605551
 1.000000  8.062258  8.485281
 1.000000  8.062258  8.485281
 1.000000  8.062258  8.485281
 1.000000  8.062258  8.485281
 1.000000 11.661904 12.083046
 1.000000  1.000000  1.414214
 1.000000  1.000000  1.414214
 1.000000  1.000000  1.414214
 1.000000  7.211103  7.615773
 1.000000  8.544004  8.944272
 1.000000  8.544004  8.944272
 1.000000  8.544004  8.944272
 1.000000  8.544004  8.944272
 1.000000  8.544004  8.944272
 1.000000  8.544004  8.944272
 1.000000  3.605551  4.000000
 1.000000  5.000000  5.385165
 1.000000  5.000000  5.385165
 1.000000  6.324555  6.708204
 1.000000  6.324555  6.708204
 1.000000  6.324555  6.708204
 1.000000  6.324555  6.708204
 1.000000  6.708204  7.071068
 1.000000  6.708204  7.071068
 1.000000  6.708204  7.071068
 1.000000  9.486833  9.848858
 1.000000  4.123106  4.472136
 1.000000  4.123106  4.472136
 1.000000  8.602325  8.944272
 1.000000  8.602325  8.944272
 1.000000  7.280110  7.615773
 1.000000  6.403124  6.708204
 1.000000  8.246211  8.544004
 1.000000  6.708204  7.000000
 1.000000  6.708204  7.000000
 1.000000  5.099020  5.385165
 1.000000  5.099020  5.385165
 1.000000  5.099020  5.385165
 1.000000  5.099020  5.385165
 1.000000  5.099020  5.385165
 1.000000  5.099020  5.385165
 1.000000  5.099020  5.385165
 1.000000  8.944272  9.219544
 1.000000  5.385165  5.656854
 1.000000 11.401754 11.661904
 1.000000  5.830952  6.082763
 1.000000  5.830952  6.082763
 1.000000  6.082763  6.324555
 1.000000  2.000000  2.236068
 1.000000  2.000000  2.236068
 1.000000  2.000000  2.236068
 1.000000  4.242641  4.472136
 1.000000  4.242641  4.472136
 1.000000  4.242641  4.472136
 1.000000  4.242641  4.472136
 1.000000  4.242641  4.472136
 1.000000  4.242641  4.472136
 1.000000 11.180340 11.401754
 1.000000  9.000000  9.219544
 1.000000  9.219544  9.433981
 1.000000  7.071068  7.280110
 1.000000  7.071068  7.280110
 1.000000  7.071068  7.280110
 1.000000  7.071068  7.280110
 1.000000 12.529964 12.727922
 1.000000  7.615773  7.810250
 1.000000  7.615773  7.810250
 1.000000  7.615773  7.810250
 1.000000  7.615773  7.810250
 1.000000  5.656854  5.830952
 1.000000  5.656854  5.830952
 1.000000  5.656854  5.830952
 1.000000  5.656854  5.830952
 1.000000  5.656854  5.830952
 1.000000  5.656854  5.830952
 1.000000  5.656854  5.830952
 1.000000  2.828427  3.000000
 1.000000  2.828427  3.000000
 1.000000  2.828427  3.000000
 1.000000  2.828427  3.000000
 1.000000  5.830952  6.000000
 1.000000  9.055385  9.219544
 1.000000  9.055385  9.219544
 1.000000  3.000000  3.162278
 1.000000  3.000000  3.162278
 1.000000  3.000000  3.162278
 1.000000  3.000000  3.162278
 1.000000  3.000000  3.162278
 1.000000 10.049876 10.198039
 1.000000  7.071068  7.211103
 1.000000  7.071068  7.211103
 1.000000  7.071068  7.211103
 1.000000  7.071068  7.211103
 1.000000 11.180340 11.313708
 1.000000  4.000000  4.123106
 1.000000  4.000000  4.123106
 1.000000  4.000000  4.123106
 1.000000  4.000000  4.123106
 1.000000  4.000000  4.123106
 1.000000  4.000000  4.123106
 1.000000  4.123106  4.242641
 1.000000  4.123106  4.242641
 1.000000  4.123106  4.242641
 1.000000  4.123106  4.242641
 1.000000  4.123106  4.242641
 1.000000  4.123106  4.242641
 1.000000  4.123106  4.242641
 1.000000  4.123106  4.242641
 1.000000  8.485281  8.602325
 1.000000  8.485281  8.602325
 1.000000  8.485281  8.602325
 1.000000  5.000000  5.099020
 1.000000  5.000000  5.099020
 1.000000  5.000000  5.099020
 1.000000 11.313708 11.401754
 1.000000  6.000000  6.082763
 1.000000  6.000000  6.082763
 1.000000  6.324555  6.403124
 1.000000  6.324555  6.403124
 1.000000  6.324555  6.403124
 1.000000  7.000000  7.071068
 1.000000  7.000000  7.071068
 1.000000  7.000000  7.071068
 1.000000  7.000000  7.071068
 1.000000  8.000000  8.062258
 1.000000  8.000000  8.062258
 1.000000  8.544004  8.602325
 1.000000  9.433981  9.486833
 1.000000 10.000000 10.049876
 1.000000 11.000000 11.045361
 1.000000 16.000000 16.031220
 0.000000 -14.866069       inf
 0.000000 -14.764823  3.000000
 0.000000 -14.317821  2.236068
 0.000000 -14.212670  1.414214
 0.000000 -13.416408  1.000000
 0.000000 -13.152946 -3.000000
 0.000000 -12.083046 -2.000000
 0.000000 -8.062258  1.000000
 0.000000 -6.708204  2.236068
 0.000000 -6.324555  2.236068
 0.000000 -13.892444 -5.385165
 0.000000 -10.198039 -2.000000
 0.000000 -6.000000  2.000000
 0.000000 -5.830952  2.000000
 0.000000 -13.038405 -5.385165
 0.000000 -5.830952  1.414214
 0.000000 -12.806248 -6.000000
 0.000000 -10.295630 -3.605551
 0.000000 -13.601471 -7.211103
 0.000000 -10.295630 -4.000000
 0.000000 -11.704700 -5.656854
 0.000000 -9.899495 -4.242641
 0.000000 -3.605551  2.000000
 0.000000 -8.602325 -3.000000
 0.000000 -8.000000 -2.828427
 0.000000 -11.401754 -6.324555
 0.000000 -7.615773 -3.000000
 0.000000 -8.544004 -4.000000
 0.000000 -10.630146 -7.000000
 0.000000 -9.433981 -5.830952
 0.000000 -10.295630 -6.708204
 0.000000 -8.062258 -5.000000
 0.000000 -2.000000  1.000000
 0.000000 -6.000000 -3.000000
 0.000000 -8.000000 -5.000000
 0.000000 -8.000000 -5.000000
 0.000000 -6.000000 -3.162278
 0.000000 -12.041595 -9.219544
 0.000000 -10.816654 -8.000000
 0.000000 -10.000000 -7.211103
 0.000000 -10.770330 -8.000000
 0.000000 -8.944272 -6.403124
 0.000000 -1.414214  1.000000
 0.000000 -8.246211 -6.000000
 0.000000 -6.000000 -4.000000
 0.000000 -3.000000 -1.000000
 0.000000 -7.211103 -5.385165
 0.000000 -10.198039 -8.544004
 0.000000 -10.630146 -9.000000
 0.000000 -6.403124 -5.000000
 0.000000 -8.062258 -7.000000
 0.000000 -6.000000 -5.000000
 0.000000 -8.000000 -7.000000
 0.000000 -7.000000 -6.000000
 0.000000 -8.062258 -7.071068
 0.000000 -8.062258 -7.071068
 0.000000 -8.062258 -7.071068
 0.000000 -8.544004 -7.615773
 0.000000 -10.000000 -9.219544
 0.000000 -9.219544 -8.485281
 0.000000 -10.630146 -9.899495
 0.000000 -6.324555 -5.656854
 0.000000 -5.656854 -5.000000
 0.000000 -7.615773 -7.000000
 0.000000 -6.000000 -5.385165
 0.000000 -10.440307 -9.899495
 0.000000 -7.810250 -7.280110
 0.000000 -10.816654 -10.295630
 0.000000 -9.486833 -9.000000
 0.000000 -8.485281 -8.000000
 0.000000 -12.165525 -11.704700
 0.000000 -14.317821 -13.892444
 0.000000 -12.083046 -11.661904
 0.000000 -8.000000 -7.615773
 0.000000 -12.041595 -11.704700
 0.000000 -7.615773 -7.280110
 0.000000 -7.615773 -7.280110
 0.000000 -6.324555 -6.000000
 0.000000 -6.708204 -6.403124
 0.000000 -6.708204 -6.403124
 0.000000 -10.295630 -10.000000
 0.000000 -10.295630 -10.000000
 0.000000 -10.295630 -10.000000
 0.000000 -13.892444 -13.601471
 0.000000 -6.082763 -5.830952
 0.000000 -6.324555 -6.082763
 0.000000 -4.472136 -4.242641
 0.000000 -4.472136 -4.242641
 0.000000 -9.219544 -9.000000
 0.000000 -11.180340 -11.000000
 0.000000 -5.830952 -5.656854
 0.000000 -3.162278 -3.000000
 0.000000 -10.198039 -10.049876
 0.000000 -10.440307 -10.295630
 0.000000 -7.211103 -7.071068
 0.000000 -7.211103 -7.071068
 0.000000 -7.211103 -7.071068
 0.000000 -4.123106 -4.000000
 0.000000 -14.317821 -14.212670
 0.000000 -5.099020 -5.000000
 0.000000 -6.082763 -6.000000
 0.000000 -6.082763 -6.000000
 0.000000 -7.071068 -7.000000
 0.000000 -7.280110 -7.211103
 0.000000 -7.280110 -7.211103
 0.000000 -7.280110 -7.211103
 0.000000 -7.280110 -7.211103
 0.000000 -8.062258 -8.000000
 0.000000 -8.062258 -8.000000
 0.000000 -8.062258 -8.000000
 0.000000 -9.055385 -9.000000
 0.000000 -9.486833 -9.433981
 0.000000 -9.486833 -9.433981
 0.000000 -10.049876 -10.000000
 0.000000 -10.049876 -10.000000
 0.000000 -12.083046 -12.041595
