 1.000000  4.123106 13.038405
 1.000000 -3.000000  5.000000
 1.000000 -6.000000  2.000000
 1.000000  4.472136 12.165525
 1.000000 -1.414214  5.656854
 1.000000  5.000000 11.661904
 1.000000  2.236068  8.000000
 1.000000 -4.000000  1.414214
 1.000000  7.810250 13.000000
 1.000000  3.000000  8.062258
 1.000000  2.828427  7.071068
 1.000000  1.000000  5.099020
 1.000000  3.162278  7.000000
 1.000000  2.236068  6.000000
 1.000000  3.000000  6.403124
 1.000000  7.280110 10.630146
 1.000000  7.000000 10.198039
 1.000000  4.000000  7.071068
 1.000000  2.000000  5.000000
 1.000000  1.000000  4.000000
 1.000000  2.236068  5.099020
 1.000000  3.000000  5.656854
 1.000000  2.828427  5.385165
 1.000000  1.414214  3.605551
 1.000000  4.000000  6.082763
 1.000000  5.000000  7.071068
 1.000000  2.000000  4.000000
 1.000000 -1.000000  1.000000
 1.000000  1.000000  2.828427
 1.000000  1.414214  3.162278
 1.000000  5.385165  7.071068
 1.000000  8.944272 10.630146
 1.000000  9.055385 10.630146
 1.000000  8.000000  9.433981
 1.000000  4.242641  5.656854
 1.000000  5.000000  6.324555
 1.000000  4.472136  5.656854
 1.000000  7.000000  8.062258
 1.000000  7.211103  8.246211
 1.000000  3.000000  4.000000
 1.000000  3.000000  4.000000
 1.000000  1.000000  2.000000
 1.000000  8.062258  9.055385
 1.000000  3.162278  4.123106
 1.000000  5.385165  6.324555
 1.000000  9.899495 10.816654
 1.000000  9.000000  9.848858
 1.000000  2.000000  2.828427
 1.000000  2.828427  3.605551
 1.000000  4.242641  5.000000
 1.000000  4.242641  5.000000
 1.000000  4.242641  5.000000
 1.000000  4.242641  5.000000
 1.000000  6.324555  7.071068
 1.000000  7.071068  7.810250
 1.000000  6.000000  6.708204
 1.000000  3.605551  4.242641
 1.000000  4.472136  5.099020
 1.000000  3.000000  3.605551
 1.000000  2.236068  2.828427
 1.000000  2.236068  2.828427
 1.000000  2.236068  2.828427
 1.000000  2.236068  2.828427
 1.000000  1.414214  2.000000
 1.000000  1.414214  2.000000
 1.000000  1.414214  2.000000
 1.000000  1.414214  2.000000
 1.000000  1.414214  2.000000
 1.000000  1.414214  2.000000
 1.000000  5.099020  5.656854
 1.000000  4.472136  5.000000
 1.000000  4.472136  5.000000
 1.000000  4.472136  5.000000
 1.000000  4.472136  5.000000
 1.000000  4.472136  5.000000
 1.000000  4.472136  5.000000
 1.000000  4.472136  5.000000
 1.000000  3.605551  4.123106
 1.000000  3.605551  4.123106
 1.000000  5.830952  6.324555
 1.000000  8.944272  9.433981
 1.000000 12.165525 12.649111
 1.000000  8.062258  8.544004
 1.000000 10.295630 10.770330
 1.000000  5.385165  5.830952
 1.000000  5.385165  5.830952
 1.000000  5.385165  5.830952
 1.000000  5.385165  5.830952
 1.000000  5.385165  5.830952
 1.000000  3.162278  3.605551
 1.000000  3.162278  3.605551
 1.000000  3.162278  3.605551
 1.000000  3.162278  3.605551
 1.000000  3.162278  3.605551
 1.000000  3.162278  3.605551
 1.000000  3.162278  3.605551
 1.000000  9.000000  9.433981
 1.000000  9.433981  9.848858
 1.000000  9.433981  9.848858
 1.000000  1.000000  1.414214
 1.000000  1.000000  1.414214
 1.000000  1.000000  1.414214
 1.000000 10.770330 11.180340
 1.000000  7.211103  7.615773
 1.000000  7.211103  7.615773
 1.000000  7.211103  7.615773
 1.000000  8.544004  8.944272
 1.000000  9.899495 10.295630
 1.000000  9.899495 10.295630
 1.000000  9.899495 10.295630
 1.000000  3.605551  4.000000
 1.000000  3.605551  4.000000
 1.000000  3.605551  4.000000
 1.000000  5.000000  5.385165
 1.000000  5.000000  5.385165
 1.000000  5.000000  5.385165
 1.000000  5.000000  5.385165
 1.000000  5.000000  5.385165
 1.000000  5.000000  5.385165
 1.000000  5.000000  5.385165
 1.000000  5.000000  5.385165
 1.000000  5.000000  5.385165
 1.000000  7.615773  8.000000
 1.000000  6.324555  6.708204
 1.000000  4.123106  4.472136
 1.000000  4.123106  4.472136
 1.000000  4.123106  4.472136
 1.000000  4.123106  4.472136
 1.000000 13.000000 13.341664
 1.000000  7.280110  7.615773
 1.000000  7.280110  7.615773
 1.000000 10.295630 10.630146
 1.000000  2.828427  3.162278
 1.000000  2.828427  3.162278
 1.000000  2.828427  3.162278
 1.000000  2.828427  3.162278
 1.000000  6.000000  6.324555
 1.000000  6.403124  6.708204
 1.000000  6.403124  6.708204
 1.000000  8.246211  8.544004
 1.000000  8.246211  8.544004
 1.000000 10.000000 10.295630
 1.000000  6.708204  7.000000
 1.000000  5.099020  5.385165
 1.000000  5.099020  5.385165
 1.000000  5.099020  5.385165
 1.000000  5.099020  5.385165
 1.000000  5.099020  5.385165
 1.000000  5.385165  5.656854
 1.000000  5.385165  5.656854
 1.000000  5.385165  5.656854
 1.000000  7.810250  8.062258
 1.000000  5.830952  6.082763
 1.000000  5.830952  6.082763
 1.000000  6.082763  6.324555
 1.000000  6.082763  6.324555
 1.000000  6.082763  6.324555
 1.000000  6.082763  6.324555
 1.000000  6.082763  6.324555
 1.000000  2.000000  2.236068
 1.000000  2.000000  2.236068
 1.000000  2.000000  2.236068
 1.000000  2.000000  2.236068
 1.000000  2.000000  2.236068
 1.000000  2.000000  2.236068
 1.000000  2.000000  2.236068
 1.000000  4.242641  4.472136
 1.000000  4.242641  4.472136
 1.000000  4.242641  4.472136
 1.000000  4.242641  4.472136
 1.000000  4.242641  4.472136
 1.000000  4.242641  4.472136
 1.000000  9.000000  9.219544
 1.000000  7.071068  7.280110
 1.000000 12.165525 12.369317
 1.000000 10.000000 10.198039
 1.000000  7.615773  7.810250
 1.000000  7.615773  7.810250
 1.000000  7.615773  7.810250
 1.000000  7.810250  8.000000
 1.000000  8.062258  8.246211
 1.000000  5.656854  5.830952
 1.000000  5.656854  5.830952
 1.000000  5.656854  5.830952
 1.000000  5.656854  5.830952
 1.000000  3.000000  3.162278
 1.000000  3.000000  3.162278
 1.000000  3.000000  3.162278
 1.000000  3.000000  3.162278
 1.000000  3.000000  3.162278
 1.000000  3.000000  3.162278
 1.000000  3.000000  3.162278
 1.000000  3.000000  3.162278
 1.000000  3.000000  3.162278
 1.000000  3.000000  3.162278
 1.000000 10.049876 10.198039
 1.000000  7.071068  7.211103
 1.000000  7.071068  7.211103
 1.000000 12.041595 12.165525
 1.000000  4.000000  4.123106
 1.000000  4.000000  4.123106
 1.000000  4.123106  4.242641
 1.000000  4.123106  4.242641
 1.000000  4.123106  4.242641
 1.000000  4.123106  4.242641
 1.000000  8.944272  9.055385
 1.000000  9.899495 10.000000
 1.000000  9.899495 10.000000
 1.000000  9.899495 10.000000
 1.000000  5.000000  5.099020
 1.000000  5.000000  5.099020
 1.000000  5.000000  5.099020
 1.000000  5.000000  5.099020
 1.000000  5.000000  5.099020
 1.000000  6.000000  6.082763
 1.000000  6.000000  6.082763
 1.000000  6.000000  6.082763
 1.000000  6.324555  6.403124
 1.000000  6.324555  6.403124
 1.000000  7.000000  7.071068
 1.000000  7.000000  7.071068
 1.000000  7.000000  7.071068
 1.000000  8.000000  8.062258
 1.000000  8.000000  8.062258
 1.000000  8.544004  8.602325
 1.000000  9.000000  9.055385
 1.000000  9.848858  9.899495
 1.000000 10.000000 10.049876
 1.000000 11.661904 11.704700
 0.000000 -17.888544       inf
 0.000000 -16.155494  2.828427
 0.000000 -13.928388  1.414214
 0.000000 -13.038405  1.000000
 0.000000 -16.124515 -5.099020
 0.000000 -6.708204  3.000000
 0.000000 -8.062258  1.000000
 0.000000 -11.000000 -2.000000
 0.000000 -12.041595 -3.162278
 0.000000 -10.816654 -2.000000
 0.000000 -11.000000 -2.236068
 0.000000 -6.324555  2.000000
 0.000000 -7.000000  1.000000
 0.000000 -4.000000  4.000000
 0.000000 -12.041595 -4.242641
 0.000000 -13.152946 -5.385165
 0.000000 -6.708204  1.000000
 0.000000 -12.369317 -5.000000
 0.000000 -4.472136  2.828427
 0.000000 -14.212670 -7.000000
 0.000000 -10.000000 -2.828427
 0.000000 -13.000000 -7.615773
 0.000000 -3.000000  2.236068
 0.000000 -6.000000 -1.000000
 0.000000 -6.403124 -1.414214
 0.000000 -9.899495 -5.000000
 0.000000 -7.211103 -2.828427
 0.000000 -10.000000 -5.656854
 0.000000 -6.324555 -2.000000
 0.000000 -6.403124 -2.236068
 0.000000 -8.485281 -4.472136
 0.000000 -15.297059 -11.661904
 0.000000 -5.830952 -2.236068
 0.000000 -9.899495 -6.324555
 0.000000 -8.544004 -5.000000
 0.000000 -8.944272 -5.656854
 0.000000 -11.000000 -7.810250
 0.000000 -7.000000 -4.123106
 0.000000 -14.317821 -11.661904
 0.000000 -10.630146 -8.000000
 0.000000 -6.708204 -4.123106
 0.000000 -6.082763 -3.605551
 0.000000 -11.045361 -8.602325
 0.000000 -13.000000 -10.770330
 0.000000 -9.433981 -7.280110
 0.000000 -8.485281 -6.403124
 0.000000 -1.000000  1.000000
 0.000000 -10.000000 -8.000000
 0.000000 -7.211103 -5.385165
 0.000000 -7.071068 -5.656854
 0.000000 -6.403124 -5.099020
 0.000000 -10.198039 -9.000000
 0.000000 -11.704700 -10.630146
 0.000000 -6.000000 -5.000000
 0.000000 -6.000000 -5.000000
 0.000000 -6.000000 -5.000000
 0.000000 -6.000000 -5.000000
 0.000000 -8.062258 -7.071068
 0.000000 -9.219544 -8.246211
 0.000000 -9.433981 -8.485281
 0.000000 -7.211103 -6.403124
 0.000000 -7.071068 -6.324555
 0.000000 -9.219544 -8.544004
 0.000000 -5.656854 -5.000000
 0.000000 -9.848858 -9.219544
 0.000000 -6.708204 -6.082763
 0.000000 -6.708204 -6.082763
 0.000000 -6.000000 -5.385165
 0.000000 -2.000000 -1.414214
 0.000000 -6.403124 -5.830952
 0.000000 -6.403124 -5.830952
 0.000000 -7.615773 -7.071068
 0.000000 -7.810250 -7.280110
 0.000000 -7.211103 -6.708204
 0.000000 -6.324555 -5.830952
 0.000000 -6.082763 -5.656854
 0.000000 -8.944272 -8.544004
 0.000000 -8.944272 -8.602325
 0.000000 -7.615773 -7.280110
 0.000000 -3.162278 -2.828427
 0.000000 -6.324555 -6.000000
 0.000000 -6.708204 -6.403124
 0.000000 -6.708204 -6.403124
 0.000000 -6.708204 -6.403124
 0.000000 -6.708204 -6.403124
 0.000000 -7.000000 -6.708204
 0.000000 -5.385165 -5.099020
 0.000000 -9.219544 -8.944272
 0.000000 -5.656854 -5.385165
 0.000000 -6.324555 -6.082763
 0.000000 -4.472136 -4.242641
 0.000000 -9.219544 -9.000000
 0.000000 -9.433981 -9.219544
 0.000000 -7.211103 -7.000000
 0.000000 -8.246211 -8.062258
 0.000000 -5.830952 -5.656854
 0.000000 -5.830952 -5.656854
 0.000000 -9.219544 -9.055385
 0.000000 -9.219544 -9.055385
 0.000000 -10.198039 -10.049876
 0.000000 -14.142136 -14.000000
 0.000000 -7.211103 -7.071068
 0.000000 -4.123106 -4.000000
 0.000000 -10.000000 -9.899495
 0.000000 -5.099020 -5.000000
 0.000000 -5.099020 -5.000000
 0.000000 -6.082763 -6.000000
 0.000000 -6.082763 -6.000000
 0.000000 -7.071068 -7.000000
 0.000000 -8.062258 -8.000000
 0.000000 -8.062258 -8.000000
 0.000000 -8.062258 -8.000000
 0.000000 -9.000000 -8.944272
 0.000000 -9.486833 -9.433981
 0.000000 -10.816654 -10.770330
 0.000000 -12.041595 -12.000000
 0.000000 -12.083046 -12.041595
 0.000000 -12.083046 -12.041595
 0.000000 -12.083046 -12.041595
