 1.000000 -3.605551  7.810250
 1.000000  4.242641 12.806248
 1.000000 -2.000000  5.099020
 1.000000  4.242641 11.313708
 1.000000 -3.605551  3.000000
 1.000000 -3.000000  3.162278
 1.000000  7.000000 12.649111
 1.000000  1.000000  6.000000
 1.000000  3.000000  7.615773
 1.000000  3.000000  7.615773
 1.000000 -1.000000  3.605551
 1.000000  5.830952 10.000000
 1.000000  5.000000  9.055385
 1.000000  6.324555 10.295630
 1.000000  6.000000  9.848858
 1.000000  2.000000  5.385165
 1.000000  4.472136  7.615773
 1.000000  3.605551  6.708204
 1.000000 -2.000000  1.000000
 1.000000  4.472136  7.000000
 1.000000  2.828427  5.099020
 1.000000  1.000000  3.162278
 1.000000 -1.000000  1.000000
 1.000000  3.000000  5.000000
 1.000000  5.385165  7.211103
 1.000000  1.414214  3.000000
 1.000000  1.414214  3.000000
 1.000000  3.605551  5.099020
 1.000000  1.414214  2.828427
 1.000000  7.211103  8.544004
 1.000000  3.000000  4.123106
 1.000000  6.708204  7.810250
 1.000000  5.000000  6.082763
 1.000000  6.000000  7.071068
 1.000000  2.000000  3.000000
 1.000000  6.000000  7.000000
 1.000000  3.000000  4.000000
 1.000000  3.162278  4.123106
 1.000000  5.099020  6.000000
 1.000000  1.414214  2.236068
 1.000000  1.414214  2.236068
 1.000000  2.828427  3.605551
 1.000000 10.000000 10.770330
 1.000000  2.236068  3.000000
 1.000000  2.236068  3.000000
 1.000000  2.236068  3.000000
 1.000000  2.236068  3.000000
 1.000000  4.242641  5.000000
 1.000000  4.242641  5.000000
 1.000000  4.242641  5.000000
 1.000000  5.656854  6.403124
 1.000000 10.440307 11.180340
 1.000000  7.071068  7.810250
 1.000000 10.440307 11.045361
 1.000000  7.211103  7.810250
 1.000000  7.211103  7.810250
 1.000000  2.236068  2.828427
 1.000000  2.236068  2.828427
 1.000000  2.236068  2.828427
 1.000000  2.236068  2.828427
 1.000000  2.236068  2.828427
 1.000000  2.236068  2.828427
 1.000000  2.236068  2.828427
 1.000000  2.236068  2.828427
 1.000000  2.236068  2.828427
 1.000000  2.236068  2.828427
 1.000000  2.236068  2.828427
 1.000000  2.236068  2.828427
 1.000000  2.236068  2.828427
 1.000000  2.236068  2.828427
 1.000000  2.236068  2.828427
 1.000000  2.236068  2.828427
 1.000000  2.236068  2.828427
 1.000000  1.414214  2.000000
 1.000000  1.414214  2.000000
 1.000000  5.830952  6.403124
 1.000000  7.071068  7.615773
 1.000000  4.472136  5.000000
 1.000000  4.472136  5.000000
 1.000000  4.472136  5.000000
 1.000000  4.472136  5.000000
 1.000000  4.472136  5.000000
 1.000000  4.472136  5.000000
 1.000000  4.472136  5.000000
 1.000000  4.472136  5.000000
 1.000000  4.472136  5.000000
 1.000000  3.605551  4.123106
 1.000000  3.605551  4.123106
 1.000000  3.605551  4.123106
 1.000000  3.605551  4.123106
 1.000000  3.605551  4.123106
 1.000000  3.605551  4.123106
 1.000000  6.708204  7.211103
 1.000000  6.708204  7.211103
 1.000000 10.816654 11.313708
 1.000000  5.830952  6.324555
 1.000000  5.830952  6.324555
 1.000000  5.830952  6.324555
 1.000000  8.062258  8.544004
 1.000000  8.062258  8.544004
 1.000000 13.000000 13.453624
 1.000000 12.083046 12.529964
 1.000000  9.848858 10.295630
 1.000000  3.162278  3.605551
 1.000000  3.162278  3.605551
 1.000000  3.162278  3.605551
 1.000000  3.162278  3.605551
 1.000000  3.162278  3.605551
 1.000000  3.162278  3.605551
 1.000000  3.162278  3.605551
 1.000000  3.162278  3.605551
 1.000000  3.162278  3.605551
 1.000000  3.162278  3.605551
 1.000000  9.000000  9.433981
 1.000000  1.000000  1.414214
 1.000000  1.000000  1.414214
 1.000000  1.000000  1.414214
 1.000000  1.000000  1.414214
 1.000000  1.000000  1.414214
 1.000000 10.770330 11.180340
 1.000000  7.211103  7.615773
 1.000000  7.211103  7.615773
 1.000000  8.544004  8.944272
 1.000000  8.544004  8.944272
 1.000000  8.544004  8.944272
 1.000000  8.544004  8.944272
 1.000000  8.544004  8.944272
 1.000000  3.605551  4.000000
 1.000000  3.605551  4.000000
 1.000000  3.605551  4.000000
 1.000000  3.605551  4.000000
 1.000000  5.000000  5.385165
 1.000000  5.000000  5.385165
 1.000000  5.000000  5.385165
 1.000000  7.615773  8.000000
 1.000000  6.324555  6.708204
 1.000000  6.324555  6.708204
 1.000000  6.324555  6.708204
 1.000000  9.486833  9.848858
 1.000000  4.123106  4.472136
 1.000000  4.123106  4.472136
 1.000000  4.123106  4.472136
 1.000000  4.123106  4.472136
 1.000000  7.280110  7.615773
 1.000000  7.280110  7.615773
 1.000000  7.280110  7.615773
 1.000000  2.828427  3.162278
 1.000000  2.828427  3.162278
 1.000000  2.828427  3.162278
 1.000000  2.828427  3.162278
 1.000000  6.000000  6.324555
 1.000000 11.401754 11.704700
 1.000000  5.099020  5.385165
 1.000000  5.099020  5.385165
 1.000000  5.099020  5.385165
 1.000000  5.099020  5.385165
 1.000000  5.099020  5.385165
 1.000000  5.099020  5.385165
 1.000000  8.944272  9.219544
 1.000000  8.944272  9.219544
 1.000000 12.727922 13.000000
 1.000000  5.385165  5.656854
 1.000000  5.830952  6.082763
 1.000000  5.830952  6.082763
 1.000000  6.082763  6.324555
 1.000000  6.082763  6.324555
 1.000000  6.082763  6.324555
 1.000000  8.246211  8.485281
 1.000000  2.000000  2.236068
 1.000000  2.000000  2.236068
 1.000000  2.000000  2.236068
 1.000000  2.000000  2.236068
 1.000000  2.000000  2.236068
 1.000000  2.000000  2.236068
 1.000000  2.000000  2.236068
 1.000000  2.000000  2.236068
 1.000000  2.000000  2.236068
 1.000000  2.000000  2.236068
 1.000000  2.000000  2.236068
 1.000000  2.000000  2.236068
 1.000000  2.000000  2.236068
 1.000000  2.000000  2.236068
 1.000000  4.242641  4.472136
 1.000000  4.242641  4.472136
 1.000000  4.242641  4.472136
 1.000000  4.242641  4.472136
 1.000000  4.242641  4.472136
 1.000000  4.242641  4.472136
 1.000000  4.242641  4.472136
 1.000000  4.242641  4.472136
 1.000000 11.180340 11.401754
 1.000000  9.000000  9.219544
 1.000000  9.000000  9.219544
 1.000000  9.000000  9.219544
 1.000000  9.219544  9.433981
 1.000000  7.000000  7.211103
 1.000000 12.529964 12.727922
 1.000000  7.615773  7.810250
 1.000000  7.615773  7.810250
 1.000000  7.615773  7.810250
 1.000000 10.630146 10.816654
 1.000000 10.630146 10.816654
 1.000000  8.062258  8.246211
 1.000000  8.062258  8.246211
 1.000000  8.062258  8.246211
 1.000000  8.062258  8.246211
 1.000000 11.000000 11.180340
 1.000000  5.656854  5.830952
 1.000000  5.656854  5.830952
 1.000000  5.656854  5.830952
 1.000000  2.828427  3.000000
 1.000000  2.828427  3.000000
 1.000000  2.828427  3.000000
 1.000000 12.041595 12.206556
 1.000000  3.000000  3.162278
 1.000000  3.000000  3.162278
 1.000000  3.000000  3.162278
 1.000000  3.000000  3.162278
 1.000000 10.049876 10.198039
 1.000000 10.049876 10.198039
 1.000000 10.630146 10.770330
 1.000000  7.071068  7.211103
 1.000000  7.071068  7.211103
 1.000000  7.071068  7.211103
 1.000000  4.000000  4.123106
 1.000000  4.000000  4.123106
 1.000000  4.000000  4.123106
 1.000000  4.000000  4.123106
 1.000000  4.000000  4.123106
 1.000000  4.000000  4.123106
 1.000000  4.000000  4.123106
 1.000000  4.123106  4.242641
 1.000000  4.123106  4.242641
 1.000000  4.123106  4.242641
 1.000000  8.485281  8.602325
 1.000000 13.341664 13.453624
 1.000000  5.000000  5.099020
 1.000000  5.000000  5.099020
 1.000000  5.000000  5.099020
 1.000000  5.000000  5.099020
 1.000000  5.000000  5.099020
 1.000000  5.000000  5.099020
 1.000000  5.000000  5.099020
 1.000000  5.000000  5.099020
 1.000000  5.000000  5.099020
 1.000000  6.000000  6.082763
 1.000000  6.000000  6.082763
 1.000000  6.000000  6.082763
 1.000000  6.000000  6.082763
 1.000000  6.000000  6.082763
 1.000000  6.000000  6.082763
 1.000000  6.324555  6.403124
 1.000000  6.324555  6.403124
 1.000000  6.324555  6.403124
 1.000000  6.324555  6.403124
 1.000000  7.000000  7.071068
 1.000000  7.000000  7.071068
 1.000000  7.000000  7.071068
 1.000000  7.000000  7.071068
 1.000000  7.000000  7.071068
 1.000000  7.000000  7.071068
 1.000000  7.211103  7.280110
 1.000000  7.211103  7.280110
 1.000000  8.000000  8.062258
 1.000000  8.485281  8.544004
 1.000000  8.485281  8.544004
 1.000000  8.544004  8.602325
 1.000000 10.000000 10.049876
 1.000000 11.000000 11.045361
 1.000000 12.041595 12.083046
 0.000000 -14.212670       inf
 0.000000 -12.206556  2.236068
 0.000000 -12.000000  2.236068
 0.000000 -11.401754  2.236068
 0.000000 -10.440307  2.000000
 0.000000 -13.000000 -2.236068
 0.000000 -8.000000  2.236068
 0.000000 -12.041595 -2.000000
 0.000000 -6.000000  4.000000
 0.000000 -6.708204  3.162278
 0.000000 -12.041595 -2.236068
 0.000000 -2.000000  7.280110
 0.000000 -12.529964 -4.123106
 0.000000 -7.280110  1.000000
 0.000000 -6.000000  2.000000
 0.000000 -3.605551  4.242641
 0.000000 -6.324555  1.414214
 0.000000 -11.000000 -3.605551
 0.000000 -11.401754 -4.123106
 0.000000 -5.830952  1.414214
 0.000000 -9.219544 -3.000000
 0.000000 -12.206556 -6.082763
 0.000000 -9.899495 -4.000000
 0.000000 -10.049876 -4.242641
 0.000000 -11.180340 -5.385165
 0.000000 -7.071068 -1.414214
 0.000000 -10.630146 -5.099020
 0.000000 -10.816654 -5.830952
 0.000000 -8.062258 -3.162278
 0.000000 -8.246211 -4.000000
 0.000000 -6.082763 -2.236068
 0.000000 -9.219544 -5.656854
 0.000000 -9.848858 -6.324555
 0.000000 -11.180340 -8.000000
 0.000000 -9.848858 -6.708204
 0.000000 -10.295630 -7.211103
 0.000000 -4.000000 -1.000000
 0.000000 -10.000000 -7.071068
 0.000000 -11.704700 -9.219544
 0.000000 -8.485281 -6.082763
 0.000000 -9.433981 -7.211103
 0.000000 -10.198039 -8.000000
 0.000000 -9.848858 -8.062258
 0.000000 -3.000000 -1.414214
 0.000000 -13.416408 -12.041595
 0.000000 -7.071068 -5.830952
 0.000000 -6.324555 -5.099020
 0.000000 -10.440307 -9.219544
 0.000000 -7.211103 -6.000000
 0.000000 -6.082763 -5.000000
 0.000000 -10.295630 -9.219544
 0.000000 -6.708204 -5.656854
 0.000000 -6.708204 -5.656854
 0.000000 -10.049876 -9.000000
 0.000000 -7.000000 -6.000000
 0.000000 -10.000000 -9.000000
 0.000000 -9.433981 -8.485281
 0.000000 -13.928388 -13.000000
 0.000000 -7.615773 -6.708204
 0.000000 -6.708204 -5.830952
 0.000000 -9.848858 -9.055385
 0.000000 -8.544004 -7.810250
 0.000000 -6.708204 -6.000000
 0.000000 -12.041595 -11.401754
 0.000000 -7.615773 -7.000000
 0.000000 -7.810250 -7.211103
 0.000000 -6.403124 -5.830952
 0.000000 -7.280110 -6.708204
 0.000000 -10.049876 -9.486833
 0.000000 -10.440307 -9.899495
 0.000000 -9.055385 -8.544004
 0.000000 -6.324555 -5.830952
 0.000000 -8.062258 -7.615773
 0.000000 -5.830952 -5.385165
 0.000000 -10.440307 -10.000000
 0.000000 -8.000000 -7.615773
 0.000000 -11.180340 -10.816654
 0.000000 -7.071068 -6.708204
 0.000000 -9.848858 -9.486833
 0.000000 -7.615773 -7.280110
 0.000000 -6.324555 -6.000000
 0.000000 -6.708204 -6.403124
 0.000000 -6.708204 -6.403124
 0.000000 -11.704700 -11.401754
 0.000000 -9.486833 -9.219544
 0.000000 -9.486833 -9.219544
 0.000000 -9.486833 -9.219544
 0.000000 -8.062258 -7.810250
 0.000000 -8.062258 -7.810250
 0.000000 -11.045361 -10.816654
 0.000000 -9.219544 -9.000000
 0.000000 -9.433981 -9.219544
 0.000000 -7.280110 -7.071068
 0.000000 -8.246211 -8.062258
 0.000000 -8.246211 -8.062258
 0.000000 -11.180340 -11.000000
 0.000000 -5.830952 -5.656854
 0.000000 -10.198039 -10.049876
 0.000000 -7.211103 -7.071068
 0.000000 -7.211103 -7.071068
 0.000000 -7.211103 -7.071068
 0.000000 -7.211103 -7.071068
 0.000000 -10.000000 -9.899495
 0.000000 -6.082763 -6.000000
 0.000000 -6.082763 -6.000000
 0.000000 -7.071068 -7.000000
 0.000000 -7.071068 -7.000000
 0.000000 -7.071068 -7.000000
 0.000000 -7.280110 -7.211103
 0.000000 -7.280110 -7.211103
 0.000000 -8.062258 -8.000000
 0.000000 -9.000000 -8.944272
 0.000000 -9.055385 -9.000000
 0.000000 -9.486833 -9.433981
 0.000000 -12.083046 -12.041595
