 1.000000 -2.000000 14.000000
 1.000000  6.000000 14.560220
 1.000000 -3.000000  5.099020
 1.000000  1.414214  9.433981
 1.000000 -5.000000  2.828427
 1.000000 -1.000000  6.708204
 1.000000 -4.000000  2.236068
 1.000000  7.000000 13.152946
 1.000000 -2.236068  3.162278
 1.000000  3.605551  8.602325
 1.000000  2.236068  7.071068
 1.000000 -2.000000  2.828427
 1.000000 -3.605551  1.000000
 1.000000 -3.605551  1.000000
 1.000000  5.385165  9.899495
 1.000000  5.830952 10.198039
 1.000000  2.000000  6.324555
 1.000000  2.000000  6.000000
 1.000000 -2.000000  2.000000
 1.000000  6.000000  9.848858
 1.000000  2.236068  5.830952
 1.000000  2.000000  5.000000
 1.000000  5.000000  7.615773
 1.000000  8.544004 11.045361
 1.000000  3.162278  5.656854
 1.000000 -1.000000  1.414214
 1.000000  5.830952  8.062258
 1.000000  5.385165  7.615773
 1.000000  4.123106  6.000000
 1.000000  4.123106  6.000000
 1.000000  8.000000  9.848858
 1.000000  1.000000  2.828427
 1.000000  5.385165  7.211103
 1.000000  5.000000  6.708204
 1.000000  2.000000  3.605551
 1.000000  2.828427  4.242641
 1.000000  1.414214  2.828427
 1.000000  4.000000  5.385165
 1.000000  2.828427  4.123106
 1.000000  5.830952  7.071068
 1.000000  3.000000  4.123106
 1.000000  7.000000  8.000000
 1.000000  4.000000  5.000000
 1.000000  1.000000  2.000000
 1.000000  7.615773  8.485281
 1.000000  3.605551  4.472136
 1.000000  3.162278  4.000000
 1.000000  1.414214  2.236068
 1.000000 10.000000 10.816654
 1.000000  7.280110  8.062258
 1.000000  2.828427  3.605551
 1.000000  2.828427  3.605551
 1.000000  2.236068  3.000000
 1.000000  2.236068  3.000000
 1.000000  6.403124  7.071068
 1.000000  6.403124  7.071068
 1.000000  6.403124  7.071068
 1.000000  5.656854  6.324555
 1.000000  5.000000  5.656854
 1.000000  5.000000  5.656854
 1.000000  3.605551  4.242641
 1.000000  3.605551  4.242641
 1.000000  3.605551  4.242641
 1.000000  3.605551  4.242641
 1.000000  3.605551  4.242641
 1.000000  4.472136  5.099020
 1.000000  6.082763  6.708204
 1.000000  3.000000  3.605551
 1.000000  3.000000  3.605551
 1.000000  7.211103  7.810250
 1.000000  2.236068  2.828427
 1.000000  2.236068  2.828427
 1.000000  2.236068  2.828427
 1.000000  2.236068  2.828427
 1.000000  2.236068  2.828427
 1.000000  2.236068  2.828427
 1.000000  2.236068  2.828427
 1.000000  2.236068  2.828427
 1.000000  2.236068  2.828427
 1.000000  2.236068  2.828427
 1.000000  2.236068  2.828427
 1.000000  2.236068  2.828427
 1.000000  2.236068  2.828427
 1.000000  2.236068  2.828427
 1.000000  2.236068  2.828427
 1.000000  2.236068  2.828427
 1.000000  1.414214  2.000000
 1.000000  1.414214  2.000000
 1.000000  5.830952  6.403124
 1.000000  5.830952  6.403124
 1.000000  5.830952  6.403124
 1.000000  7.071068  7.615773
 1.000000  8.000000  8.544004
 1.000000  4.472136  5.000000
 1.000000  4.472136  5.000000
 1.000000  4.472136  5.000000
 1.000000  4.472136  5.000000
 1.000000  4.472136  5.000000
 1.000000  3.605551  4.123106
 1.000000  6.708204  7.211103
 1.000000  5.830952  6.324555
 1.000000  8.944272  9.433981
 1.000000  8.944272  9.433981
 1.000000  8.062258  8.544004
 1.000000 10.295630 10.770330
 1.000000  7.615773  8.062258
 1.000000  5.385165  5.830952
 1.000000  5.385165  5.830952
 1.000000  5.385165  5.830952
 1.000000  3.162278  3.605551
 1.000000  3.162278  3.605551
 1.000000  3.162278  3.605551
 1.000000  3.162278  3.605551
 1.000000  3.162278  3.605551
 1.000000  3.162278  3.605551
 1.000000  3.162278  3.605551
 1.000000  3.162278  3.605551
 1.000000  3.162278  3.605551
 1.000000  3.162278  3.605551
 1.000000  3.162278  3.605551
 1.000000  3.162278  3.605551
 1.000000  3.162278  3.605551
 1.000000 13.453624 13.892444
 1.000000  5.656854  6.082763
 1.000000 11.661904 12.083046
 1.000000  1.000000  1.414214
 1.000000  1.000000  1.414214
 1.000000  1.000000  1.414214
 1.000000 10.770330 11.180340
 1.000000  8.544004  8.944272
 1.000000  8.544004  8.944272
 1.000000  3.605551  4.000000
 1.000000  3.605551  4.000000
 1.000000  3.605551  4.000000
 1.000000  3.605551  4.000000
 1.000000  3.605551  4.000000
 1.000000  5.000000  5.385165
 1.000000  5.000000  5.385165
 1.000000  5.000000  5.385165
 1.000000  6.324555  6.708204
 1.000000  6.324555  6.708204
 1.000000  6.708204  7.071068
 1.000000  6.708204  7.071068
 1.000000  9.486833  9.848858
 1.000000  9.486833  9.848858
 1.000000  9.486833  9.848858
 1.000000  4.123106  4.472136
 1.000000  4.123106  4.472136
 1.000000  4.123106  4.472136
 1.000000  4.123106  4.472136
 1.000000  8.602325  8.944272
 1.000000  8.602325  8.944272
 1.000000  7.280110  7.615773
 1.000000  7.280110  7.615773
 1.000000  2.828427  3.162278
 1.000000  2.828427  3.162278
 1.000000  2.828427  3.162278
 1.000000  2.828427  3.162278
 1.000000  2.828427  3.162278
 1.000000  2.828427  3.162278
 1.000000  2.828427  3.162278
 1.000000  2.828427  3.162278
 1.000000  2.828427  3.162278
 1.000000  6.000000  6.324555
 1.000000  6.000000  6.324555
 1.000000  6.000000  6.324555
 1.000000 14.560220 14.866069
 1.000000  6.403124  6.708204
 1.000000  6.403124  6.708204
 1.000000  6.403124  6.708204
 1.000000  6.403124  6.708204
 1.000000 11.401754 11.704700
 1.000000  6.708204  7.000000
 1.000000  6.708204  7.000000
 1.000000  6.708204  7.000000
 1.000000  5.099020  5.385165
 1.000000  5.099020  5.385165
 1.000000  5.099020  5.385165
 1.000000  5.099020  5.385165
 1.000000  7.000000  7.280110
 1.000000 12.369317 12.649111
 1.000000  8.944272  9.219544
 1.000000  8.944272  9.219544
 1.000000 10.770330 11.045361
 1.000000  5.385165  5.656854
 1.000000  5.385165  5.656854
 1.000000  5.385165  5.656854
 1.000000  9.219544  9.486833
 1.000000  9.219544  9.486833
 1.000000 13.892444 14.142136
 1.000000  6.082763  6.324555
 1.000000  2.000000  2.236068
 1.000000  2.000000  2.236068
 1.000000  2.000000  2.236068
 1.000000  2.000000  2.236068
 1.000000  2.000000  2.236068
 1.000000  2.000000  2.236068
 1.000000  2.000000  2.236068
 1.000000  2.000000  2.236068
 1.000000  2.000000  2.236068
 1.000000  4.242641  4.472136
 1.000000  4.242641  4.472136
 1.000000  9.219544  9.433981
 1.000000  7.071068  7.280110
 1.000000  7.071068  7.280110
 1.000000 12.165525 12.369317
 1.000000 10.000000 10.198039
 1.000000  7.615773  7.810250
 1.000000  7.615773  7.810250
 1.000000 13.152946 13.341664
 1.000000 13.152946 13.341664
 1.000000  8.062258  8.246211
 1.000000  8.062258  8.246211
 1.000000 14.142136 14.317821
 1.000000  5.656854  5.830952
 1.000000  5.656854  5.830952
 1.000000  2.828427  3.000000
 1.000000  2.828427  3.000000
 1.000000  2.828427  3.000000
 1.000000  2.828427  3.000000
 1.000000  5.830952  6.000000
 1.000000 12.041595 12.206556
 1.000000  3.000000  3.162278
 1.000000  3.000000  3.162278
 1.000000  3.000000  3.162278
 1.000000  3.000000  3.162278
 1.000000  3.000000  3.162278
 1.000000  3.000000  3.162278
 1.000000  3.000000  3.162278
 1.000000  3.000000  3.162278
 1.000000  3.000000  3.162278
 1.000000  3.000000  3.162278
 1.000000  3.000000  3.162278
 1.000000 10.049876 10.198039
 1.000000 10.049876 10.198039
 1.000000 13.453624 13.601471
 1.000000 14.000000 14.142136
 1.000000  7.071068  7.211103
 1.000000 11.180340 11.313708
 1.000000  4.000000  4.123106
 1.000000  4.000000  4.123106
 1.000000  4.000000  4.123106
 1.000000  4.000000  4.123106
 1.000000  4.000000  4.123106
 1.000000  4.000000  4.123106
 1.000000  4.000000  4.123106
 1.000000  4.000000  4.123106
 1.000000  4.000000  4.123106
 1.000000  4.000000  4.123106
 1.000000  4.000000  4.123106
 1.000000  4.000000  4.123106
 1.000000  4.123106  4.242641
 1.000000  4.123106  4.242641
 1.000000  4.123106  4.242641
 1.000000  4.123106  4.242641
 1.000000  8.485281  8.602325
 1.000000 13.038405 13.152946
 1.000000 15.033296 15.132746
 1.000000  5.000000  5.099020
 1.000000  5.000000  5.099020
 1.000000  5.000000  5.099020
 1.000000  5.000000  5.099020
 1.000000  5.000000  5.099020
 1.000000  5.000000  5.099020
 1.000000  5.000000  5.099020
 1.000000  5.000000  5.099020
 1.000000  5.000000  5.099020
 1.000000  5.000000  5.099020
 1.000000 10.198039 10.295630
 1.000000 12.000000 12.083046
 1.000000  6.000000  6.082763
 1.000000  6.000000  6.082763
 1.000000  6.000000  6.082763
 1.000000  6.000000  6.082763
 1.000000  6.000000  6.082763
 1.000000  6.000000  6.082763
 1.000000  6.000000  6.082763
 1.000000  6.000000  6.082763
 1.000000  6.000000  6.082763
 1.000000  6.324555  6.403124
 1.000000  6.324555  6.403124
 1.000000  6.324555  6.403124
 1.000000  6.324555  6.403124
 1.000000  6.324555  6.403124
 1.000000  6.324555  6.403124
 1.000000  7.000000  7.071068
 1.000000  7.000000  7.071068
 1.000000  7.000000  7.071068
 1.000000  7.211103  7.280110
 1.000000  8.000000  8.062258
 1.000000  8.000000  8.062258
 1.000000  8.000000  8.062258
 1.000000  8.000000  8.062258
 1.000000 10.000000 10.049876
 1.000000 11.000000 11.045361
 1.000000 14.000000 14.035669
 1.000000 14.000000 14.035669
 0.000000 -16.155494       inf
 0.000000 -10.198039  2.236068
 0.000000 -8.602325  3.605551
 0.000000 -11.180340  1.000000
 0.000000 -14.212670 -2.236068
 0.000000 -5.830952  5.385165
 0.000000 -5.830952  5.000000
 0.000000 -4.123106  6.000000
 0.000000 -12.529964 -2.828427
 0.000000 -11.000000 -1.414214
 0.000000 -7.280110  2.236068
 0.000000 -12.727922 -3.605551
 0.000000 -5.000000  4.000000
 0.000000 -6.000000  2.828427
 0.000000 -13.892444 -5.385165
 0.000000 -12.041595 -4.000000
 0.000000 -5.830952  1.414214
 0.000000 -10.770330 -3.605551
 0.000000 -6.082763  1.000000
 0.000000 -6.000000  1.000000
 0.000000 -2.236068  4.000000
 0.000000 -11.000000 -5.000000
 0.000000 -9.848858 -4.123106
 0.000000 -2.828427  2.236068
 0.000000 -11.000000 -6.000000
 0.000000 -10.000000 -5.099020
 0.000000 -11.704700 -7.000000
 0.000000 -11.401754 -6.708204
 0.000000 -11.401754 -7.000000
 0.000000 -8.544004 -4.242641
 0.000000 -3.000000  1.000000
 0.000000 -6.708204 -3.000000
 0.000000 -12.206556 -8.544004
 0.000000 -9.486833 -6.000000
 0.000000 -7.000000 -3.605551
 0.000000 -9.219544 -6.000000
 0.000000 -7.615773 -4.472136
 0.000000 -8.944272 -5.830952
 0.000000 -12.000000 -9.219544
 0.000000 -8.062258 -5.656854
 0.000000 -5.830952 -4.123106
 0.000000 -7.000000 -5.385165
 0.000000 -8.485281 -7.000000
 0.000000 -7.810250 -6.403124
 0.000000 -6.403124 -5.000000
 0.000000 -6.403124 -5.000000
 0.000000 -7.211103 -5.830952
 0.000000 -6.324555 -5.000000
 0.000000 -8.000000 -6.708204
 0.000000 -8.246211 -7.000000
 0.000000 -4.123106 -3.000000
 0.000000 -10.000000 -8.944272
 0.000000 -6.708204 -5.656854
 0.000000 -6.708204 -5.656854
 0.000000 -13.000000 -12.000000
 0.000000 -10.816654 -9.848858
 0.000000 -12.369317 -11.401754
 0.000000 -8.944272 -8.000000
 0.000000 -10.770330 -9.899495
 0.000000 -12.041595 -11.180340
 0.000000 -9.848858 -9.000000
 0.000000 -8.602325 -7.810250
 0.000000 -10.770330 -10.000000
 0.000000 -6.708204 -6.000000
 0.000000 -6.708204 -6.000000
 0.000000 -6.082763 -5.385165
 0.000000 -6.708204 -6.082763
 0.000000 -7.810250 -7.211103
 0.000000 -11.401754 -10.816654
 0.000000 -3.605551 -3.162278
 0.000000 -9.486833 -9.055385
 0.000000 -8.485281 -8.062258
 0.000000 -6.403124 -6.000000
 0.000000 -6.708204 -6.324555
 0.000000 -6.708204 -6.324555
 0.000000 -6.708204 -6.324555
 0.000000 -6.708204 -6.324555
 0.000000 -11.180340 -10.816654
 0.000000 -7.071068 -6.708204
 0.000000 -7.615773 -7.280110
 0.000000 -7.615773 -7.280110
 0.000000 -11.313708 -11.000000
 0.000000 -6.708204 -6.403124
 0.000000 -7.000000 -6.708204
 0.000000 -7.280110 -7.000000
 0.000000 -7.280110 -7.000000
 0.000000 -6.082763 -5.830952
 0.000000 -6.082763 -5.830952
 0.000000 -14.142136 -13.892444
 0.000000 -10.440307 -10.198039
 0.000000 -6.324555 -6.082763
 0.000000 -4.472136 -4.242641
 0.000000 -11.401754 -11.180340
 0.000000 -11.000000 -10.816654
 0.000000 -5.830952 -5.656854
 0.000000 -5.830952 -5.656854
 0.000000 -9.219544 -9.055385
 0.000000 -9.219544 -9.055385
 0.000000 -3.162278 -3.000000
 0.000000 -15.811388 -15.652476
 0.000000 -13.152946 -13.000000
 0.000000 -13.152946 -13.000000
 0.000000 -10.000000 -9.848858
 0.000000 -10.440307 -10.295630
 0.000000 -4.123106 -4.000000
 0.000000 -10.000000 -9.899495
 0.000000 -10.000000 -9.899495
 0.000000 -10.000000 -9.899495
 0.000000 -10.000000 -9.899495
 0.000000 -5.099020 -5.000000
 0.000000 -10.295630 -10.198039
 0.000000 -10.295630 -10.198039
 0.000000 -10.295630 -10.198039
 0.000000 -6.082763 -6.000000
 0.000000 -6.082763 -6.000000
 0.000000 -6.082763 -6.000000
 0.000000 -7.071068 -7.000000
 0.000000 -7.280110 -7.211103
 0.000000 -7.280110 -7.211103
 0.000000 -8.062258 -8.000000
 0.000000 -8.602325 -8.544004
 0.000000 -10.049876 -10.000000
 0.000000 -10.816654 -10.770330
 0.000000 -12.041595 -12.000000
