 1.000000  3.000000 16.124515
 1.000000 -2.000000  9.000000
 1.000000  2.000000 11.661904
 1.000000 -7.000000  2.236068
 1.000000  3.000000 11.661904
 1.000000 -3.000000  5.656854
 1.000000 -2.000000  6.403124
 1.000000  3.000000 11.180340
 1.000000  3.605551 11.180340
 1.000000 -5.385165  2.000000
 1.000000 -4.242641  2.828427
 1.000000 -2.236068  4.123106
 1.000000 -2.828427  3.000000
 1.000000 -4.242641  1.414214
 1.000000 -4.123106  1.414214
 1.000000  4.000000  9.219544
 1.000000  3.162278  8.000000
 1.000000 -2.236068  2.236068
 1.000000  4.123106  8.246211
 1.000000  5.099020  8.944272
 1.000000 -2.828427  1.000000
 1.000000  3.605551  7.280110
 1.000000 -2.000000  1.414214
 1.000000  1.000000  4.000000
 1.000000  5.000000  7.615773
 1.000000  9.000000 11.401754
 1.000000  3.605551  6.000000
 1.000000  1.414214  3.605551
 1.000000  2.828427  5.000000
 1.000000  1.000000  3.162278
 1.000000  4.000000  6.082763
 1.000000  1.000000  3.000000
 1.000000 -1.000000  1.000000
 1.000000  2.000000  4.000000
 1.000000  6.000000  8.000000
 1.000000 -1.000000  1.000000
 1.000000  2.000000  3.605551
 1.000000  6.000000  7.280110
 1.000000  7.810250  9.055385
 1.000000  3.000000  4.242641
 1.000000  4.472136  5.656854
 1.000000 13.000000 14.142136
 1.000000 10.049876 11.180340
 1.000000  5.000000  6.082763
 1.000000  5.385165  6.403124
 1.000000  5.000000  6.000000
 1.000000  2.000000  3.000000
 1.000000  3.162278  4.123106
 1.000000  3.162278  4.123106
 1.000000  5.385165  6.324555
 1.000000  7.071068  8.000000
 1.000000  9.433981 10.295630
 1.000000  8.602325  9.433981
 1.000000  2.000000  2.828427
 1.000000  2.000000  2.828427
 1.000000  2.000000  2.828427
 1.000000  9.055385  9.848858
 1.000000  9.219544 10.000000
 1.000000  9.219544 10.000000
 1.000000  2.828427  3.605551
 1.000000  2.828427  3.605551
 1.000000  2.236068  3.000000
 1.000000  8.246211  9.000000
 1.000000  8.485281  9.219544
 1.000000  5.385165  6.082763
 1.000000  9.219544  9.899495
 1.000000  9.219544  9.899495
 1.000000  7.810250  8.485281
 1.000000  5.000000  5.656854
 1.000000  3.000000  3.605551
 1.000000  2.236068  2.828427
 1.000000  2.236068  2.828427
 1.000000  2.236068  2.828427
 1.000000  1.414214  2.000000
 1.000000  1.414214  2.000000
 1.000000  1.414214  2.000000
 1.000000  1.414214  2.000000
 1.000000  1.414214  2.000000
 1.000000  1.414214  2.000000
 1.000000  8.062258  8.602325
 1.000000  4.472136  5.000000
 1.000000  4.472136  5.000000
 1.000000  3.605551  4.123106
 1.000000  3.605551  4.123106
 1.000000  3.605551  4.123106
 1.000000  3.605551  4.123106
 1.000000  6.708204  7.211103
 1.000000  5.830952  6.324555
 1.000000  8.944272  9.433981
 1.000000  9.433981  9.899495
 1.000000  7.615773  8.062258
 1.000000  5.385165  5.830952
 1.000000  3.162278  3.605551
 1.000000  3.162278  3.605551
 1.000000  3.162278  3.605551
 1.000000  3.162278  3.605551
 1.000000  3.162278  3.605551
 1.000000  3.162278  3.605551
 1.000000  3.162278  3.605551
 1.000000  3.162278  3.605551
 1.000000  3.162278  3.605551
 1.000000  9.055385  9.486833
 1.000000  9.433981  9.848858
 1.000000  9.433981  9.848858
 1.000000  9.433981  9.848858
 1.000000  1.000000  1.414214
 1.000000  1.000000  1.414214
 1.000000  1.000000  1.414214
 1.000000  1.000000  1.414214
 1.000000  7.211103  7.615773
 1.000000  3.605551  4.000000
 1.000000  3.605551  4.000000
 1.000000  3.605551  4.000000
 1.000000  3.605551  4.000000
 1.000000  5.000000  5.385165
 1.000000  5.000000  5.385165
 1.000000  5.000000  5.385165
 1.000000  5.000000  5.385165
 1.000000  6.324555  6.708204
 1.000000  6.324555  6.708204
 1.000000  9.486833  9.848858
 1.000000  9.486833  9.848858
 1.000000  9.848858 10.198039
 1.000000  4.123106  4.472136
 1.000000  4.123106  4.472136
 1.000000  4.123106  4.472136
 1.000000  4.123106  4.472136
 1.000000  4.123106  4.472136
 1.000000  4.123106  4.472136
 1.000000  8.602325  8.944272
 1.000000  8.602325  8.944272
 1.000000  7.280110  7.615773
 1.000000  7.280110  7.615773
 1.000000  2.828427  3.162278
 1.000000 10.440307 10.770330
 1.000000 10.440307 10.770330
 1.000000 13.601471 13.928388
 1.000000 10.000000 10.295630
 1.000000  5.099020  5.385165
 1.000000  8.944272  9.219544
 1.000000  8.944272  9.219544
 1.000000  5.385165  5.656854
 1.000000  5.385165  5.656854
 1.000000  5.385165  5.656854
 1.000000  5.385165  5.656854
 1.000000  5.385165  5.656854
 1.000000 13.341664 13.601471
 1.000000 13.341664 13.601471
 1.000000  7.810250  8.062258
 1.000000  5.830952  6.082763
 1.000000 10.049876 10.295630
 1.000000  6.082763  6.324555
 1.000000  6.082763  6.324555
 1.000000  6.082763  6.324555
 1.000000  8.246211  8.485281
 1.000000  8.246211  8.485281
 1.000000  2.000000  2.236068
 1.000000  2.000000  2.236068
 1.000000  2.000000  2.236068
 1.000000  4.242641  4.472136
 1.000000  4.242641  4.472136
 1.000000  4.242641  4.472136
 1.000000  4.242641  4.472136
 1.000000  9.219544  9.433981
 1.000000  7.071068  7.280110
 1.000000 10.000000 10.198039
 1.000000  8.062258  8.246211
 1.000000 14.142136 14.317821
 1.000000  5.656854  5.830952
 1.000000  5.656854  5.830952
 1.000000  5.656854  5.830952
 1.000000  5.656854  5.830952
 1.000000  2.828427  3.000000
 1.000000  2.828427  3.000000
 1.000000  5.830952  6.000000
 1.000000  9.055385  9.219544
 1.000000  3.000000  3.162278
 1.000000  3.000000  3.162278
 1.000000  3.000000  3.162278
 1.000000  3.000000  3.162278
 1.000000  3.000000  3.162278
 1.000000  3.000000  3.162278
 1.000000  3.000000  3.162278
 1.000000  9.848858 10.000000
 1.000000  9.848858 10.000000
 1.000000 10.295630 10.440307
 1.000000  7.071068  7.211103
 1.000000  7.071068  7.211103
 1.000000  7.071068  7.211103
 1.000000  7.071068  7.211103
 1.000000  7.071068  7.211103
 1.000000 11.045361 11.180340
 1.000000  4.000000  4.123106
 1.000000  4.000000  4.123106
 1.000000  4.123106  4.242641
 1.000000  4.123106  4.242641
 1.000000  4.123106  4.242641
 1.000000  4.123106  4.242641
 1.000000  4.123106  4.242641
 1.000000  8.485281  8.602325
 1.000000  8.485281  8.602325
 1.000000  8.944272  9.055385
 1.000000  5.000000  5.099020
 1.000000  5.000000  5.099020
 1.000000  5.000000  5.099020
 1.000000 10.198039 10.295630
 1.000000  6.000000  6.082763
 1.000000  6.000000  6.082763
 1.000000  6.000000  6.082763
 1.000000  6.000000  6.082763
 1.000000  6.000000  6.082763
 1.000000  6.000000  6.082763
 1.000000  6.000000  6.082763
 1.000000  6.000000  6.082763
 1.000000  7.000000  7.071068
 1.000000  7.000000  7.071068
 1.000000  7.211103  7.280110
 1.000000  8.485281  8.544004
 1.000000  9.000000  9.055385
 1.000000  9.848858  9.899495
 1.000000 11.000000 11.045361
 1.000000 11.000000 11.045361
 1.000000 15.000000 15.033296
 0.000000 -16.278821       inf
 0.000000 -16.031220  2.000000
 0.000000 -15.811388 -2.236068
 0.000000 -15.231546 -2.000000
 0.000000 -15.000000 -3.000000
 0.000000 -15.000000 -3.000000
 0.000000 -9.848858  2.000000
 0.000000 -8.000000  3.000000
 0.000000 -9.899495  1.000000
 0.000000 -13.453624 -3.605551
 0.000000 -8.485281  1.000000
 0.000000 -14.422205 -5.000000
 0.000000 -6.403124  2.828427
 0.000000 -11.180340 -2.828427
 0.000000 -13.038405 -5.000000
 0.000000 -10.770330 -3.000000
 0.000000 -1.000000  6.708204
 0.000000 -12.649111 -5.099020
 0.000000 -6.324555  1.000000
 0.000000 -9.219544 -3.605551
 0.000000 -6.324555 -1.414214
 0.000000 -12.649111 -8.000000
 0.000000 -10.000000 -5.385165
 0.000000 -11.313708 -7.071068
 0.000000 -11.180340 -7.071068
 0.000000 -1.000000  3.000000
 0.000000 -5.830952 -2.000000
 0.000000 -10.816654 -7.211103
 0.000000 -12.727922 -9.219544
 0.000000 -5.656854 -2.236068
 0.000000 -7.000000 -3.605551
 0.000000 -6.324555 -3.000000
 0.000000 -7.280110 -4.000000
 0.000000 -6.082763 -2.828427
 0.000000 -4.242641 -1.000000
 0.000000 -6.708204 -3.605551
 0.000000 -6.708204 -3.605551
 0.000000 -12.000000 -9.000000
 0.000000 -6.082763 -3.162278
 0.000000 -7.071068 -4.472136
 0.000000 -9.000000 -6.403124
 0.000000 -6.708204 -4.123106
 0.000000 -8.485281 -6.000000
 0.000000 -6.324555 -4.242641
 0.000000 -10.000000 -8.062258
 0.000000 -9.000000 -7.071068
 0.000000 -7.810250 -6.000000
 0.000000 -9.000000 -7.211103
 0.000000 -8.485281 -6.708204
 0.000000 -10.630146 -8.944272
 0.000000 -13.038405 -11.401754
 0.000000 -10.630146 -9.000000
 0.000000 -5.656854 -4.123106
 0.000000 -4.472136 -3.000000
 0.000000 -6.324555 -5.000000
 0.000000 -6.082763 -5.000000
 0.000000 -9.899495 -8.944272
 0.000000 -8.944272 -8.000000
 0.000000 -6.000000 -5.099020
 0.000000 -9.433981 -8.544004
 0.000000 -8.485281 -7.615773
 0.000000 -2.828427 -2.000000
 0.000000 -7.211103 -6.403124
 0.000000 -10.000000 -9.219544
 0.000000 -7.000000 -6.324555
 0.000000 -12.806248 -12.165525
 0.000000 -7.615773 -7.000000
 0.000000 -6.403124 -5.830952
 0.000000 -9.486833 -9.000000
 0.000000 -10.440307 -10.000000
 0.000000 -11.180340 -10.770330
 0.000000 -7.615773 -7.211103
 0.000000 -6.403124 -6.000000
 0.000000 -9.848858 -9.486833
 0.000000 -8.944272 -8.602325
 0.000000 -8.944272 -8.602325
 0.000000 -6.324555 -6.000000
 0.000000 -6.324555 -6.000000
 0.000000 -6.708204 -6.403124
 0.000000 -10.198039 -9.899495
 0.000000 -5.385165 -5.099020
 0.000000 -7.280110 -7.000000
 0.000000 -7.280110 -7.000000
 0.000000 -7.280110 -7.000000
 0.000000 -9.219544 -8.944272
 0.000000 -5.656854 -5.385165
 0.000000 -9.486833 -9.219544
 0.000000 -11.661904 -11.401754
 0.000000 -8.062258 -7.810250
 0.000000 -4.242641 -4.000000
 0.000000 -9.219544 -9.000000
 0.000000 -9.433981 -9.219544
 0.000000 -9.433981 -9.219544
 0.000000 -7.211103 -7.000000
 0.000000 -12.369317 -12.165525
 0.000000 -7.810250 -7.615773
 0.000000 -11.180340 -11.000000
 0.000000 -11.180340 -11.000000
 0.000000 -11.180340 -11.000000
 0.000000 -5.830952 -5.656854
 0.000000 -9.219544 -9.055385
 0.000000 -9.219544 -9.055385
 0.000000 -3.162278 -3.000000
 0.000000 -7.211103 -7.071068
 0.000000 -7.211103 -7.071068
 0.000000 -4.123106 -4.000000
 0.000000 -10.000000 -9.899495
 0.000000 -5.099020 -5.000000
 0.000000 -6.082763 -6.000000
 0.000000 -6.403124 -6.324555
 0.000000 -7.071068 -7.000000
 0.000000 -7.071068 -7.000000
 0.000000 -7.071068 -7.000000
 0.000000 -7.280110 -7.211103
 0.000000 -7.280110 -7.211103
 0.000000 -8.062258 -8.000000
 0.000000 -8.062258 -8.000000
 0.000000 -8.062258 -8.000000
 0.000000 -8.062258 -8.000000
 0.000000 -8.544004 -8.485281
 0.000000 -8.544004 -8.485281
 0.000000 -9.486833 -9.433981
 0.000000 -10.049876 -10.000000
 0.000000 -12.041595 -12.000000
