 1.000000  4.242641 17.000000
 1.000000 -3.605551  6.324555
 1.000000  4.000000 13.928388
 1.000000 -4.000000  5.385165
 1.000000  2.828427 11.000000
 1.000000  8.062258 16.000000
 1.000000  2.000000  9.219544
 1.000000  3.000000  8.944272
 1.000000  3.605551  9.000000
 1.000000 -3.605551  1.414214
 1.000000  6.082763 11.045361
 1.000000  3.605551  8.062258
 1.000000  2.000000  5.830952
 1.000000  1.414214  5.000000
 1.000000  3.605551  7.000000
 1.000000  4.242641  7.615773
 1.000000  2.236068  5.385165
 1.000000  5.000000  7.810250
 1.000000  1.414214  4.123106
 1.000000  3.605551  6.082763
 1.000000  4.242641  6.708204
 1.000000 -1.414214  1.000000
 1.000000  3.162278  5.000000
 1.000000  3.162278  5.000000
 1.000000  2.236068  4.000000
 1.000000 15.000000 16.552945
 1.000000  2.828427  4.242641
 1.000000  8.485281  9.899495
 1.000000  6.403124  7.810250
 1.000000  7.000000  8.246211
 1.000000  2.000000  3.162278
 1.000000  5.000000  6.082763
 1.000000  5.000000  6.000000
 1.000000  1.000000  2.000000
 1.000000  2.236068  3.162278
 1.000000  4.472136  5.385165
 1.000000  4.123106  5.000000
 1.000000  4.123106  5.000000
 1.000000  4.242641  5.099020
 1.000000  4.242641  5.099020
 1.000000  5.000000  5.830952
 1.000000  1.414214  2.236068
 1.000000  1.414214  2.236068
 1.000000  6.403124  7.211103
 1.000000  2.828427  3.605551
 1.000000  2.828427  3.605551
 1.000000  4.242641  5.000000
 1.000000  4.242641  5.000000
 1.000000  4.242641  5.000000
 1.000000  4.242641  5.000000
 1.000000  6.403124  7.071068
 1.000000  6.403124  7.071068
 1.000000  6.403124  7.071068
 1.000000  6.403124  7.071068
 1.000000  5.000000  5.656854
 1.000000  3.605551  4.242641
 1.000000  3.605551  4.242641
 1.000000  3.605551  4.242641
 1.000000  8.602325  9.219544
 1.000000  8.602325  9.219544
 1.000000  7.000000  7.615773
 1.000000  2.236068  2.828427
 1.000000  2.236068  2.828427
 1.000000  2.236068  2.828427
 1.000000  2.236068  2.828427
 1.000000  2.236068  2.828427
 1.000000  2.236068  2.828427
 1.000000  2.236068  2.828427
 1.000000  2.236068  2.828427
 1.000000  2.236068  2.828427
 1.000000  2.236068  2.828427
 1.000000  2.236068  2.828427
 1.000000  1.414214  2.000000
 1.000000  4.472136  5.000000
 1.000000  4.472136  5.000000
 1.000000  4.472136  5.000000
 1.000000  4.472136  5.000000
 1.000000  4.472136  5.000000
 1.000000  4.472136  5.000000
 1.000000  4.472136  5.000000
 1.000000  4.472136  5.000000
 1.000000  4.472136  5.000000
 1.000000  4.472136  5.000000
 1.000000  4.472136  5.000000
 1.000000  4.472136  5.000000
 1.000000  4.472136  5.000000
 1.000000  4.472136  5.000000
 1.000000  3.605551  4.123106
 1.000000  3.605551  4.123106
 1.000000  3.605551  4.123106
 1.000000  3.605551  4.123106
 1.000000  3.605551  4.123106
 1.000000  3.605551  4.123106
 1.000000  6.708204  7.211103
 1.000000  5.830952  6.324555
 1.000000  5.830952  6.324555
 1.000000  8.944272  9.433981
 1.000000  8.062258  8.544004
 1.000000 13.416408 13.892444
 1.000000 15.652476 16.124515
 1.000000 12.529964 13.000000
 1.000000  7.615773  8.062258
 1.000000  7.615773  8.062258
 1.000000  5.385165  5.830952
 1.000000  5.385165  5.830952
 1.000000  3.162278  3.605551
 1.000000  3.162278  3.605551
 1.000000  3.162278  3.605551
 1.000000  3.162278  3.605551
 1.000000  3.162278  3.605551
 1.000000  3.162278  3.605551
 1.000000  3.162278  3.605551
 1.000000  3.162278  3.605551
 1.000000  3.162278  3.605551
 1.000000  3.162278  3.605551
 1.000000  3.162278  3.605551
 1.000000 13.000000 13.416408
 1.000000 13.038405 13.453624
 1.000000  9.433981  9.848858
 1.000000  9.433981  9.848858
 1.000000  1.000000  1.414214
 1.000000  1.000000  1.414214
 1.000000  1.000000  1.414214
 1.000000  7.211103  7.615773
 1.000000  8.544004  8.944272
 1.000000  8.544004  8.944272
 1.000000  3.605551  4.000000
 1.000000  3.605551  4.000000
 1.000000  5.000000  5.385165
 1.000000  5.000000  5.385165
 1.000000  5.000000  5.385165
 1.000000  5.000000  5.385165
 1.000000  5.000000  5.385165
 1.000000  6.324555  6.708204
 1.000000 13.038405 13.416408
 1.000000  6.708204  7.071068
 1.000000  6.708204  7.071068
 1.000000  9.486833  9.848858
 1.000000  4.123106  4.472136
 1.000000  4.123106  4.472136
 1.000000  4.123106  4.472136
 1.000000  4.123106  4.472136
 1.000000  4.123106  4.472136
 1.000000  7.280110  7.615773
 1.000000  7.280110  7.615773
 1.000000  2.828427  3.162278
 1.000000  2.828427  3.162278
 1.000000  2.828427  3.162278
 1.000000  2.828427  3.162278
 1.000000 15.811388 16.124515
 1.000000  6.403124  6.708204
 1.000000  6.403124  6.708204
 1.000000  6.403124  6.708204
 1.000000  6.403124  6.708204
 1.000000  8.246211  8.544004
 1.000000  8.246211  8.544004
 1.000000  5.099020  5.385165
 1.000000  5.099020  5.385165
 1.000000  5.099020  5.385165
 1.000000  5.099020  5.385165
 1.000000  5.099020  5.385165
 1.000000  8.944272  9.219544
 1.000000  8.944272  9.219544
 1.000000  8.944272  9.219544
 1.000000  5.385165  5.656854
 1.000000  5.385165  5.656854
 1.000000  9.219544  9.486833
 1.000000 14.317821 14.560220
 1.000000 10.198039 10.440307
 1.000000  2.000000  2.236068
 1.000000  2.000000  2.236068
 1.000000  2.000000  2.236068
 1.000000  2.000000  2.236068
 1.000000  2.000000  2.236068
 1.000000  2.000000  2.236068
 1.000000  2.000000  2.236068
 1.000000  2.000000  2.236068
 1.000000  2.000000  2.236068
 1.000000  2.000000  2.236068
 1.000000 12.806248 13.038405
 1.000000 12.806248 13.038405
 1.000000  4.242641  4.472136
 1.000000  4.242641  4.472136
 1.000000  4.242641  4.472136
 1.000000  4.242641  4.472136
 1.000000  4.242641  4.472136
 1.000000  4.242641  4.472136
 1.000000  4.242641  4.472136
 1.000000  4.242641  4.472136
 1.000000  4.242641  4.472136
 1.000000  4.242641  4.472136
 1.000000  4.242641  4.472136
 1.000000 11.180340 11.401754
 1.000000  9.219544  9.433981
 1.000000  7.071068  7.280110
 1.000000  7.615773  7.810250
 1.000000  7.615773  7.810250
 1.000000  7.615773  7.810250
 1.000000  8.062258  8.246211
 1.000000  8.062258  8.246211
 1.000000  8.062258  8.246211
 1.000000  8.062258  8.246211
 1.000000  2.828427  3.000000
 1.000000  2.828427  3.000000
 1.000000  2.828427  3.000000
 1.000000  2.828427  3.000000
 1.000000  2.828427  3.000000
 1.000000  2.828427  3.000000
 1.000000  5.830952  6.000000
 1.000000  9.055385  9.219544
 1.000000  3.000000  3.162278
 1.000000  3.000000  3.162278
 1.000000  3.000000  3.162278
 1.000000  3.000000  3.162278
 1.000000  3.000000  3.162278
 1.000000  3.000000  3.162278
 1.000000  3.000000  3.162278
 1.000000 16.124515 16.278821
 1.000000 16.124515 16.278821
 1.000000  7.071068  7.211103
 1.000000  7.071068  7.211103
 1.000000  7.071068  7.211103
 1.000000  7.071068  7.211103
 1.000000  4.000000  4.123106
 1.000000  4.000000  4.123106
 1.000000  4.000000  4.123106
 1.000000  4.000000  4.123106
 1.000000  4.000000  4.123106
 1.000000  4.000000  4.123106
 1.000000  4.000000  4.123106
 1.000000  4.000000  4.123106
 1.000000  4.000000  4.123106
 1.000000  4.000000  4.123106
 1.000000  4.000000  4.123106
 1.000000  4.123106  4.242641
 1.000000  4.123106  4.242641
 1.000000  4.123106  4.242641
 1.000000  4.123106  4.242641
 1.000000  4.123106  4.242641
 1.000000  4.123106  4.242641
 1.000000 15.033296 15.132746
 1.000000  5.000000  5.099020
 1.000000  5.000000  5.099020
 1.000000  5.000000  5.099020
 1.000000  5.000000  5.099020
 1.000000  5.000000  5.099020
 1.000000  5.000000  5.099020
 1.000000  5.000000  5.099020
 1.000000 15.132746 15.231546
 1.000000  6.000000  6.082763
 1.000000  6.000000  6.082763
 1.000000  6.324555  6.403124
 1.000000  6.324555  6.403124
 1.000000 12.727922 12.806248
 1.000000  7.000000  7.071068
 1.000000  7.000000  7.071068
 1.000000  7.000000  7.071068
 1.000000  7.211103  7.280110
 1.000000  7.211103  7.280110
 1.000000  8.000000  8.062258
 1.000000  9.000000  9.055385
 1.000000 10.000000 10.049876
 1.000000 12.041595 12.083046
 1.000000 13.416408 13.453624
 1.000000 13.892444 13.928388
 0.000000 -16.492423       inf
 0.000000 -13.416408  2.236068
 0.000000 -11.401754  2.828427
 0.000000 -10.000000  3.605551
 0.000000 -15.811388 -3.605551
 0.000000 -10.295630  1.414214
 0.000000 -10.440307  1.000000
 0.000000 -9.055385  2.236068
 0.000000 -8.944272  2.236068
 0.000000 -8.000000  2.236068
 0.000000 -10.630146 -1.414214
 0.000000 -13.038405 -4.000000
 0.000000 -7.810250  1.000000
 0.000000 -6.403124  2.236068
 0.000000 -13.038405 -5.000000
 0.000000 -5.830952  2.000000
 0.000000 -12.000000 -4.472136
 0.000000 -13.000000 -5.656854
 0.000000 -7.211103 -1.000000
 0.000000 -2.000000  4.000000
 0.000000 -13.038405 -7.071068
 0.000000 -8.062258 -2.236068
 0.000000 -12.727922 -7.000000
 0.000000 -9.848858 -4.472136
 0.000000 -13.000000 -7.810250
 0.000000 -7.211103 -2.236068
 0.000000 -6.324555 -1.414214
 0.000000 -12.041595 -7.810250
 0.000000 -6.403124 -2.236068
 0.000000 -7.615773 -3.605551
 0.000000 -7.810250 -4.000000
 0.000000 -6.000000 -2.236068
 0.000000 -6.403124 -2.828427
 0.000000 -11.180340 -8.000000
 0.000000 -6.000000 -2.828427
 0.000000 -9.486833 -6.324555
 0.000000 -6.324555 -3.162278
 0.000000 -8.062258 -5.000000
 0.000000 -8.062258 -5.000000
 0.000000 -10.630146 -7.615773
 0.000000 -9.899495 -7.071068
 0.000000 -10.000000 -7.280110
 0.000000 -6.403124 -4.123106
 0.000000 -8.062258 -5.830952
 0.000000 -1.000000  1.000000
 0.000000 -7.000000 -5.000000
 0.000000 -9.899495 -8.062258
 0.000000 -11.180340 -9.486833
 0.000000 -12.727922 -11.401754
 0.000000 -6.324555 -5.000000
 0.000000 -6.324555 -5.000000
 0.000000 -8.000000 -6.708204
 0.000000 -9.219544 -8.062258
 0.000000 -10.000000 -8.944272
 0.000000 -10.000000 -8.944272
 0.000000 -8.062258 -7.071068
 0.000000 -5.830952 -5.000000
 0.000000 -7.071068 -6.324555
 0.000000 -6.403124 -5.656854
 0.000000 -6.708204 -6.000000
 0.000000 -9.219544 -8.544004
 0.000000 -9.219544 -8.602325
 0.000000 -9.219544 -8.602325
 0.000000 -7.615773 -7.000000
 0.000000 -9.486833 -8.944272
 0.000000 -16.278821 -15.811388
 0.000000 -8.944272 -8.485281
 0.000000 -11.401754 -11.000000
 0.000000 -5.385165 -5.000000
 0.000000 -7.071068 -6.708204
 0.000000 -8.944272 -8.602325
 0.000000 -8.944272 -8.602325
 0.000000 -7.615773 -7.280110
 0.000000 -16.124515 -15.811388
 0.000000 -6.708204 -6.403124
 0.000000 -11.704700 -11.401754
 0.000000 -8.544004 -8.246211
 0.000000 -8.544004 -8.246211
 0.000000 -8.544004 -8.246211
 0.000000 -9.219544 -8.944272
 0.000000 -9.219544 -8.944272
 0.000000 -8.062258 -7.810250
 0.000000 -8.062258 -7.810250
 0.000000 -6.324555 -6.082763
 0.000000 -6.324555 -6.082763
 0.000000 -9.433981 -9.219544
 0.000000 -9.433981 -9.219544
 0.000000 -9.433981 -9.219544
 0.000000 -7.280110 -7.071068
 0.000000 -10.816654 -10.630146
 0.000000 -8.246211 -8.062258
 0.000000 -9.219544 -9.055385
 0.000000 -9.219544 -9.055385
 0.000000 -3.162278 -3.000000
 0.000000 -10.440307 -10.295630
 0.000000 -7.211103 -7.071068
 0.000000 -4.123106 -4.000000
 0.000000 -4.123106 -4.000000
 0.000000 -8.602325 -8.485281
 0.000000 -5.099020 -5.000000
 0.000000 -11.401754 -11.313708
 0.000000 -6.082763 -6.000000
 0.000000 -7.071068 -7.000000
 0.000000 -7.071068 -7.000000
 0.000000 -7.071068 -7.000000
 0.000000 -7.071068 -7.000000
 0.000000 -8.544004 -8.485281
 0.000000 -8.544004 -8.485281
 0.000000 -8.602325 -8.544004
 0.000000 -8.602325 -8.544004
 0.000000 -10.049876 -10.000000
 0.000000 -16.155494 -16.124515
