 1.000000 -3.605551 11.000000
 1.000000  2.828427 15.033296
 1.000000  4.000000 14.212670
 1.000000  3.605551 12.083046
 1.000000  3.000000 11.401754
 1.000000  3.605551 12.000000
 1.000000  7.000000 14.764823
 1.000000  1.000000  7.810250
 1.000000 -4.123106  1.414214
 1.000000  5.000000  9.848858
 1.000000 -3.000000  1.000000
 1.000000  9.219544 13.000000
 1.000000  3.000000  6.708204
 1.000000  2.236068  5.830952
 1.000000  3.000000  6.324555
 1.000000  8.544004 11.704700
 1.000000  2.236068  5.385165
 1.000000  1.000000  4.123106
 1.000000 -1.000000  2.000000
 1.000000  2.000000  5.000000
 1.000000  3.605551  6.324555
 1.000000  8.485281 10.770330
 1.000000  5.385165  7.615773
 1.000000  3.605551  5.830952
 1.000000  2.828427  5.000000
 1.000000  4.000000  5.830952
 1.000000  6.403124  7.810250
 1.000000  3.605551  5.000000
 1.000000  4.000000  5.385165
 1.000000  5.000000  6.324555
 1.000000  6.403124  7.615773
 1.000000  5.830952  7.000000
 1.000000  4.242641  5.385165
 1.000000  3.000000  4.000000
 1.000000  5.385165  6.324555
 1.000000  2.000000  2.828427
 1.000000  2.828427  3.605551
 1.000000  2.828427  3.605551
 1.000000  2.828427  3.605551
 1.000000  4.242641  5.000000
 1.000000  6.324555  7.071068
 1.000000  7.071068  7.810250
 1.000000  7.071068  7.810250
 1.000000  7.071068  7.810250
 1.000000 13.601471 14.317821
 1.000000  5.000000  5.656854
 1.000000  5.000000  5.656854
 1.000000  3.605551  4.242641
 1.000000  3.605551  4.242641
 1.000000  3.605551  4.242641
 1.000000  7.615773  8.246211
 1.000000  9.219544  9.848858
 1.000000  5.385165  6.000000
 1.000000  7.211103  7.810250
 1.000000  2.236068  2.828427
 1.000000  2.236068  2.828427
 1.000000  2.236068  2.828427
 1.000000  2.236068  2.828427
 1.000000  2.236068  2.828427
 1.000000  2.236068  2.828427
 1.000000  2.236068  2.828427
 1.000000  2.236068  2.828427
 1.000000  1.414214  2.000000
 1.000000  6.708204  7.280110
 1.000000  9.433981 10.000000
 1.000000  4.472136  5.000000
 1.000000  4.472136  5.000000
 1.000000  4.472136  5.000000
 1.000000  4.472136  5.000000
 1.000000  4.472136  5.000000
 1.000000  3.605551  4.123106
 1.000000  3.605551  4.123106
 1.000000  3.605551  4.123106
 1.000000  3.605551  4.123106
 1.000000  3.605551  4.123106
 1.000000  3.605551  4.123106
 1.000000  5.830952  6.324555
 1.000000  8.944272  9.433981
 1.000000  8.062258  8.544004
 1.000000  8.062258  8.544004
 1.000000  8.062258  8.544004
 1.000000  9.848858 10.295630
 1.000000  5.385165  5.830952
 1.000000  5.385165  5.830952
 1.000000  5.385165  5.830952
 1.000000  5.385165  5.830952
 1.000000  5.385165  5.830952
 1.000000  3.162278  3.605551
 1.000000  3.162278  3.605551
 1.000000  5.656854  6.082763
 1.000000  9.433981  9.848858
 1.000000  9.433981  9.848858
 1.000000  1.000000  1.414214
 1.000000  1.000000  1.414214
 1.000000  7.211103  7.615773
 1.000000  8.544004  8.944272
 1.000000  8.544004  8.944272
 1.000000  8.544004  8.944272
 1.000000  3.605551  4.000000
 1.000000  3.605551  4.000000
 1.000000  3.605551  4.000000
 1.000000  5.000000  5.385165
 1.000000  5.000000  5.385165
 1.000000  6.324555  6.708204
 1.000000  6.324555  6.708204
 1.000000  6.708204  7.071068
 1.000000  6.708204  7.071068
 1.000000  6.708204  7.071068
 1.000000  6.708204  7.071068
 1.000000  9.486833  9.848858
 1.000000  9.486833  9.848858
 1.000000  9.486833  9.848858
 1.000000  4.123106  4.472136
 1.000000  4.123106  4.472136
 1.000000  4.123106  4.472136
 1.000000  4.123106  4.472136
 1.000000  4.123106  4.472136
 1.000000  8.602325  8.944272
 1.000000  2.828427  3.162278
 1.000000 10.440307 10.770330
 1.000000 13.601471 13.928388
 1.000000  6.000000  6.324555
 1.000000  6.403124  6.708204
 1.000000 11.704700 12.000000
 1.000000  5.099020  5.385165
 1.000000  5.099020  5.385165
 1.000000  5.099020  5.385165
 1.000000 13.928388 14.212670
 1.000000  8.944272  9.219544
 1.000000  8.944272  9.219544
 1.000000  5.385165  5.656854
 1.000000  5.385165  5.656854
 1.000000  5.385165  5.656854
 1.000000  7.810250  8.062258
 1.000000  8.000000  8.246211
 1.000000 10.198039 10.440307
 1.000000  6.082763  6.324555
 1.000000  6.082763  6.324555
 1.000000  6.082763  6.324555
 1.000000  6.082763  6.324555
 1.000000  6.082763  6.324555
 1.000000  6.082763  6.324555
 1.000000  8.246211  8.485281
 1.000000  2.000000  2.236068
 1.000000  2.000000  2.236068
 1.000000  4.242641  4.472136
 1.000000  4.242641  4.472136
 1.000000  4.242641  4.472136
 1.000000  4.242641  4.472136
 1.000000  9.219544  9.433981
 1.000000  9.219544  9.433981
 1.000000  9.219544  9.433981
 1.000000 13.928388 14.142136
 1.000000  7.071068  7.280110
 1.000000  7.071068  7.280110
 1.000000 10.000000 10.198039
 1.000000  7.615773  7.810250
 1.000000  8.062258  8.246211
 1.000000 14.142136 14.317821
 1.000000  5.656854  5.830952
 1.000000  5.656854  5.830952
 1.000000  9.055385  9.219544
 1.000000  3.000000  3.162278
 1.000000  3.000000  3.162278
 1.000000  3.000000  3.162278
 1.000000  3.000000  3.162278
 1.000000  3.000000  3.162278
 1.000000 12.369317 12.529964
 1.000000  9.848858 10.000000
 1.000000 13.453624 13.601471
 1.000000 13.453624 13.601471
 1.000000  7.071068  7.211103
 1.000000  7.071068  7.211103
 1.000000  7.071068  7.211103
 1.000000 11.045361 11.180340
 1.000000  4.000000  4.123106
 1.000000  4.000000  4.123106
 1.000000  4.000000  4.123106
 1.000000  4.000000  4.123106
 1.000000  4.000000  4.123106
 1.000000  4.123106  4.242641
 1.000000  4.123106  4.242641
 1.000000  4.123106  4.242641
 1.000000  4.123106  4.242641
 1.000000  4.123106  4.242641
 1.000000  4.123106  4.242641
 1.000000  4.123106  4.242641
 1.000000  8.485281  8.602325
 1.000000  8.485281  8.602325
 1.000000  8.944272  9.055385
 1.000000  5.000000  5.099020
 1.000000  5.000000  5.099020
 1.000000  5.000000  5.099020
 1.000000  5.000000  5.099020
 1.000000  5.000000  5.099020
 1.000000 10.198039 10.295630
 1.000000 10.198039 10.295630
 1.000000  6.000000  6.082763
 1.000000  6.000000  6.082763
 1.000000  6.000000  6.082763
 1.000000  6.324555  6.403124
 1.000000  7.000000  7.071068
 1.000000  7.000000  7.071068
 1.000000 14.142136 14.212670
 1.000000  7.211103  7.280110
 1.000000  8.000000  8.062258
 1.000000  9.000000  9.055385
 1.000000  9.848858  9.899495
 1.000000 10.000000 10.049876
 1.000000 11.000000 11.045361
 1.000000 12.000000 12.041595
 0.000000 -18.788294       inf
 0.000000 -17.720045 -2.236068
 0.000000 -14.866069 -1.000000
 0.000000 -7.000000  5.000000
 0.000000 -12.727922 -1.000000
 0.000000 -14.212670 -3.605551
 0.000000 -8.246211  2.000000
 0.000000 -6.000000  2.828427
 0.000000 -13.000000 -4.242641
 0.000000 -12.806248 -4.242641
 0.000000 -11.000000 -2.828427
 0.000000 -13.038405 -5.000000
 0.000000 -11.000000 -3.605551
 0.000000 -10.295630 -3.000000
 0.000000 -10.770330 -5.000000
 0.000000 -13.453624 -8.246211
 0.000000 -12.000000 -7.280110
 0.000000 -8.944272 -4.472136
 0.000000 -9.433981 -5.000000
 0.000000 -9.899495 -5.656854
 0.000000 -7.280110 -3.162278
 0.000000 -10.295630 -6.324555
 0.000000 -6.082763 -2.236068
 0.000000 -5.830952 -2.236068
 0.000000 -6.403124 -2.828427
 0.000000 -6.082763 -2.828427
 0.000000 -12.206556 -9.000000
 0.000000 -6.000000 -2.828427
 0.000000 -16.552945 -13.416408
 0.000000 -10.000000 -7.071068
 0.000000 -6.708204 -4.123106
 0.000000 -8.944272 -6.403124
 0.000000 -11.704700 -9.219544
 0.000000 -6.082763 -3.605551
 0.000000 -11.401754 -9.055385
 0.000000 -12.529964 -10.198039
 0.000000 -6.324555 -4.000000
 0.000000 -7.211103 -5.000000
 0.000000 -6.324555 -4.242641
 0.000000 -5.000000 -3.000000
 0.000000 -10.440307 -8.544004
 0.000000 -8.944272 -7.071068
 0.000000 -14.317821 -12.529964
 0.000000 -6.708204 -5.000000
 0.000000 -11.401754 -9.848858
 0.000000 -6.000000 -4.472136
 0.000000 -6.324555 -5.000000
 0.000000 -7.000000 -5.830952
 0.000000 -11.000000 -9.899495
 0.000000 -7.071068 -6.000000
 0.000000 -12.000000 -11.000000
 0.000000 -8.944272 -8.062258
 0.000000 -8.602325 -7.810250
 0.000000 -10.770330 -10.000000
 0.000000 -9.899495 -9.219544
 0.000000 -10.816654 -10.198039
 0.000000 -7.615773 -7.000000
 0.000000 -10.770330 -10.198039
 0.000000 -10.440307 -9.899495
 0.000000 -10.440307 -9.899495
 0.000000 -7.810250 -7.280110
 0.000000 -12.529964 -12.000000
 0.000000 -6.324555 -5.830952
 0.000000 -12.529964 -12.041595
 0.000000 -12.529964 -12.083046
 0.000000 -8.062258 -7.615773
 0.000000 -8.485281 -8.062258
 0.000000 -8.944272 -8.544004
 0.000000 -6.708204 -6.324555
 0.000000 -6.324555 -6.000000
 0.000000 -6.324555 -6.000000
 0.000000 -8.544004 -8.246211
 0.000000 -5.385165 -5.099020
 0.000000 -5.385165 -5.099020
 0.000000 -6.082763 -5.830952
 0.000000 -8.246211 -8.000000
 0.000000 -10.440307 -10.198039
 0.000000 -6.324555 -6.082763
 0.000000 -13.038405 -12.806248
 0.000000 -9.433981 -9.219544
 0.000000 -10.049876 -9.848858
 0.000000 -10.198039 -10.000000
 0.000000 -13.000000 -12.806248
 0.000000 -13.000000 -12.806248
 0.000000 -13.000000 -12.806248
 0.000000 -8.000000 -7.810250
 0.000000 -8.246211 -8.062258
 0.000000 -8.246211 -8.062258
 0.000000 -12.369317 -12.206556
 0.000000 -3.162278 -3.000000
 0.000000 -12.529964 -12.369317
 0.000000 -10.198039 -10.049876
 0.000000 -10.198039 -10.049876
 0.000000 -4.123106 -4.000000
 0.000000 -10.000000 -9.899495
 0.000000 -10.000000 -9.899495
 0.000000 -5.099020 -5.000000
 0.000000 -6.082763 -6.000000
 0.000000 -6.082763 -6.000000
 0.000000 -7.071068 -7.000000
 0.000000 -7.071068 -7.000000
 0.000000 -7.071068 -7.000000
 0.000000 -8.062258 -8.000000
 0.000000 -8.544004 -8.485281
 0.000000 -8.602325 -8.544004
 0.000000 -9.055385 -9.000000
 0.000000 -13.038405 -13.000000
 0.000000 -13.038405 -13.000000
