 1.000000  2.828427 14.000000
 1.000000 -5.830952  3.605551
 1.000000 -4.000000  5.000000
 1.000000  3.000000 11.661904
 1.000000 -5.000000  2.828427
 1.000000  1.414214  9.219544
 1.000000  2.828427 10.295630
 1.000000 -5.656854  1.414214
 1.000000 -3.605551  3.000000
 1.000000  4.472136 10.816654
 1.000000  2.828427  9.055385
 1.000000  3.000000  9.219544
 1.000000  2.828427  8.544004
 1.000000  2.000000  7.211103
 1.000000  1.000000  6.082763
 1.000000 -1.414214  2.828427
 1.000000 -3.000000  1.000000
 1.000000 -3.000000  1.000000
 1.000000  2.000000  6.000000
 1.000000 -1.000000  2.000000
 1.000000  3.605551  6.403124
 1.000000 -1.414214  1.000000
 1.000000 -1.000000  1.414214
 1.000000  2.000000  4.242641
 1.000000  7.000000  9.219544
 1.000000  3.000000  5.000000
 1.000000  1.000000  3.000000
 1.000000  1.000000  3.000000
 1.000000  5.656854  7.615773
 1.000000  8.000000  9.848858
 1.000000  4.123106  5.830952
 1.000000  3.605551  5.099020
 1.000000  1.414214  2.828427
 1.000000  3.605551  5.000000
 1.000000  3.605551  5.000000
 1.000000  5.000000  6.324555
 1.000000  5.000000  6.324555
 1.000000  2.828427  4.123106
 1.000000  6.324555  7.615773
 1.000000  6.324555  7.615773
 1.000000  3.000000  4.242641
 1.000000  4.472136  5.656854
 1.000000  2.828427  4.000000
 1.000000  2.000000  3.162278
 1.000000  3.162278  4.242641
 1.000000  3.000000  4.000000
 1.000000  2.000000  3.000000
 1.000000  2.000000  3.000000
 1.000000  2.000000  3.000000
 1.000000  6.000000  7.000000
 1.000000  8.485281  9.433981
 1.000000  2.236068  3.162278
 1.000000  3.605551  4.472136
 1.000000  3.605551  4.472136
 1.000000  3.162278  4.000000
 1.000000  5.000000  5.830952
 1.000000  1.414214  2.236068
 1.000000  2.828427  3.605551
 1.000000  2.236068  3.000000
 1.000000  4.242641  5.000000
 1.000000  4.242641  5.000000
 1.000000  5.656854  6.403124
 1.000000  7.280110  8.000000
 1.000000  6.403124  7.071068
 1.000000  5.000000  5.656854
 1.000000  5.000000  5.656854
 1.000000  5.000000  5.656854
 1.000000  5.000000  5.656854
 1.000000  5.000000  5.656854
 1.000000  5.000000  5.656854
 1.000000  5.000000  5.656854
 1.000000  3.605551  4.242641
 1.000000  3.605551  4.242641
 1.000000  3.605551  4.242641
 1.000000  3.605551  4.242641
 1.000000  3.605551  4.242641
 1.000000  3.605551  4.242641
 1.000000  8.602325  9.219544
 1.000000  7.000000  7.615773
 1.000000  3.000000  3.605551
 1.000000  2.236068  2.828427
 1.000000  2.236068  2.828427
 1.000000  2.236068  2.828427
 1.000000  2.236068  2.828427
 1.000000  2.236068  2.828427
 1.000000  2.236068  2.828427
 1.000000  2.236068  2.828427
 1.000000  2.236068  2.828427
 1.000000  2.236068  2.828427
 1.000000  1.414214  2.000000
 1.000000  1.414214  2.000000
 1.000000  5.830952  6.403124
 1.000000  7.071068  7.615773
 1.000000  7.071068  7.615773
 1.000000  4.472136  5.000000
 1.000000  4.472136  5.000000
 1.000000  4.472136  5.000000
 1.000000  4.472136  5.000000
 1.000000  4.472136  5.000000
 1.000000  4.472136  5.000000
 1.000000  4.472136  5.000000
 1.000000  3.605551  4.123106
 1.000000  3.605551  4.123106
 1.000000  3.605551  4.123106
 1.000000  6.708204  7.211103
 1.000000  6.708204  7.211103
 1.000000  6.708204  7.211103
 1.000000  5.830952  6.324555
 1.000000  8.944272  9.433981
 1.000000 10.295630 10.770330
 1.000000  9.433981  9.899495
 1.000000  8.485281  8.944272
 1.000000  5.385165  5.830952
 1.000000  5.385165  5.830952
 1.000000  5.385165  5.830952
 1.000000  5.385165  5.830952
 1.000000  3.162278  3.605551
 1.000000  3.162278  3.605551
 1.000000  3.162278  3.605551
 1.000000  3.162278  3.605551
 1.000000  3.162278  3.605551
 1.000000  3.162278  3.605551
 1.000000  3.162278  3.605551
 1.000000  3.162278  3.605551
 1.000000  3.162278  3.605551
 1.000000  3.162278  3.605551
 1.000000  3.162278  3.605551
 1.000000  3.162278  3.605551
 1.000000  3.162278  3.605551
 1.000000  3.162278  3.605551
 1.000000  3.162278  3.605551
 1.000000  3.162278  3.605551
 1.000000  9.433981  9.848858
 1.000000  1.000000  1.414214
 1.000000 10.770330 11.180340
 1.000000  7.211103  7.615773
 1.000000  8.544004  8.944272
 1.000000  9.899495 10.295630
 1.000000  9.899495 10.295630
 1.000000  3.605551  4.000000
 1.000000  3.605551  4.000000
 1.000000  3.605551  4.000000
 1.000000  3.605551  4.000000
 1.000000  5.000000  5.385165
 1.000000  5.000000  5.385165
 1.000000  6.324555  6.708204
 1.000000 10.630146 11.000000
 1.000000  6.708204  7.071068
 1.000000  6.708204  7.071068
 1.000000  6.708204  7.071068
 1.000000  6.708204  7.071068
 1.000000  9.486833  9.848858
 1.000000  9.486833  9.848858
 1.000000  4.123106  4.472136
 1.000000  4.123106  4.472136
 1.000000  4.123106  4.472136
 1.000000  4.123106  4.472136
 1.000000  4.123106  4.472136
 1.000000  7.280110  7.615773
 1.000000 10.295630 10.630146
 1.000000  2.828427  3.162278
 1.000000  2.828427  3.162278
 1.000000  2.828427  3.162278
 1.000000  2.828427  3.162278
 1.000000  2.828427  3.162278
 1.000000  2.828427  3.162278
 1.000000  2.828427  3.162278
 1.000000 10.440307 10.770330
 1.000000  6.000000  6.324555
 1.000000  6.000000  6.324555
 1.000000  6.403124  6.708204
 1.000000  6.403124  6.708204
 1.000000  6.403124  6.708204
 1.000000  6.403124  6.708204
 1.000000  6.403124  6.708204
 1.000000  6.403124  6.708204
 1.000000  6.403124  6.708204
 1.000000  9.899495 10.198039
 1.000000  5.099020  5.385165
 1.000000 12.369317 12.649111
 1.000000  5.385165  5.656854
 1.000000  5.385165  5.656854
 1.000000  5.385165  5.656854
 1.000000  5.385165  5.656854
 1.000000  5.385165  5.656854
 1.000000 10.049876 10.295630
 1.000000  6.082763  6.324555
 1.000000  6.082763  6.324555
 1.000000  6.082763  6.324555
 1.000000  6.082763  6.324555
 1.000000  2.000000  2.236068
 1.000000  2.000000  2.236068
 1.000000  2.000000  2.236068
 1.000000  2.000000  2.236068
 1.000000  2.000000  2.236068
 1.000000  2.000000  2.236068
 1.000000  2.000000  2.236068
 1.000000  2.000000  2.236068
 1.000000  4.242641  4.472136
 1.000000  4.242641  4.472136
 1.000000  4.242641  4.472136
 1.000000  4.242641  4.472136
 1.000000  4.242641  4.472136
 1.000000 11.180340 11.401754
 1.000000  7.071068  7.280110
 1.000000  7.071068  7.280110
 1.000000  7.071068  7.280110
 1.000000 10.000000 10.198039
 1.000000 10.630146 10.816654
 1.000000  8.062258  8.246211
 1.000000 11.000000 11.180340
 1.000000  5.656854  5.830952
 1.000000  2.828427  3.000000
 1.000000  2.828427  3.000000
 1.000000  2.828427  3.000000
 1.000000  5.830952  6.000000
 1.000000  3.000000  3.162278
 1.000000  3.000000  3.162278
 1.000000  3.000000  3.162278
 1.000000  3.000000  3.162278
 1.000000  3.000000  3.162278
 1.000000  3.000000  3.162278
 1.000000  3.000000  3.162278
 1.000000  3.000000  3.162278
 1.000000  3.000000  3.162278
 1.000000  3.000000  3.162278
 1.000000  9.848858 10.000000
 1.000000  9.848858 10.000000
 1.000000  7.071068  7.211103
 1.000000  7.071068  7.211103
 1.000000  7.071068  7.211103
 1.000000  7.071068  7.211103
 1.000000  7.071068  7.211103
 1.000000 12.041595 12.165525
 1.000000  4.000000  4.123106
 1.000000  4.000000  4.123106
 1.000000  4.000000  4.123106
 1.000000  4.000000  4.123106
 1.000000  4.000000  4.123106
 1.000000  4.123106  4.242641
 1.000000  4.123106  4.242641
 1.000000  4.123106  4.242641
 1.000000  4.123106  4.242641
 1.000000  4.123106  4.242641
 1.000000  4.123106  4.242641
 1.000000  4.123106  4.242641
 1.000000  4.123106  4.242641
 1.000000  4.123106  4.242641
 1.000000  4.123106  4.242641
 1.000000 13.038405 13.152946
 1.000000  9.899495 10.000000
 1.000000  9.899495 10.000000
 1.000000  5.000000  5.099020
 1.000000  5.000000  5.099020
 1.000000  5.000000  5.099020
 1.000000  5.000000  5.099020
 1.000000  5.000000  5.099020
 1.000000  5.000000  5.099020
 1.000000  5.000000  5.099020
 1.000000  5.000000  5.099020
 1.000000  5.000000  5.099020
 1.000000  5.000000  5.099020
 1.000000 10.198039 10.295630
 1.000000  6.000000  6.082763
 1.000000  6.000000  6.082763
 1.000000  6.000000  6.082763
 1.000000  6.324555  6.403124
 1.000000  7.000000  7.071068
 1.000000  7.000000  7.071068
 1.000000  7.000000  7.071068
 1.000000  7.000000  7.071068
 1.000000  7.000000  7.071068
 1.000000  8.000000  8.062258
 1.000000  8.000000  8.062258
 1.000000  8.544004  8.602325
 1.000000  9.000000  9.055385
 1.000000 12.041595 12.083046
 1.000000 13.000000 13.038405
 0.000000 -20.124612       inf
 0.000000 -16.401219  1.000000
 0.000000 -15.000000  2.000000
 0.000000 -13.000000  2.828427
 0.000000 -11.401754  2.000000
 0.000000 -12.165525 -1.000000
 0.000000 -13.000000 -2.236068
 0.000000 -7.810250  2.828427
 0.000000 -13.000000 -2.828427
 0.000000 -6.324555  3.000000
 0.000000 -6.324555  2.828427
 0.000000 -7.000000  2.000000
 0.000000 -7.810250  1.000000
 0.000000 -6.324555  2.236068
 0.000000 -5.656854  2.828427
 0.000000 -6.708204  1.000000
 0.000000 -5.656854  2.000000
 0.000000 -10.440307 -2.828427
 0.000000 -6.000000  1.000000
 0.000000 -4.000000  3.000000
 0.000000 -10.295630 -3.605551
 0.000000 -5.385165  1.000000
 0.000000 -14.000000 -8.062258
 0.000000 -8.544004 -2.828427
 0.000000 -6.708204 -1.000000
 0.000000 -9.000000 -3.605551
 0.000000 -6.000000 -1.000000
 0.000000 -11.704700 -7.071068
 0.000000 -6.708204 -2.236068
 0.000000 -16.278821 -12.369317
 0.000000 -5.830952 -2.000000
 0.000000 -7.810250 -4.000000
 0.000000 -5.656854 -2.000000
 0.000000 -9.899495 -6.403124
 0.000000 -8.485281 -5.000000
 0.000000 -7.810250 -4.472136
 0.000000 -6.324555 -3.000000
 0.000000 -8.246211 -5.000000
 0.000000 -8.062258 -5.000000
 0.000000 -10.630146 -7.615773
 0.000000 -7.000000 -4.000000
 0.000000 -6.082763 -3.162278
 0.000000 -6.000000 -3.162278
 0.000000 -5.656854 -3.000000
 0.000000 -4.000000 -1.414214
 0.000000 -7.280110 -5.000000
 0.000000 -5.099020 -2.828427
 0.000000 -8.062258 -5.830952
 0.000000 -1.000000  1.000000
 0.000000 -9.848858 -8.062258
 0.000000 -16.000000 -14.422205
 0.000000 -4.472136 -3.000000
 0.000000 -10.630146 -9.219544
 0.000000 -6.403124 -5.000000
 0.000000 -6.324555 -5.000000
 0.000000 -6.708204 -5.385165
 0.000000 -8.246211 -7.000000
 0.000000 -7.071068 -5.830952
 0.000000 -7.211103 -6.000000
 0.000000 -7.000000 -6.000000
 0.000000 -8.944272 -8.000000
 0.000000 -8.062258 -7.211103
 0.000000 -7.211103 -6.403124
 0.000000 -16.031220 -15.297059
 0.000000 -7.000000 -6.324555
 0.000000 -7.071068 -6.403124
 0.000000 -6.000000 -5.385165
 0.000000 -8.602325 -8.000000
 0.000000 -10.049876 -9.486833
 0.000000 -9.486833 -9.000000
 0.000000 -8.544004 -8.062258
 0.000000 -8.062258 -7.615773
 0.000000 -10.440307 -10.000000
 0.000000 -8.246211 -7.810250
 0.000000 -6.403124 -6.000000
 0.000000 -10.295630 -9.899495
 0.000000 -6.708204 -6.324555
 0.000000 -12.083046 -11.704700
 0.000000 -7.071068 -6.708204
 0.000000 -14.764823 -14.422205
 0.000000 -14.764823 -14.422205
 0.000000 -8.944272 -8.602325
 0.000000 -7.615773 -7.280110
 0.000000 -6.324555 -6.000000
 0.000000 -6.708204 -6.403124
 0.000000 -6.708204 -6.403124
 0.000000 -6.708204 -6.403124
 0.000000 -6.708204 -6.403124
 0.000000 -6.708204 -6.403124
 0.000000 -8.544004 -8.246211
 0.000000 -7.000000 -6.708204
 0.000000 -5.385165 -5.099020
 0.000000 -5.656854 -5.385165
 0.000000 -11.661904 -11.401754
 0.000000 -11.661904 -11.401754
 0.000000 -8.062258 -7.810250
 0.000000 -15.524175 -15.297059
 0.000000 -9.219544 -9.000000
 0.000000 -8.246211 -8.062258
 0.000000 -8.246211 -8.062258
 0.000000 -15.811388 -15.652476
 0.000000 -10.198039 -10.049876
 0.000000 -7.211103 -7.071068
 0.000000 -7.211103 -7.071068
 0.000000 -15.000000 -14.866069
 0.000000 -5.099020 -5.000000
 0.000000 -10.295630 -10.198039
 0.000000 -6.082763 -6.000000
 0.000000 -6.082763 -6.000000
 0.000000 -6.403124 -6.324555
 0.000000 -7.071068 -7.000000
 0.000000 -7.071068 -7.000000
 0.000000 -7.071068 -7.000000
 0.000000 -7.071068 -7.000000
 0.000000 -8.062258 -8.000000
 0.000000 -8.544004 -8.485281
 0.000000 -10.049876 -10.000000
 0.000000 -10.049876 -10.000000
 0.000000 -11.045361 -11.000000
 0.000000 -15.297059 -15.264338
