 1.000000 -2.828427  8.000000
 1.000000  4.123106 14.560220
 1.000000 -2.236068  7.000000
 1.000000  2.828427 11.000000
 1.000000 -5.099020  2.000000
 1.000000  5.830952 12.000000
 1.000000  4.000000 10.049876
 1.000000 -2.000000  4.000000
 1.000000  7.071068 13.000000
 1.000000 -1.000000  4.123106
 1.000000  3.162278  8.246211
 1.000000  2.236068  7.071068
 1.000000  4.242641  9.000000
 1.000000  3.605551  8.062258
 1.000000  4.472136  8.062258
 1.000000  4.472136  8.062258
 1.000000 -2.000000  1.414214
 1.000000  6.000000  9.000000
 1.000000  7.000000 10.000000
 1.000000  1.414214  4.242641
 1.000000  4.242641  7.000000
 1.000000  4.472136  7.211103
 1.000000 -1.000000  1.414214
 1.000000  9.000000 11.401754
 1.000000  2.828427  5.099020
 1.000000  1.000000  3.000000
 1.000000  1.000000  3.000000
 1.000000  6.708204  8.544004
 1.000000  6.708204  8.485281
 1.000000  7.280110  9.055385
 1.000000  7.280110  9.000000
 1.000000  5.000000  6.708204
 1.000000  7.071068  8.602325
 1.000000  7.211103  8.602325
 1.000000  5.099020  6.403124
 1.000000  4.472136  5.656854
 1.000000  4.242641  5.385165
 1.000000  3.000000  4.123106
 1.000000  3.000000  4.123106
 1.000000  5.656854  6.708204
 1.000000  6.082763  7.071068
 1.000000  5.099020  6.000000
 1.000000  8.544004  9.433981
 1.000000  1.414214  2.236068
 1.000000  1.414214  2.236068
 1.000000  7.280110  8.062258
 1.000000  2.828427  3.605551
 1.000000  2.236068  3.000000
 1.000000  2.236068  3.000000
 1.000000  7.280110  8.000000
 1.000000  6.324555  7.000000
 1.000000  3.605551  4.242641
 1.000000  3.605551  4.242641
 1.000000  3.605551  4.242641
 1.000000 10.770330 11.401754
 1.000000  3.000000  3.605551
 1.000000  3.000000  3.605551
 1.000000  3.000000  3.605551
 1.000000  2.236068  2.828427
 1.000000  2.236068  2.828427
 1.000000  2.236068  2.828427
 1.000000  2.236068  2.828427
 1.000000  2.236068  2.828427
 1.000000  2.236068  2.828427
 1.000000  2.236068  2.828427
 1.000000  2.236068  2.828427
 1.000000  2.236068  2.828427
 1.000000  2.236068  2.828427
 1.000000  2.236068  2.828427
 1.000000  1.414214  2.000000
 1.000000  1.414214  2.000000
 1.000000  1.414214  2.000000
 1.000000  1.414214  2.000000
 1.000000  1.414214  2.000000
 1.000000  1.414214  2.000000
 1.000000  1.414214  2.000000
 1.000000  5.830952  6.403124
 1.000000  4.472136  5.000000
 1.000000  4.472136  5.000000
 1.000000  4.472136  5.000000
 1.000000  4.472136  5.000000
 1.000000  4.472136  5.000000
 1.000000  4.472136  5.000000
 1.000000  3.605551  4.123106
 1.000000  3.605551  4.123106
 1.000000  3.605551  4.123106
 1.000000  3.605551  4.123106
 1.000000  3.605551  4.123106
 1.000000  5.830952  6.324555
 1.000000  5.830952  6.324555
 1.000000  5.830952  6.324555
 1.000000  5.830952  6.324555
 1.000000  8.062258  8.544004
 1.000000  9.848858 10.295630
 1.000000  7.615773  8.062258
 1.000000  7.615773  8.062258
 1.000000  5.385165  5.830952
 1.000000  5.385165  5.830952
 1.000000  5.385165  5.830952
 1.000000  3.162278  3.605551
 1.000000  3.162278  3.605551
 1.000000  3.162278  3.605551
 1.000000  3.162278  3.605551
 1.000000  3.162278  3.605551
 1.000000  3.162278  3.605551
 1.000000  3.162278  3.605551
 1.000000  3.162278  3.605551
 1.000000  1.000000  1.414214
 1.000000  1.000000  1.414214
 1.000000  1.000000  1.414214
 1.000000  1.000000  1.414214
 1.000000  1.000000  1.414214
 1.000000  7.211103  7.615773
 1.000000  7.211103  7.615773
 1.000000  7.211103  7.615773
 1.000000  8.544004  8.944272
 1.000000  8.544004  8.944272
 1.000000  8.544004  8.944272
 1.000000  3.605551  4.000000
 1.000000  3.605551  4.000000
 1.000000  5.000000  5.385165
 1.000000  5.000000  5.385165
 1.000000  5.000000  5.385165
 1.000000  5.000000  5.385165
 1.000000  5.000000  5.385165
 1.000000  7.615773  8.000000
 1.000000  7.615773  8.000000
 1.000000  6.324555  6.708204
 1.000000  6.324555  6.708204
 1.000000  6.324555  6.708204
 1.000000  6.324555  6.708204
 1.000000 10.816654 11.180340
 1.000000  6.708204  7.071068
 1.000000  6.708204  7.071068
 1.000000  6.708204  7.071068
 1.000000 12.649111 13.000000
 1.000000  4.123106  4.472136
 1.000000  4.123106  4.472136
 1.000000  7.280110  7.615773
 1.000000  7.280110  7.615773
 1.000000  2.828427  3.162278
 1.000000  2.828427  3.162278
 1.000000  2.828427  3.162278
 1.000000  6.000000  6.324555
 1.000000  6.403124  6.708204
 1.000000  6.403124  6.708204
 1.000000  6.403124  6.708204
 1.000000  6.403124  6.708204
 1.000000 13.038405 13.341664
 1.000000  8.246211  8.544004
 1.000000  8.246211  8.544004
 1.000000  8.246211  8.544004
 1.000000  8.246211  8.544004
 1.000000  6.708204  7.000000
 1.000000  5.099020  5.385165
 1.000000  5.099020  5.385165
 1.000000  5.099020  5.385165
 1.000000  5.099020  5.385165
 1.000000 14.142136 14.422205
 1.000000  5.385165  5.656854
 1.000000  7.810250  8.062258
 1.000000  7.810250  8.062258
 1.000000  7.810250  8.062258
 1.000000  7.810250  8.062258
 1.000000  7.810250  8.062258
 1.000000 10.049876 10.295630
 1.000000 10.049876 10.295630
 1.000000  6.082763  6.324555
 1.000000  6.082763  6.324555
 1.000000  6.082763  6.324555
 1.000000  8.246211  8.485281
 1.000000  8.246211  8.485281
 1.000000  2.000000  2.236068
 1.000000  2.000000  2.236068
 1.000000  2.000000  2.236068
 1.000000  2.000000  2.236068
 1.000000  2.000000  2.236068
 1.000000  2.000000  2.236068
 1.000000  2.000000  2.236068
 1.000000  2.000000  2.236068
 1.000000  2.000000  2.236068
 1.000000  2.000000  2.236068
 1.000000  4.242641  4.472136
 1.000000  4.242641  4.472136
 1.000000  4.242641  4.472136
 1.000000  4.242641  4.472136
 1.000000  4.242641  4.472136
 1.000000 13.928388 14.142136
 1.000000  7.000000  7.211103
 1.000000 14.212670 14.422205
 1.000000  7.071068  7.280110
 1.000000  7.071068  7.280110
 1.000000  7.071068  7.280110
 1.000000  7.071068  7.280110
 1.000000 12.529964 12.727922
 1.000000  7.615773  7.810250
 1.000000  7.615773  7.810250
 1.000000  7.615773  7.810250
 1.000000  7.615773  7.810250
 1.000000  7.810250  8.000000
 1.000000  7.810250  8.000000
 1.000000 13.416408 13.601471
 1.000000  8.062258  8.246211
 1.000000  8.062258  8.246211
 1.000000  8.062258  8.246211
 1.000000  8.062258  8.246211
 1.000000  5.656854  5.830952
 1.000000  5.656854  5.830952
 1.000000  5.656854  5.830952
 1.000000  5.656854  5.830952
 1.000000  5.656854  5.830952
 1.000000  5.830952  6.000000
 1.000000  9.055385  9.219544
 1.000000  9.055385  9.219544
 1.000000  9.055385  9.219544
 1.000000  3.000000  3.162278
 1.000000  3.000000  3.162278
 1.000000  3.000000  3.162278
 1.000000  3.000000  3.162278
 1.000000  3.000000  3.162278
 1.000000  3.000000  3.162278
 1.000000  7.071068  7.211103
 1.000000  7.071068  7.211103
 1.000000  7.071068  7.211103
 1.000000  7.071068  7.211103
 1.000000 11.045361 11.180340
 1.000000 11.045361 11.180340
 1.000000  4.000000  4.123106
 1.000000  4.000000  4.123106
 1.000000  4.000000  4.123106
 1.000000  4.000000  4.123106
 1.000000  4.000000  4.123106
 1.000000  4.000000  4.123106
 1.000000  4.000000  4.123106
 1.000000  4.000000  4.123106
 1.000000  4.123106  4.242641
 1.000000  4.123106  4.242641
 1.000000  4.123106  4.242641
 1.000000  4.123106  4.242641
 1.000000  4.123106  4.242641
 1.000000  4.123106  4.242641
 1.000000  4.123106  4.242641
 1.000000  5.000000  5.099020
 1.000000  5.000000  5.099020
 1.000000  5.000000  5.099020
 1.000000  5.000000  5.099020
 1.000000  5.000000  5.099020
 1.000000  5.000000  5.099020
 1.000000  5.000000  5.099020
 1.000000  6.000000  6.082763
 1.000000 12.083046 12.165525
 1.000000  6.324555  6.403124
 1.000000  6.324555  6.403124
 1.000000  6.324555  6.403124
 1.000000  6.324555  6.403124
 1.000000  7.000000  7.071068
 1.000000  7.000000  7.071068
 1.000000  7.000000  7.071068
 1.000000  7.000000  7.071068
 1.000000  7.000000  7.071068
 1.000000  7.000000  7.071068
 1.000000  7.211103  7.280110
 1.000000  7.211103  7.280110
 1.000000  8.000000  8.062258
 1.000000  8.000000  8.062258
 1.000000  8.000000  8.062258
 1.000000  8.000000  8.062258
 1.000000  8.000000  8.062258
 1.000000  9.000000  9.055385
 1.000000  9.000000  9.055385
 1.000000 10.000000 10.049876
 1.000000 18.000000 18.027756
 0.000000 -19.235384       inf
 0.000000 -18.000000  2.236068
 0.000000 -15.000000  3.162278
 0.000000 -15.620499  2.000000
 0.000000 -17.029386 -2.236068
 0.000000 -13.453624  1.000000
 0.000000 -14.000000 -1.000000
 0.000000 -9.055385  3.605551
 0.000000 -8.944272  3.605551
 0.000000 -11.180340  1.000000
 0.000000 -4.000000  7.000000
 0.000000 -14.142136 -4.000000
 0.000000 -10.630146 -1.000000
 0.000000 -7.280110  2.000000
 0.000000 -6.708204  2.236068
 0.000000 -13.000000 -5.000000
 0.000000 -11.045361 -3.162278
 0.000000 -11.045361 -3.162278
 0.000000 -6.324555  1.414214
 0.000000 -13.453624 -6.082763
 0.000000 -9.433981 -2.236068
 0.000000 -10.816654 -4.000000
 0.000000 -8.062258 -1.414214
 0.000000 -8.602325 -2.000000
 0.000000 -10.000000 -3.605551
 0.000000 -11.180340 -5.000000
 0.000000 -11.313708 -6.324555
 0.000000 -6.082763 -1.414214
 0.000000 -10.630146 -6.000000
 0.000000 -10.295630 -6.000000
 0.000000 -8.944272 -5.385165
 0.000000 -8.485281 -5.656854
 0.000000 -10.049876 -7.810250
 0.000000 -8.944272 -6.708204
 0.000000 -8.485281 -6.403124
 0.000000 -7.615773 -5.656854
 0.000000 -6.324555 -4.472136
 0.000000 -5.830952 -4.000000
 0.000000 -10.816654 -9.000000
 0.000000 -7.000000 -5.385165
 0.000000 -6.708204 -5.099020
 0.000000 -9.848858 -8.246211
 0.000000 -11.401754 -9.848858
 0.000000 -10.770330 -9.219544
 0.000000 -8.246211 -6.708204
 0.000000 -6.403124 -5.000000
 0.000000 -6.324555 -5.000000
 0.000000 -6.403124 -5.099020
 0.000000 -9.219544 -8.000000
 0.000000 -11.045361 -9.899495
 0.000000 -6.082763 -5.000000
 0.000000 -6.000000 -5.000000
 0.000000 -7.280110 -6.324555
 0.000000 -8.944272 -8.000000
 0.000000 -9.000000 -8.062258
 0.000000 -6.000000 -5.099020
 0.000000 -8.062258 -7.211103
 0.000000 -6.708204 -6.000000
 0.000000 -6.708204 -6.000000
 0.000000 -8.944272 -8.246211
 0.000000 -9.899495 -9.219544
 0.000000 -7.000000 -6.324555
 0.000000 -7.615773 -7.000000
 0.000000 -3.605551 -3.000000
 0.000000 -7.810250 -7.211103
 0.000000 -8.062258 -7.615773
 0.000000 -6.708204 -6.324555
 0.000000 -15.231546 -14.866069
 0.000000 -8.944272 -8.602325
 0.000000 -10.630146 -10.295630
 0.000000 -6.708204 -6.403124
 0.000000 -6.708204 -6.403124
 0.000000 -6.708204 -6.403124
 0.000000 -11.704700 -11.401754
 0.000000 -8.544004 -8.246211
 0.000000 -9.486833 -9.219544
 0.000000 -11.661904 -11.401754
 0.000000 -8.062258 -7.810250
 0.000000 -8.246211 -8.000000
 0.000000 -15.231546 -15.033296
 0.000000 -5.830952 -5.656854
 0.000000 -5.830952 -5.656854
 0.000000 -5.830952 -5.656854
 0.000000 -10.198039 -10.049876
 0.000000 -7.211103 -7.071068
 0.000000 -7.211103 -7.071068
 0.000000 -7.211103 -7.071068
 0.000000 -7.211103 -7.071068
 0.000000 -7.211103 -7.071068
 0.000000 -7.211103 -7.071068
 0.000000 -7.211103 -7.071068
 0.000000 -15.000000 -14.866069
 0.000000 -4.123106 -4.000000
 0.000000 -10.000000 -9.899495
 0.000000 -5.099020 -5.000000
 0.000000 -6.082763 -6.000000
 0.000000 -6.403124 -6.324555
 0.000000 -12.806248 -12.727922
 0.000000 -7.071068 -7.000000
 0.000000 -7.071068 -7.000000
 0.000000 -7.071068 -7.000000
 0.000000 -7.280110 -7.211103
 0.000000 -7.280110 -7.211103
 0.000000 -7.280110 -7.211103
 0.000000 -15.297059 -15.231546
 0.000000 -9.000000 -8.944272
 0.000000 -9.055385 -9.000000
 0.000000 -10.049876 -10.000000
 0.000000 -11.045361 -11.000000
