 1.000000 -4.472136  6.708204
 1.000000  2.828427 12.369317
 1.000000 -2.236068  6.082763
 1.000000  3.162278 11.000000
 1.000000  3.162278 10.816654
 1.000000 11.000000 18.357560
 1.000000  5.099020 12.206556
 1.000000 -2.000000  5.000000
 1.000000  1.000000  6.708204
 1.000000  5.385165 10.816654
 1.000000 -4.000000  1.414214
 1.000000  2.000000  7.211103
 1.000000  9.000000 14.142136
 1.000000 -1.000000  4.000000
 1.000000 -3.000000  2.000000
 1.000000  4.242641  9.000000
 1.000000  6.324555 10.630146
 1.000000 -2.828427  1.414214
 1.000000 -1.000000  3.000000
 1.000000  4.472136  8.062258
 1.000000  3.000000  6.324555
 1.000000  7.810250 11.000000
 1.000000 -1.000000  2.000000
 1.000000  5.099020  8.062258
 1.000000  3.000000  5.830952
 1.000000  7.211103 10.000000
 1.000000  5.830952  8.544004
 1.000000  1.000000  3.605551
 1.000000 -1.000000  1.414214
 1.000000  3.000000  5.000000
 1.000000  1.000000  3.000000
 1.000000  4.000000  6.000000
 1.000000  4.123106  6.000000
 1.000000  5.000000  6.403124
 1.000000  3.605551  5.000000
 1.000000  4.123106  5.385165
 1.000000  1.000000  2.236068
 1.000000  1.000000  2.236068
 1.000000  8.000000  9.000000
 1.000000  8.485281  9.433981
 1.000000  5.830952  6.708204
 1.000000  4.123106  5.000000
 1.000000  9.000000  9.848858
 1.000000  9.000000  9.848858
 1.000000  3.162278  4.000000
 1.000000  7.280110  8.062258
 1.000000  2.828427  3.605551
 1.000000  2.828427  3.605551
 1.000000  2.828427  3.605551
 1.000000  2.828427  3.605551
 1.000000 10.000000 10.770330
 1.000000  4.242641  5.000000
 1.000000  8.485281  9.219544
 1.000000  9.899495 10.630146
 1.000000  7.810250  8.485281
 1.000000  6.403124  7.071068
 1.000000 10.000000 10.630146
 1.000000 10.000000 10.630146
 1.000000  8.602325  9.219544
 1.000000  8.602325  9.219544
 1.000000  2.236068  2.828427
 1.000000  2.236068  2.828427
 1.000000  2.236068  2.828427
 1.000000  2.236068  2.828427
 1.000000  2.236068  2.828427
 1.000000  2.236068  2.828427
 1.000000  2.236068  2.828427
 1.000000  1.414214  2.000000
 1.000000  1.414214  2.000000
 1.000000  1.414214  2.000000
 1.000000  6.708204  7.280110
 1.000000  4.472136  5.000000
 1.000000  4.472136  5.000000
 1.000000  4.472136  5.000000
 1.000000  4.472136  5.000000
 1.000000  4.472136  5.000000
 1.000000  4.472136  5.000000
 1.000000  4.472136  5.000000
 1.000000  4.472136  5.000000
 1.000000  4.472136  5.000000
 1.000000  4.472136  5.000000
 1.000000  3.605551  4.123106
 1.000000  3.605551  4.123106
 1.000000  3.605551  4.123106
 1.000000  3.605551  4.123106
 1.000000  3.605551  4.123106
 1.000000  5.830952  6.324555
 1.000000  5.830952  6.324555
 1.000000  8.944272  9.433981
 1.000000  8.062258  8.544004
 1.000000  8.062258  8.544004
 1.000000 17.029386 17.492856
 1.000000  5.385165  5.830952
 1.000000  5.385165  5.830952
 1.000000  3.162278  3.605551
 1.000000  3.162278  3.605551
 1.000000  3.162278  3.605551
 1.000000  3.162278  3.605551
 1.000000  3.162278  3.605551
 1.000000  3.162278  3.605551
 1.000000  3.162278  3.605551
 1.000000  3.162278  3.605551
 1.000000  3.162278  3.605551
 1.000000  3.162278  3.605551
 1.000000  3.162278  3.605551
 1.000000  3.162278  3.605551
 1.000000  3.162278  3.605551
 1.000000 13.453624 13.892444
 1.000000  8.062258  8.485281
 1.000000  8.062258  8.485281
 1.000000  8.062258  8.485281
 1.000000  1.000000  1.414214
 1.000000  1.000000  1.414214
 1.000000  1.000000  1.414214
 1.000000  1.000000  1.414214
 1.000000  1.000000  1.414214
 1.000000  1.000000  1.414214
 1.000000  7.211103  7.615773
 1.000000  7.211103  7.615773
 1.000000  7.211103  7.615773
 1.000000  3.605551  4.000000
 1.000000  3.605551  4.000000
 1.000000  5.000000  5.385165
 1.000000  5.000000  5.385165
 1.000000  6.324555  6.708204
 1.000000  6.324555  6.708204
 1.000000  6.324555  6.708204
 1.000000  6.324555  6.708204
 1.000000  6.708204  7.071068
 1.000000  9.486833  9.848858
 1.000000  4.123106  4.472136
 1.000000  4.123106  4.472136
 1.000000  4.123106  4.472136
 1.000000  4.123106  4.472136
 1.000000  4.123106  4.472136
 1.000000  4.123106  4.472136
 1.000000  4.123106  4.472136
 1.000000  8.602325  8.944272
 1.000000 13.000000 13.341664
 1.000000 17.464249 17.804494
 1.000000  7.280110  7.615773
 1.000000  7.280110  7.615773
 1.000000  7.280110  7.615773
 1.000000 10.295630 10.630146
 1.000000  2.828427  3.162278
 1.000000  2.828427  3.162278
 1.000000  2.828427  3.162278
 1.000000  6.000000  6.324555
 1.000000  6.403124  6.708204
 1.000000  6.403124  6.708204
 1.000000  6.403124  6.708204
 1.000000  6.403124  6.708204
 1.000000  6.403124  6.708204
 1.000000  6.403124  6.708204
 1.000000  6.403124  6.708204
 1.000000  6.403124  6.708204
 1.000000  8.246211  8.544004
 1.000000 10.000000 10.295630
 1.000000  6.708204  7.000000
 1.000000  6.708204  7.000000
 1.000000  6.708204  7.000000
 1.000000 13.601471 13.892444
 1.000000  5.099020  5.385165
 1.000000  5.099020  5.385165
 1.000000  5.099020  5.385165
 1.000000  5.099020  5.385165
 1.000000  5.099020  5.385165
 1.000000  5.099020  5.385165
 1.000000  5.099020  5.385165
 1.000000  7.000000  7.280110
 1.000000  8.944272  9.219544
 1.000000  5.385165  5.656854
 1.000000  7.810250  8.062258
 1.000000  7.810250  8.062258
 1.000000  5.830952  6.082763
 1.000000  5.830952  6.082763
 1.000000  6.082763  6.324555
 1.000000  6.082763  6.324555
 1.000000  6.082763  6.324555
 1.000000  6.082763  6.324555
 1.000000  6.082763  6.324555
 1.000000  2.000000  2.236068
 1.000000  2.000000  2.236068
 1.000000  2.000000  2.236068
 1.000000  2.000000  2.236068
 1.000000  2.000000  2.236068
 1.000000  2.000000  2.236068
 1.000000  2.000000  2.236068
 1.000000  2.000000  2.236068
 1.000000  2.000000  2.236068
 1.000000 16.970563 17.204651
 1.000000  4.242641  4.472136
 1.000000  4.242641  4.472136
 1.000000  4.242641  4.472136
 1.000000  4.242641  4.472136
 1.000000  4.242641  4.472136
 1.000000 11.180340 11.401754
 1.000000  9.000000  9.219544
 1.000000  9.000000  9.219544
 1.000000  9.219544  9.433981
 1.000000  7.071068  7.280110
 1.000000  7.071068  7.280110
 1.000000  7.071068  7.280110
 1.000000 10.000000 10.198039
 1.000000 10.000000 10.198039
 1.000000  7.615773  7.810250
 1.000000  7.615773  7.810250
 1.000000  7.615773  7.810250
 1.000000  8.062258  8.246211
 1.000000  8.062258  8.246211
 1.000000  5.656854  5.830952
 1.000000  5.656854  5.830952
 1.000000  5.656854  5.830952
 1.000000  2.828427  3.000000
 1.000000  2.828427  3.000000
 1.000000  3.000000  3.162278
 1.000000  3.000000  3.162278
 1.000000  3.000000  3.162278
 1.000000  3.000000  3.162278
 1.000000  3.000000  3.162278
 1.000000 10.049876 10.198039
 1.000000 13.453624 13.601471
 1.000000  7.071068  7.211103
 1.000000 17.888544 18.027756
 1.000000  4.000000  4.123106
 1.000000  4.000000  4.123106
 1.000000  4.000000  4.123106
 1.000000  4.000000  4.123106
 1.000000  4.000000  4.123106
 1.000000  4.000000  4.123106
 1.000000  4.000000  4.123106
 1.000000  4.123106  4.242641
 1.000000  4.123106  4.242641
 1.000000  4.123106  4.242641
 1.000000  8.485281  8.602325
 1.000000  5.000000  5.099020
 1.000000  5.000000  5.099020
 1.000000  5.000000  5.099020
 1.000000  5.000000  5.099020
 1.000000  5.000000  5.099020
 1.000000  5.000000  5.099020
 1.000000  5.000000  5.099020
 1.000000  5.000000  5.099020
 1.000000  5.000000  5.099020
 1.000000  6.000000  6.082763
 1.000000  6.000000  6.082763
 1.000000  6.000000  6.082763
 1.000000  6.000000  6.082763
 1.000000  6.324555  6.403124
 1.000000  6.324555  6.403124
 1.000000  6.324555  6.403124
 1.000000  6.324555  6.403124
 1.000000  7.000000  7.071068
 1.000000  7.000000  7.071068
 1.000000  7.000000  7.071068
 1.000000  8.000000  8.062258
 1.000000  8.000000  8.062258
 1.000000  8.000000  8.062258
 1.000000  8.000000  8.062258
 1.000000 16.970563 17.029386
 1.000000 16.970563 17.029386
 1.000000  9.000000  9.055385
 1.000000 12.000000 12.041595
 0.000000 -17.464249       inf
 0.000000 -16.970563  2.828427
 0.000000 -13.000000  4.123106
 0.000000 -13.928388  2.236068
 0.000000 -12.369317  2.236068
 0.000000 -10.000000  3.605551
 0.000000 -12.041595  1.414214
 0.000000 -16.763055 -4.242641
 0.000000 -16.552945 -4.472136
 0.000000 -9.000000  2.828427
 0.000000 -9.219544  2.000000
 0.000000 -14.000000 -3.605551
 0.000000 -8.246211  1.414214
 0.000000 -10.198039 -1.000000
 0.000000 -6.708204  1.000000
 0.000000 -3.000000  4.000000
 0.000000 -5.385165  1.000000
 0.000000 -8.944272 -2.828427
 0.000000 -9.000000 -3.000000
 0.000000 -5.000000  1.000000
 0.000000 -8.062258 -2.236068
 0.000000 -12.083046 -6.403124
 0.000000 -7.615773 -2.000000
 0.000000 -10.770330 -5.830952
 0.000000 -5.830952 -1.000000
 0.000000 -7.615773 -3.000000
 0.000000 -13.000000 -8.544004
 0.000000 -13.152946 -9.433981
 0.000000 -6.403124 -2.828427
 0.000000 -7.615773 -4.123106
 0.000000 -1.414214  2.000000
 0.000000 -7.000000 -3.605551
 0.000000 -9.055385 -5.830952
 0.000000 -9.219544 -6.000000
 0.000000 -11.180340 -8.000000
 0.000000 -6.082763 -3.000000
 0.000000 -8.062258 -5.000000
 0.000000 -10.000000 -7.000000
 0.000000 -11.180340 -8.246211
 0.000000 -8.944272 -6.324555
 0.000000 -6.082763 -3.605551
 0.000000 -6.324555 -4.000000
 0.000000 -1.000000  1.000000
 0.000000 -11.000000 -9.000000
 0.000000 -5.385165 -3.605551
 0.000000 -7.810250 -6.082763
 0.000000 -5.830952 -4.123106
 0.000000 -14.422205 -12.806248
 0.000000 -6.000000 -4.472136
 0.000000 -7.810250 -6.324555
 0.000000 -11.313708 -9.848858
 0.000000 -6.403124 -5.000000
 0.000000 -8.485281 -7.211103
 0.000000 -10.295630 -9.219544
 0.000000 -5.000000 -4.000000
 0.000000 -9.219544 -8.246211
 0.000000 -3.162278 -2.236068
 0.000000 -5.830952 -5.000000
 0.000000 -5.830952 -5.000000
 0.000000 -7.211103 -6.403124
 0.000000 -10.000000 -9.219544
 0.000000 -7.810250 -7.071068
 0.000000 -5.656854 -5.000000
 0.000000 -11.661904 -11.045361
 0.000000 -2.000000 -1.414214
 0.000000 -6.403124 -5.830952
 0.000000 -7.615773 -7.071068
 0.000000 -7.211103 -6.708204
 0.000000 -8.544004 -8.062258
 0.000000 -8.544004 -8.062258
 0.000000 -10.295630 -9.848858
 0.000000 -5.830952 -5.385165
 0.000000 -6.403124 -6.000000
 0.000000 -12.369317 -12.000000
 0.000000 -7.071068 -6.708204
 0.000000 -7.615773 -7.280110
 0.000000 -8.544004 -8.246211
 0.000000 -7.280110 -7.000000
 0.000000 -7.280110 -7.000000
 0.000000 -9.486833 -9.219544
 0.000000 -9.486833 -9.219544
 0.000000 -6.324555 -6.082763
 0.000000 -6.324555 -6.082763
 0.000000 -8.485281 -8.246211
 0.000000 -13.038405 -12.806248
 0.000000 -10.198039 -10.000000
 0.000000 -7.810250 -7.615773
 0.000000 -13.341664 -13.152946
 0.000000 -8.246211 -8.062258
 0.000000 -8.246211 -8.062258
 0.000000 -8.246211 -8.062258
 0.000000 -8.246211 -8.062258
 0.000000 -3.162278 -3.000000
 0.000000 -15.811388 -15.652476
 0.000000 -15.811388 -15.652476
 0.000000 -15.811388 -15.652476
 0.000000 -7.211103 -7.071068
 0.000000 -7.211103 -7.071068
 0.000000 -11.180340 -11.045361
 0.000000 -4.123106 -4.000000
 0.000000 -4.123106 -4.000000
 0.000000 -14.142136 -14.035669
 0.000000 -10.000000 -9.899495
 0.000000 -10.000000 -9.899495
 0.000000 -5.099020 -5.000000
 0.000000 -10.295630 -10.198039
 0.000000 -7.071068 -7.000000
 0.000000 -7.280110 -7.211103
 0.000000 -8.602325 -8.544004
 0.000000 -8.602325 -8.544004
 0.000000 -9.055385 -9.000000
 0.000000 -9.055385 -9.000000
 0.000000 -10.049876 -10.000000
