 1.000000  6.000000 17.000000
 1.000000  1.414214 10.295630
 1.000000 -4.123106  4.472136
 1.000000  2.828427 11.000000
 1.000000  2.236068  9.486833
 1.000000 -5.000000  2.000000
 1.000000  2.236068  9.219544
 1.000000  2.828427  8.944272
 1.000000 -5.000000  1.000000
 1.000000 -3.000000  2.828427
 1.000000 -3.000000  2.828427
 1.000000 -2.000000  3.605551
 1.000000  3.000000  8.544004
 1.000000  3.000000  8.246211
 1.000000  4.000000  9.000000
 1.000000  3.605551  8.000000
 1.000000 -2.828427  1.414214
 1.000000  2.236068  6.324555
 1.000000 -2.000000  2.000000
 1.000000  2.000000  6.000000
 1.000000  5.385165  9.219544
 1.000000  5.656854  9.433981
 1.000000  4.123106  7.280110
 1.000000  2.236068  5.000000
 1.000000  6.324555  8.602325
 1.000000  3.162278  5.385165
 1.000000  8.944272 11.000000
 1.000000  4.242641  6.000000
 1.000000  5.656854  7.211103
 1.000000  3.605551  5.000000
 1.000000  4.000000  5.385165
 1.000000  5.830952  7.071068
 1.000000  5.000000  6.082763
 1.000000  4.000000  5.000000
 1.000000  4.000000  5.000000
 1.000000 13.000000 14.000000
 1.000000  3.162278  4.123106
 1.000000  4.123106  5.000000
 1.000000  2.000000  2.828427
 1.000000  2.000000  2.828427
 1.000000  1.414214  2.236068
 1.000000 11.180340 12.000000
 1.000000  7.810250  8.602325
 1.000000  7.280110  8.062258
 1.000000  2.828427  3.605551
 1.000000  2.828427  3.605551
 1.000000  4.242641  5.000000
 1.000000  4.242641  5.000000
 1.000000  4.242641  5.000000
 1.000000  6.000000  6.708204
 1.000000  5.000000  5.656854
 1.000000  5.000000  5.656854
 1.000000  3.605551  4.242641
 1.000000  3.605551  4.242641
 1.000000  3.605551  4.242641
 1.000000  3.605551  4.242641
 1.000000  4.472136  5.099020
 1.000000  6.082763  6.708204
 1.000000  3.000000  3.605551
 1.000000  2.236068  2.828427
 1.000000  2.236068  2.828427
 1.000000  2.236068  2.828427
 1.000000  2.236068  2.828427
 1.000000  1.414214  2.000000
 1.000000  1.414214  2.000000
 1.000000  4.472136  5.000000
 1.000000  4.472136  5.000000
 1.000000  4.472136  5.000000
 1.000000  4.472136  5.000000
 1.000000  4.472136  5.000000
 1.000000  4.472136  5.000000
 1.000000  3.605551  4.123106
 1.000000  3.605551  4.123106
 1.000000  5.830952  6.324555
 1.000000  8.944272  9.433981
 1.000000  8.944272  9.433981
 1.000000  8.062258  8.544004
 1.000000  4.000000  4.472136
 1.000000  4.000000  4.472136
 1.000000  9.848858 10.295630
 1.000000  7.615773  8.062258
 1.000000  5.385165  5.830952
 1.000000  5.385165  5.830952
 1.000000  5.385165  5.830952
 1.000000  3.162278  3.605551
 1.000000  3.162278  3.605551
 1.000000  3.162278  3.605551
 1.000000  3.162278  3.605551
 1.000000  3.162278  3.605551
 1.000000  3.162278  3.605551
 1.000000  3.162278  3.605551
 1.000000  3.162278  3.605551
 1.000000  8.062258  8.485281
 1.000000 16.552945 16.970563
 1.000000  9.433981  9.848858
 1.000000 10.770330 11.180340
 1.000000  8.602325  9.000000
 1.000000  3.605551  4.000000
 1.000000  3.605551  4.000000
 1.000000  3.605551  4.000000
 1.000000  5.000000  5.385165
 1.000000  5.000000  5.385165
 1.000000  5.000000  5.385165
 1.000000  5.000000  5.385165
 1.000000  5.000000  5.385165
 1.000000  7.615773  8.000000
 1.000000  6.324555  6.708204
 1.000000  6.324555  6.708204
 1.000000  6.324555  6.708204
 1.000000  6.324555  6.708204
 1.000000  6.708204  7.071068
 1.000000  6.708204  7.071068
 1.000000  9.486833  9.848858
 1.000000  9.486833  9.848858
 1.000000  4.123106  4.472136
 1.000000  4.123106  4.472136
 1.000000  2.828427  3.162278
 1.000000 10.440307 10.770330
 1.000000  6.403124  6.708204
 1.000000  6.403124  6.708204
 1.000000  8.246211  8.544004
 1.000000  8.246211  8.544004
 1.000000  8.246211  8.544004
 1.000000  8.246211  8.544004
 1.000000  5.099020  5.385165
 1.000000  5.099020  5.385165
 1.000000  5.099020  5.385165
 1.000000  5.099020  5.385165
 1.000000  5.385165  5.656854
 1.000000  5.385165  5.656854
 1.000000  5.385165  5.656854
 1.000000  5.385165  5.656854
 1.000000  5.385165  5.656854
 1.000000  5.385165  5.656854
 1.000000  7.810250  8.062258
 1.000000  7.810250  8.062258
 1.000000  5.830952  6.082763
 1.000000 14.317821 14.560220
 1.000000 10.198039 10.440307
 1.000000  6.082763  6.324555
 1.000000  8.246211  8.485281
 1.000000  8.246211  8.485281
 1.000000  2.000000  2.236068
 1.000000  2.000000  2.236068
 1.000000  2.000000  2.236068
 1.000000  2.000000  2.236068
 1.000000  4.242641  4.472136
 1.000000  4.242641  4.472136
 1.000000  4.242641  4.472136
 1.000000  4.242641  4.472136
 1.000000  4.242641  4.472136
 1.000000  4.242641  4.472136
 1.000000  4.242641  4.472136
 1.000000  4.242641  4.472136
 1.000000  4.242641  4.472136
 1.000000  9.219544  9.433981
 1.000000  9.219544  9.433981
 1.000000  7.071068  7.280110
 1.000000  7.615773  7.810250
 1.000000  8.062258  8.246211
 1.000000  8.062258  8.246211
 1.000000  5.656854  5.830952
 1.000000  2.828427  3.000000
 1.000000  5.830952  6.000000
 1.000000  3.000000  3.162278
 1.000000  3.000000  3.162278
 1.000000  3.000000  3.162278
 1.000000 16.124515 16.278821
 1.000000 10.049876 10.198039
 1.000000 10.295630 10.440307
 1.000000 14.866069 15.000000
 1.000000  4.000000  4.123106
 1.000000  4.000000  4.123106
 1.000000  4.000000  4.123106
 1.000000  4.000000  4.123106
 1.000000  4.000000  4.123106
 1.000000  4.000000  4.123106
 1.000000  4.000000  4.123106
 1.000000  4.123106  4.242641
 1.000000  4.123106  4.242641
 1.000000  4.123106  4.242641
 1.000000  4.123106  4.242641
 1.000000  4.123106  4.242641
 1.000000  5.000000  5.099020
 1.000000  5.000000  5.099020
 1.000000  5.000000  5.099020
 1.000000  5.000000  5.099020
 1.000000 11.313708 11.401754
 1.000000  6.000000  6.082763
 1.000000  6.000000  6.082763
 1.000000  6.000000  6.082763
 1.000000  6.000000  6.082763
 1.000000  6.000000  6.082763
 1.000000  6.000000  6.082763
 1.000000  6.000000  6.082763
 1.000000  6.000000  6.082763
 1.000000  6.324555  6.403124
 1.000000  6.324555  6.403124
 1.000000  6.324555  6.403124
 1.000000  6.324555  6.403124
 1.000000  7.000000  7.071068
 1.000000  7.000000  7.071068
 1.000000  7.000000  7.071068
 1.000000  7.000000  7.071068
 1.000000  7.000000  7.071068
 1.000000  7.000000  7.071068
 1.000000  7.000000  7.071068
 1.000000  7.000000  7.071068
 1.000000  7.211103  7.280110
 1.000000  7.211103  7.280110
 1.000000  7.211103  7.280110
 1.000000  8.000000  8.062258
 1.000000  8.000000  8.062258
 1.000000  8.000000  8.062258
 1.000000  9.000000  9.055385
 1.000000  9.000000  9.055385
 1.000000  9.848858  9.899495
 0.000000 -16.124515       inf
 0.000000 -14.764823  1.000000
 0.000000 -11.045361  4.000000
 0.000000 -8.062258  5.000000
 0.000000 -13.416408 -3.605551
 0.000000 -12.806248 -3.000000
 0.000000 -13.453624 -4.242641
 0.000000 -9.219544 -1.000000
 0.000000 -13.892444 -5.830952
 0.000000 -9.486833 -2.236068
 0.000000 -8.062258 -1.000000
 0.000000 -12.529964 -6.324555
 0.000000 -11.000000 -5.000000
 0.000000 -13.453624 -8.000000
 0.000000 -9.055385 -3.605551
 0.000000 -13.341664 -8.000000
 0.000000 -6.708204 -1.414214
 0.000000 -11.000000 -6.000000
 0.000000 -9.219544 -4.242641
 0.000000 -8.944272 -4.000000
 0.000000 -12.649111 -8.000000
 0.000000 -10.440307 -6.000000
 0.000000 -13.453624 -9.219544
 0.000000 -1.000000  3.000000
 0.000000 -10.770330 -7.071068
 0.000000 -12.083046 -8.485281
 0.000000 -8.944272 -5.385165
 0.000000 -9.899495 -6.403124
 0.000000 -9.486833 -6.082763
 0.000000 -8.062258 -5.000000
 0.000000 -11.000000 -8.000000
 0.000000 -7.000000 -4.000000
 0.000000 -8.944272 -6.082763
 0.000000 -7.000000 -4.242641
 0.000000 -9.848858 -7.280110
 0.000000 -12.000000 -9.433981
 0.000000 -6.324555 -4.000000
 0.000000 -8.246211 -6.000000
 0.000000 -6.403124 -4.242641
 0.000000 -6.403124 -4.472136
 0.000000 -5.830952 -4.000000
 0.000000 -7.810250 -6.000000
 0.000000 -7.615773 -5.830952
 0.000000 -7.071068 -5.385165
 0.000000 -9.433981 -8.000000
 0.000000 -8.485281 -7.071068
 0.000000 -6.403124 -5.000000
 0.000000 -7.615773 -6.324555
 0.000000 -6.324555 -5.099020
 0.000000 -10.630146 -9.433981
 0.000000 -6.708204 -5.656854
 0.000000 -2.000000 -1.000000
 0.000000 -10.000000 -9.000000
 0.000000 -9.055385 -8.062258
 0.000000 -9.219544 -8.246211
 0.000000 -8.000000 -7.071068
 0.000000 -8.944272 -8.062258
 0.000000 -7.211103 -6.403124
 0.000000 -8.000000 -7.280110
 0.000000 -7.000000 -6.324555
 0.000000 -7.071068 -6.403124
 0.000000 -6.403124 -5.830952
 0.000000 -8.602325 -8.062258
 0.000000 -8.544004 -8.062258
 0.000000 -8.544004 -8.062258
 0.000000 -4.472136 -4.000000
 0.000000 -8.944272 -8.485281
 0.000000 -12.529964 -12.083046
 0.000000 -8.246211 -7.810250
 0.000000 -12.083046 -11.661904
 0.000000 -13.416408 -13.000000
 0.000000 -7.615773 -7.211103
 0.000000 -9.848858 -9.486833
 0.000000 -6.708204 -6.403124
 0.000000 -8.544004 -8.246211
 0.000000 -8.544004 -8.246211
 0.000000 -5.385165 -5.099020
 0.000000 -8.062258 -7.810250
 0.000000 -6.082763 -5.830952
 0.000000 -6.324555 -6.082763
 0.000000 -4.472136 -4.242641
 0.000000 -4.472136 -4.242641
 0.000000 -9.433981 -9.219544
 0.000000 -7.280110 -7.071068
 0.000000 -7.280110 -7.071068
 0.000000 -7.280110 -7.071068
 0.000000 -8.246211 -8.062258
 0.000000 -8.246211 -8.062258
 0.000000 -8.246211 -8.062258
 0.000000 -11.180340 -11.000000
 0.000000 -12.529964 -12.369317
 0.000000 -4.123106 -4.000000
 0.000000 -12.649111 -12.529964
 0.000000 -10.000000 -9.899495
 0.000000 -5.099020 -5.000000
 0.000000 -5.099020 -5.000000
 0.000000 -6.082763 -6.000000
 0.000000 -6.082763 -6.000000
 0.000000 -7.071068 -7.000000
 0.000000 -7.280110 -7.211103
 0.000000 -8.062258 -8.000000
 0.000000 -8.062258 -8.000000
 0.000000 -8.062258 -8.000000
 0.000000 -8.544004 -8.485281
 0.000000 -8.544004 -8.485281
 0.000000 -8.602325 -8.544004
 0.000000 -9.055385 -9.000000
 0.000000 -10.049876 -10.000000
 0.000000 -10.049876 -10.000000
 0.000000 -11.045361 -11.000000
 0.000000 -12.041595 -12.000000
 0.000000 -12.083046 -12.041595
 0.000000 -16.031220 -16.000000
