 1.000000  4.242641 16.278821
 1.000000  3.162278  9.848858
 1.000000  3.000000  9.055385
 1.000000 -5.000000  1.000000
 1.000000  2.000000  7.615773
 1.000000  6.324555 11.401754
 1.000000  3.605551  8.062258
 1.000000  1.414214  5.830952
 1.000000  3.000000  7.211103
 1.000000  2.000000  6.082763
 1.000000  3.000000  7.071068
 1.000000  3.605551  7.615773
 1.000000 -1.000000  2.828427
 1.000000  3.605551  7.071068
 1.000000  5.656854  9.000000
 1.000000  3.000000  6.324555
 1.000000  5.830952  9.055385
 1.000000  6.324555  9.219544
 1.000000  5.385165  7.810250
 1.000000 -1.414214  1.000000
 1.000000  4.000000  6.403124
 1.000000  2.000000  4.123106
 1.000000  5.000000  7.071068
 1.000000  6.000000  8.000000
 1.000000  8.000000 10.000000
 1.000000  6.000000  8.000000
 1.000000  5.000000  7.000000
 1.000000  5.000000  7.000000
 1.000000  6.082763  8.062258
 1.000000  4.000000  5.830952
 1.000000  2.236068  4.000000
 1.000000  4.123106  5.656854
 1.000000  4.472136  5.830952
 1.000000  6.708204  8.062258
 1.000000  5.000000  6.324555
 1.000000  4.000000  5.099020
 1.000000  6.000000  7.071068
 1.000000  5.656854  6.708204
 1.000000  6.000000  7.000000
 1.000000  3.000000  4.000000
 1.000000  4.000000  5.000000
 1.000000  2.000000  3.000000
 1.000000  7.071068  8.000000
 1.000000  6.708204  7.615773
 1.000000  2.000000  2.828427
 1.000000  2.000000  2.828427
 1.000000  6.403124  7.211103
 1.000000  2.828427  3.605551
 1.000000  2.828427  3.605551
 1.000000  5.385165  6.082763
 1.000000  8.544004  9.219544
 1.000000  6.324555  7.000000
 1.000000  6.403124  7.071068
 1.000000  6.403124  7.071068
 1.000000  6.403124  7.071068
 1.000000  6.403124  7.071068
 1.000000  6.403124  7.071068
 1.000000  5.656854  6.324555
 1.000000  5.000000  5.656854
 1.000000  3.605551  4.242641
 1.000000  3.605551  4.242641
 1.000000  3.605551  4.242641
 1.000000  3.605551  4.242641
 1.000000  3.605551  4.242641
 1.000000  3.000000  3.605551
 1.000000  2.236068  2.828427
 1.000000  2.236068  2.828427
 1.000000  2.236068  2.828427
 1.000000  2.236068  2.828427
 1.000000  2.236068  2.828427
 1.000000  1.414214  2.000000
 1.000000  1.414214  2.000000
 1.000000  5.830952  6.403124
 1.000000  5.830952  6.403124
 1.000000  7.071068  7.615773
 1.000000  4.472136  5.000000
 1.000000  4.472136  5.000000
 1.000000  3.605551  4.123106
 1.000000  3.605551  4.123106
 1.000000  3.605551  4.123106
 1.000000  3.605551  4.123106
 1.000000  3.605551  4.123106
 1.000000  6.708204  7.211103
 1.000000  5.830952  6.324555
 1.000000  5.830952  6.324555
 1.000000  5.830952  6.324555
 1.000000  8.944272  9.433981
 1.000000  8.062258  8.544004
 1.000000  4.000000  4.472136
 1.000000  5.385165  5.830952
 1.000000  5.385165  5.830952
 1.000000  3.162278  3.605551
 1.000000  3.162278  3.605551
 1.000000  3.162278  3.605551
 1.000000  3.162278  3.605551
 1.000000  3.162278  3.605551
 1.000000  1.000000  1.414214
 1.000000  1.000000  1.414214
 1.000000  1.000000  1.414214
 1.000000  1.000000  1.414214
 1.000000  1.000000  1.414214
 1.000000  1.000000  1.414214
 1.000000  8.544004  8.944272
 1.000000  8.544004  8.944272
 1.000000  8.544004  8.944272
 1.000000  3.605551  4.000000
 1.000000  5.000000  5.385165
 1.000000  5.000000  5.385165
 1.000000  5.000000  5.385165
 1.000000  5.000000  5.385165
 1.000000  5.000000  5.385165
 1.000000  5.000000  5.385165
 1.000000  5.000000  5.385165
 1.000000  6.324555  6.708204
 1.000000  6.324555  6.708204
 1.000000  6.324555  6.708204
 1.000000  6.324555  6.708204
 1.000000  6.324555  6.708204
 1.000000  6.708204  7.071068
 1.000000  6.708204  7.071068
 1.000000  6.708204  7.071068
 1.000000  6.708204  7.071068
 1.000000  6.708204  7.071068
 1.000000  6.708204  7.071068
 1.000000  6.708204  7.071068
 1.000000  6.708204  7.071068
 1.000000  6.708204  7.071068
 1.000000  9.486833  9.848858
 1.000000  4.123106  4.472136
 1.000000  4.123106  4.472136
 1.000000  4.123106  4.472136
 1.000000  4.123106  4.472136
 1.000000  7.280110  7.615773
 1.000000  7.280110  7.615773
 1.000000  7.280110  7.615773
 1.000000  2.828427  3.162278
 1.000000  6.000000  6.324555
 1.000000  6.000000  6.324555
 1.000000  6.403124  6.708204
 1.000000  6.403124  6.708204
 1.000000  6.403124  6.708204
 1.000000  6.403124  6.708204
 1.000000  6.708204  7.000000
 1.000000 15.524175 15.811388
 1.000000  5.099020  5.385165
 1.000000  5.099020  5.385165
 1.000000  5.099020  5.385165
 1.000000  5.099020  5.385165
 1.000000  7.000000  7.280110
 1.000000  5.385165  5.656854
 1.000000  5.385165  5.656854
 1.000000  5.385165  5.656854
 1.000000  5.385165  5.656854
 1.000000  9.219544  9.486833
 1.000000 13.892444 14.142136
 1.000000  4.000000  4.242641
 1.000000  6.082763  6.324555
 1.000000  6.082763  6.324555
 1.000000  6.082763  6.324555
 1.000000  6.082763  6.324555
 1.000000  2.000000  2.236068
 1.000000  2.000000  2.236068
 1.000000  2.000000  2.236068
 1.000000  2.000000  2.236068
 1.000000  2.000000  2.236068
 1.000000  2.000000  2.236068
 1.000000 15.000000 15.231546
 1.000000  4.242641  4.472136
 1.000000  4.242641  4.472136
 1.000000  7.000000  7.211103
 1.000000  7.071068  7.280110
 1.000000  7.071068  7.280110
 1.000000  7.615773  7.810250
 1.000000  5.656854  5.830952
 1.000000  5.656854  5.830952
 1.000000  5.656854  5.830952
 1.000000  5.656854  5.830952
 1.000000  5.656854  5.830952
 1.000000  5.656854  5.830952
 1.000000  5.656854  5.830952
 1.000000  2.828427  3.000000
 1.000000  5.830952  6.000000
 1.000000  5.830952  6.000000
 1.000000  5.830952  6.000000
 1.000000  3.000000  3.162278
 1.000000  3.000000  3.162278
 1.000000 10.049876 10.198039
 1.000000  7.071068  7.211103
 1.000000  7.071068  7.211103
 1.000000  7.071068  7.211103
 1.000000  7.071068  7.211103
 1.000000  4.000000  4.123106
 1.000000  4.000000  4.123106
 1.000000  4.000000  4.123106
 1.000000  4.000000  4.123106
 1.000000  4.000000  4.123106
 1.000000  4.123106  4.242641
 1.000000  4.123106  4.242641
 1.000000  4.123106  4.242641
 1.000000  4.123106  4.242641
 1.000000  4.123106  4.242641
 1.000000  8.485281  8.602325
 1.000000  5.000000  5.099020
 1.000000  5.000000  5.099020
 1.000000  5.000000  5.099020
 1.000000  5.000000  5.099020
 1.000000  6.000000  6.082763
 1.000000  6.000000  6.082763
 1.000000  6.000000  6.082763
 1.000000  6.000000  6.082763
 1.000000  6.324555  6.403124
 1.000000  6.324555  6.403124
 1.000000  6.324555  6.403124
 1.000000  6.324555  6.403124
 1.000000  6.324555  6.403124
 1.000000  6.324555  6.403124
 1.000000  7.000000  7.071068
 1.000000  7.000000  7.071068
 1.000000  7.000000  7.071068
 1.000000  7.000000  7.071068
 1.000000  7.000000  7.071068
 1.000000  7.000000  7.071068
 1.000000  7.000000  7.071068
 1.000000  7.000000  7.071068
 1.000000  7.000000  7.071068
 1.000000  7.000000  7.071068
 1.000000  7.000000  7.071068
 1.000000  7.000000  7.071068
 1.000000  7.211103  7.280110
 1.000000  8.000000  8.062258
 1.000000  8.000000  8.062258
 1.000000  8.000000  8.062258
 1.000000  8.944272  9.000000
 1.000000 10.000000 10.049876
 1.000000 17.088007 17.117243
 1.000000 18.000000 18.027756
 0.000000 -19.104973       inf
 0.000000 -19.000000  2.000000
 0.000000 -13.928388  1.000000
 0.000000 -7.000000  7.000000
 0.000000 -14.317821 -1.000000
 0.000000 -9.848858  2.828427
 0.000000 -16.401219 -5.385165
 0.000000 -12.369317 -2.000000
 0.000000 -6.403124  2.000000
 0.000000 -6.082763  1.000000
 0.000000 -12.083046 -5.099020
 0.000000 -5.830952  1.000000
 0.000000 -9.219544 -2.828427
 0.000000 -11.401754 -5.099020
 0.000000 -15.297059 -9.055385
 0.000000 -11.180340 -5.000000
 0.000000 -8.544004 -2.828427
 0.000000 -6.324555 -1.000000
 0.000000 -8.062258 -2.828427
 0.000000 -8.062258 -3.000000
 0.000000 -7.000000 -2.000000
 0.000000 -10.198039 -5.830952
 0.000000 -10.000000 -5.656854
 0.000000 -11.313708 -7.000000
 0.000000 -6.403124 -2.236068
 0.000000 -9.848858 -6.000000
 0.000000 -8.944272 -5.099020
 0.000000 -5.830952 -2.000000
 0.000000 -6.708204 -3.000000
 0.000000 -1.414214  2.000000
 0.000000 -10.770330 -7.615773
 0.000000 -11.313708 -8.246211
 0.000000 -8.000000 -5.000000
 0.000000 -6.082763 -3.162278
 0.000000 -7.071068 -4.472136
 0.000000 -10.630146 -8.062258
 0.000000 -7.000000 -4.472136
 0.000000 -9.486833 -7.000000
 0.000000 -6.324555 -4.000000
 0.000000 -8.062258 -6.000000
 0.000000 -8.246211 -6.324555
 0.000000 -7.000000 -5.099020
 0.000000 -8.000000 -6.324555
 0.000000 -8.062258 -6.403124
 0.000000 -3.605551 -2.000000
 0.000000 -13.000000 -11.401754
 0.000000 -9.486833 -8.062258
 0.000000 -7.071068 -5.656854
 0.000000 -6.403124 -5.000000
 0.000000 -5.830952 -4.472136
 0.000000 -9.899495 -8.544004
 0.000000 -6.324555 -5.000000
 0.000000 -10.198039 -9.000000
 0.000000 -9.000000 -7.810250
 0.000000 -13.453624 -12.369317
 0.000000 -6.403124 -5.385165
 0.000000 -6.403124 -5.385165
 0.000000 -12.165525 -11.180340
 0.000000 -9.848858 -9.055385
 0.000000 -6.403124 -5.656854
 0.000000 -9.219544 -8.544004
 0.000000 -7.071068 -6.403124
 0.000000 -7.615773 -7.000000
 0.000000 -17.492856 -16.970563
 0.000000 -12.727922 -12.206556
 0.000000 -8.544004 -8.062258
 0.000000 -9.000000 -8.544004
 0.000000 -8.062258 -7.615773
 0.000000 -8.485281 -8.062258
 0.000000 -9.848858 -9.433981
 0.000000 -6.708204 -6.324555
 0.000000 -12.083046 -11.704700
 0.000000 -8.944272 -8.602325
 0.000000 -6.324555 -6.000000
 0.000000 -14.866069 -14.560220
 0.000000 -14.866069 -14.560220
 0.000000 -6.708204 -6.403124
 0.000000 -6.708204 -6.403124
 0.000000 -5.385165 -5.099020
 0.000000 -5.385165 -5.099020
 0.000000 -5.385165 -5.099020
 0.000000 -5.385165 -5.099020
 0.000000 -5.385165 -5.099020
 0.000000 -12.649111 -12.369317
 0.000000 -11.661904 -11.401754
 0.000000 -11.661904 -11.401754
 0.000000 -8.062258 -7.810250
 0.000000 -8.062258 -7.810250
 0.000000 -8.485281 -8.246211
 0.000000 -11.401754 -11.180340
 0.000000 -11.401754 -11.180340
 0.000000 -7.280110 -7.071068
 0.000000 -7.280110 -7.071068
 0.000000 -8.246211 -8.062258
 0.000000 -5.830952 -5.656854
 0.000000 -9.219544 -9.055385
 0.000000 -13.152946 -13.000000
 0.000000 -10.770330 -10.630146
 0.000000 -12.165525 -12.041595
 0.000000 -15.132746 -15.033296
 0.000000 -5.099020 -5.000000
 0.000000 -5.099020 -5.000000
 0.000000 -6.082763 -6.000000
 0.000000 -7.071068 -7.000000
 0.000000 -7.071068 -7.000000
 0.000000 -7.280110 -7.211103
 0.000000 -8.062258 -8.000000
 0.000000 -8.062258 -8.000000
 0.000000 -8.062258 -8.000000
 0.000000 -8.544004 -8.485281
 0.000000 -8.544004 -8.485281
 0.000000 -9.000000 -8.944272
 0.000000 -9.055385 -9.000000
 0.000000 -9.486833 -9.433981
 0.000000 -13.038405 -13.000000
 0.000000 -13.038405 -13.000000
