 1.000000 -3.000000  9.000000
 1.000000 -1.414214  8.944272
 1.000000  2.000000 11.313708
 1.000000  8.062258 15.132746
 1.000000  2.236068  9.219544
 1.000000  2.236068  8.944272
 1.000000 -5.656854  1.000000
 1.000000  2.000000  8.062258
 1.000000  2.000000  7.000000
 1.000000  2.000000  7.000000
 1.000000  2.236068  7.071068
 1.000000  4.472136  9.219544
 1.000000  3.162278  7.810250
 1.000000  3.000000  7.071068
 1.000000 -3.000000  1.000000
 1.000000 -2.000000  1.000000
 1.000000  2.000000  5.000000
 1.000000  2.828427  5.656854
 1.000000  3.605551  6.324555
 1.000000  2.236068  4.472136
 1.000000  5.000000  7.211103
 1.000000  9.848858 12.041595
 1.000000  1.000000  3.162278
 1.000000  6.708204  8.544004
 1.000000  6.403124  8.062258
 1.000000  6.000000  7.615773
 1.000000  2.000000  3.605551
 1.000000  3.605551  5.000000
 1.000000  5.000000  6.324555
 1.000000  5.385165  6.708204
 1.000000 10.440307 11.661904
 1.000000  2.000000  3.162278
 1.000000  4.000000  5.099020
 1.000000  4.000000  5.000000
 1.000000  6.000000  7.000000
 1.000000 13.152946 14.035669
 1.000000  3.605551  4.472136
 1.000000  9.848858 10.630146
 1.000000  2.828427  3.605551
 1.000000  2.828427  3.605551
 1.000000  7.280110  8.000000
 1.000000  7.810250  8.485281
 1.000000  7.810250  8.485281
 1.000000  5.656854  6.324555
 1.000000  5.000000  5.656854
 1.000000  3.605551  4.242641
 1.000000  3.605551  4.242641
 1.000000  3.605551  4.242641
 1.000000  3.605551  4.242641
 1.000000  6.082763  6.708204
 1.000000  7.211103  7.810250
 1.000000  7.211103  7.810250
 1.000000 11.401754 12.000000
 1.000000  2.236068  2.828427
 1.000000  2.236068  2.828427
 1.000000  2.236068  2.828427
 1.000000  9.848858 10.440307
 1.000000  9.848858 10.440307
 1.000000  1.414214  2.000000
 1.000000  1.414214  2.000000
 1.000000  5.830952  6.403124
 1.000000  8.062258  8.602325
 1.000000  4.472136  5.000000
 1.000000  4.472136  5.000000
 1.000000  4.472136  5.000000
 1.000000  4.472136  5.000000
 1.000000 15.000000 15.524175
 1.000000  3.605551  4.123106
 1.000000  3.605551  4.123106
 1.000000  3.605551  4.123106
 1.000000  6.708204  7.211103
 1.000000  6.708204  7.211103
 1.000000  6.708204  7.211103
 1.000000  6.708204  7.211103
 1.000000  5.830952  6.324555
 1.000000  5.830952  6.324555
 1.000000  8.062258  8.544004
 1.000000  8.062258  8.544004
 1.000000  9.848858 10.295630
 1.000000  9.848858 10.295630
 1.000000  9.848858 10.295630
 1.000000  9.848858 10.295630
 1.000000  9.848858 10.295630
 1.000000  7.615773  8.062258
 1.000000  5.385165  5.830952
 1.000000  5.385165  5.830952
 1.000000  5.385165  5.830952
 1.000000  5.385165  5.830952
 1.000000  3.162278  3.605551
 1.000000  3.162278  3.605551
 1.000000  3.162278  3.605551
 1.000000  3.162278  3.605551
 1.000000  3.162278  3.605551
 1.000000  3.162278  3.605551
 1.000000 10.000000 10.440307
 1.000000  1.000000  1.414214
 1.000000  1.000000  1.414214
 1.000000  1.000000  1.414214
 1.000000  1.000000  1.414214
 1.000000  1.000000  1.414214
 1.000000  1.000000  1.414214
 1.000000  1.000000  1.414214
 1.000000  1.000000  1.414214
 1.000000  1.000000  1.414214
 1.000000 10.770330 11.180340
 1.000000  7.211103  7.615773
 1.000000  7.211103  7.615773
 1.000000  7.211103  7.615773
 1.000000  9.899495 10.295630
 1.000000  9.899495 10.295630
 1.000000  3.605551  4.000000
 1.000000  3.605551  4.000000
 1.000000  3.605551  4.000000
 1.000000  3.605551  4.000000
 1.000000  5.000000  5.385165
 1.000000  5.000000  5.385165
 1.000000  5.000000  5.385165
 1.000000  5.000000  5.385165
 1.000000  5.000000  5.385165
 1.000000  6.324555  6.708204
 1.000000  6.708204  7.071068
 1.000000  6.708204  7.071068
 1.000000  4.123106  4.472136
 1.000000  4.123106  4.472136
 1.000000  4.123106  4.472136
 1.000000  7.280110  7.615773
 1.000000  7.280110  7.615773
 1.000000  7.280110  7.615773
 1.000000 10.295630 10.630146
 1.000000 10.440307 10.770330
 1.000000  6.000000  6.324555
 1.000000  6.403124  6.708204
 1.000000  6.403124  6.708204
 1.000000  6.403124  6.708204
 1.000000  6.403124  6.708204
 1.000000  8.246211  8.544004
 1.000000 10.000000 10.295630
 1.000000 10.000000 10.295630
 1.000000  5.099020  5.385165
 1.000000  5.099020  5.385165
 1.000000  5.099020  5.385165
 1.000000  5.385165  5.656854
 1.000000 13.341664 13.601471
 1.000000  5.830952  6.082763
 1.000000  5.830952  6.082763
 1.000000 10.198039 10.440307
 1.000000 10.198039 10.440307
 1.000000 10.198039 10.440307
 1.000000  6.082763  6.324555
 1.000000  6.082763  6.324555
 1.000000  6.082763  6.324555
 1.000000  6.082763  6.324555
 1.000000  2.000000  2.236068
 1.000000  2.000000  2.236068
 1.000000  2.000000  2.236068
 1.000000  2.000000  2.236068
 1.000000  2.000000  2.236068
 1.000000  2.000000  2.236068
 1.000000  4.242641  4.472136
 1.000000 11.180340 11.401754
 1.000000  7.071068  7.280110
 1.000000  7.071068  7.280110
 1.000000  7.615773  7.810250
 1.000000  7.615773  7.810250
 1.000000 10.440307 10.630146
 1.000000  5.656854  5.830952
 1.000000  5.656854  5.830952
 1.000000  5.656854  5.830952
 1.000000  5.656854  5.830952
 1.000000  2.828427  3.000000
 1.000000  2.828427  3.000000
 1.000000  2.828427  3.000000
 1.000000  5.830952  6.000000
 1.000000  5.830952  6.000000
 1.000000  3.000000  3.162278
 1.000000  3.000000  3.162278
 1.000000  3.000000  3.162278
 1.000000  3.000000  3.162278
 1.000000  3.000000  3.162278
 1.000000  3.000000  3.162278
 1.000000  3.000000  3.162278
 1.000000 10.630146 10.770330
 1.000000  7.071068  7.211103
 1.000000  7.071068  7.211103
 1.000000  7.071068  7.211103
 1.000000  7.071068  7.211103
 1.000000 11.045361 11.180340
 1.000000  4.000000  4.123106
 1.000000  4.000000  4.123106
 1.000000  4.000000  4.123106
 1.000000  4.000000  4.123106
 1.000000  4.000000  4.123106
 1.000000  4.000000  4.123106
 1.000000  4.000000  4.123106
 1.000000  4.123106  4.242641
 1.000000  4.123106  4.242641
 1.000000  4.123106  4.242641
 1.000000  4.123106  4.242641
 1.000000  4.123106  4.242641
 1.000000  4.123106  4.242641
 1.000000  4.123106  4.242641
 1.000000  4.123106  4.242641
 1.000000  9.899495 10.000000
 1.000000  5.000000  5.099020
 1.000000  5.000000  5.099020
 1.000000  5.000000  5.099020
 1.000000  5.000000  5.099020
 1.000000  5.000000  5.099020
 1.000000  5.000000  5.099020
 1.000000  5.000000  5.099020
 1.000000 11.313708 11.401754
 1.000000 11.313708 11.401754
 1.000000 11.313708 11.401754
 1.000000  6.000000  6.082763
 1.000000  6.000000  6.082763
 1.000000  6.324555  6.403124
 1.000000  6.324555  6.403124
 1.000000  6.324555  6.403124
 1.000000  6.324555  6.403124
 1.000000  8.000000  8.062258
 1.000000  8.000000  8.062258
 1.000000  8.544004  8.602325
 1.000000  9.848858  9.899495
 1.000000 11.000000 11.045361
 1.000000 11.000000 11.045361
 1.000000 11.000000 11.045361
 1.000000 11.000000 11.045361
 1.000000 11.000000 11.045361
 1.000000 14.000000 14.035669
 0.000000 -18.000000       inf
 0.000000 -15.000000  1.414214
 0.000000 -8.944272  4.472136
 0.000000 -17.888544 -4.472136
 0.000000 -10.198039  3.000000
 0.000000 -16.000000 -3.605551
 0.000000 -7.000000  4.000000
 0.000000 -12.165525 -2.000000
 0.000000 -11.401754 -2.000000
 0.000000 -5.385165  4.000000
 0.000000 -6.708204  2.236068
 0.000000 -13.341664 -4.472136
 0.000000 -5.656854  3.162278
 0.000000 -7.615773  1.000000
 0.000000 -14.142136 -6.403124
 0.000000 -15.033296 -7.810250
 0.000000 -10.000000 -3.000000
 0.000000 -8.944272 -2.000000
 0.000000 -15.132746 -8.485281
 0.000000 -5.385165  1.000000
 0.000000 -9.219544 -3.162278
 0.000000 -8.944272 -3.605551
 0.000000 -10.295630 -5.000000
 0.000000 -11.045361 -6.000000
 0.000000 -5.830952 -1.000000
 0.000000 -10.440307 -5.656854
 0.000000 -8.944272 -4.242641
 0.000000 -11.401754 -7.211103
 0.000000 -9.000000 -5.000000
 0.000000 -7.280110 -4.123106
 0.000000 -6.082763 -3.162278
 0.000000 -6.000000 -3.162278
 0.000000 -9.219544 -7.000000
 0.000000 -6.324555 -4.242641
 0.000000 -11.000000 -9.055385
 0.000000 -10.000000 -8.062258
 0.000000 -6.403124 -4.472136
 0.000000 -11.661904 -9.899495
 0.000000 -8.062258 -6.403124
 0.000000 -7.071068 -5.656854
 0.000000 -7.071068 -5.656854
 0.000000 -6.403124 -5.000000
 0.000000 -6.324555 -5.000000
 0.000000 -6.708204 -5.385165
 0.000000 -6.708204 -5.385165
 0.000000 -7.000000 -5.830952
 0.000000 -8.944272 -7.810250
 0.000000 -6.082763 -5.000000
 0.000000 -8.062258 -7.071068
 0.000000 -9.219544 -8.246211
 0.000000 -7.280110 -6.403124
 0.000000 -14.317821 -13.453624
 0.000000 -7.071068 -6.324555
 0.000000 -9.219544 -8.544004
 0.000000 -9.219544 -8.544004
 0.000000 -6.324555 -5.656854
 0.000000 -7.211103 -6.708204
 0.000000 -8.944272 -8.485281
 0.000000 -8.062258 -7.615773
 0.000000 -13.416408 -13.000000
 0.000000 -10.198039 -9.848858
 0.000000 -8.944272 -8.602325
 0.000000 -6.708204 -6.403124
 0.000000 -8.544004 -8.246211
 0.000000 -7.280110 -7.000000
 0.000000 -8.062258 -7.810250
 0.000000 -8.062258 -7.810250
 0.000000 -7.211103 -7.000000
 0.000000 -10.198039 -10.000000
 0.000000 -5.830952 -5.656854
 0.000000 -5.830952 -5.656854
 0.000000 -5.830952 -5.656854
 0.000000 -9.219544 -9.055385
 0.000000 -9.219544 -9.055385
 0.000000 -7.211103 -7.071068
 0.000000 -7.211103 -7.071068
 0.000000 -7.211103 -7.071068
 0.000000 -7.211103 -7.071068
 0.000000 -7.211103 -7.071068
 0.000000 -7.211103 -7.071068
 0.000000 -11.180340 -11.045361
 0.000000 -5.099020 -5.000000
 0.000000 -10.295630 -10.198039
 0.000000 -6.082763 -6.000000
 0.000000 -6.082763 -6.000000
 0.000000 -6.403124 -6.324555
 0.000000 -12.806248 -12.727922
 0.000000 -13.416408 -13.341664
 0.000000 -7.071068 -7.000000
 0.000000 -15.297059 -15.231546
 0.000000 -15.620499 -15.556349
 0.000000 -8.062258 -8.000000
 0.000000 -8.062258 -8.000000
 0.000000 -8.602325 -8.544004
 0.000000 -8.602325 -8.544004
 0.000000 -9.055385 -9.000000
 0.000000 -12.041595 -12.000000
