 1.000000 -2.236068  9.000000
 1.000000 -2.000000  9.000000
 1.000000 -2.828427  6.708204
 1.000000  2.000000  9.433981
 1.000000 -5.000000  2.236068
 1.000000  2.828427 10.000000
 1.000000  2.828427 10.000000
 1.000000 -4.472136  2.000000
 1.000000  1.000000  7.280110
 1.000000  5.000000 11.000000
 1.000000  5.000000 10.770330
 1.000000  5.099020 10.440307
 1.000000  2.236068  7.280110
 1.000000 -1.414214  3.605551
 1.000000  1.000000  6.000000
 1.000000  3.162278  8.062258
 1.000000  2.236068  7.000000
 1.000000  2.000000  6.403124
 1.000000  1.414214  5.656854
 1.000000 -3.000000  1.000000
 1.000000  5.099020  9.055385
 1.000000  6.708204 10.295630
 1.000000  2.828427  6.403124
 1.000000 -1.414214  2.000000
 1.000000  3.605551  7.000000
 1.000000  4.000000  7.280110
 1.000000  1.000000  4.123106
 1.000000  1.000000  4.123106
 1.000000  3.000000  6.082763
 1.000000  2.236068  5.000000
 1.000000  3.605551  6.082763
 1.000000  6.708204  8.944272
 1.000000  3.605551  5.656854
 1.000000 -1.000000  1.000000
 1.000000 -1.000000  1.000000
 1.000000  1.000000  3.000000
 1.000000  1.000000  2.828427
 1.000000  1.000000  2.828427
 1.000000  4.000000  5.656854
 1.000000  4.000000  5.656854
 1.000000  2.000000  3.605551
 1.000000  1.414214  2.828427
 1.000000  3.605551  5.000000
 1.000000  4.000000  5.385165
 1.000000  5.000000  6.324555
 1.000000  3.000000  4.242641
 1.000000  6.000000  7.000000
 1.000000  3.605551  4.472136
 1.000000  5.000000  5.830952
 1.000000  2.000000  2.828427
 1.000000  2.828427  3.605551
 1.000000  2.828427  3.605551
 1.000000  5.656854  6.403124
 1.000000  5.656854  6.403124
 1.000000  5.656854  6.403124
 1.000000  5.000000  5.656854
 1.000000  5.000000  5.656854
 1.000000  3.605551  4.242641
 1.000000  3.605551  4.242641
 1.000000  3.605551  4.242641
 1.000000  5.385165  6.000000
 1.000000  3.000000  3.605551
 1.000000  3.000000  3.605551
 1.000000  2.236068  2.828427
 1.000000  2.236068  2.828427
 1.000000  2.236068  2.828427
 1.000000  2.236068  2.828427
 1.000000  2.236068  2.828427
 1.000000  2.236068  2.828427
 1.000000  2.236068  2.828427
 1.000000  2.236068  2.828427
 1.000000  2.236068  2.828427
 1.000000  2.236068  2.828427
 1.000000  1.414214  2.000000
 1.000000  1.414214  2.000000
 1.000000  1.414214  2.000000
 1.000000  1.414214  2.000000
 1.000000  1.414214  2.000000
 1.000000  1.414214  2.000000
 1.000000  1.414214  2.000000
 1.000000 10.049876 10.630146
 1.000000  5.830952  6.403124
 1.000000  5.830952  6.403124
 1.000000  4.472136  5.000000
 1.000000  4.472136  5.000000
 1.000000  4.472136  5.000000
 1.000000  4.472136  5.000000
 1.000000  4.472136  5.000000
 1.000000  4.472136  5.000000
 1.000000  3.605551  4.123106
 1.000000  3.605551  4.123106
 1.000000  3.605551  4.123106
 1.000000  3.605551  4.123106
 1.000000  3.605551  4.123106
 1.000000  3.605551  4.123106
 1.000000 12.649111 13.152946
 1.000000  5.830952  6.324555
 1.000000  5.830952  6.324555
 1.000000  8.062258  8.544004
 1.000000  7.615773  8.062258
 1.000000  7.615773  8.062258
 1.000000  5.385165  5.830952
 1.000000  5.385165  5.830952
 1.000000  3.162278  3.605551
 1.000000  3.162278  3.605551
 1.000000  3.162278  3.605551
 1.000000  3.162278  3.605551
 1.000000  3.162278  3.605551
 1.000000  3.162278  3.605551
 1.000000  9.433981  9.848858
 1.000000  9.433981  9.848858
 1.000000  1.000000  1.414214
 1.000000  1.000000  1.414214
 1.000000  1.000000  1.414214
 1.000000  1.000000  1.414214
 1.000000  1.000000  1.414214
 1.000000  1.000000  1.414214
 1.000000  1.000000  1.414214
 1.000000  1.000000  1.414214
 1.000000  7.211103  7.615773
 1.000000  7.211103  7.615773
 1.000000  7.211103  7.615773
 1.000000  7.211103  7.615773
 1.000000  7.211103  7.615773
 1.000000  8.544004  8.944272
 1.000000  8.544004  8.944272
 1.000000  8.544004  8.944272
 1.000000  8.544004  8.944272
 1.000000  3.605551  4.000000
 1.000000  3.605551  4.000000
 1.000000  3.605551  4.000000
 1.000000  3.605551  4.000000
 1.000000  5.000000  5.385165
 1.000000  5.000000  5.385165
 1.000000  5.000000  5.385165
 1.000000  5.000000  5.385165
 1.000000  5.000000  5.385165
 1.000000  6.324555  6.708204
 1.000000  6.708204  7.071068
 1.000000  4.123106  4.472136
 1.000000  4.123106  4.472136
 1.000000  4.123106  4.472136
 1.000000  4.123106  4.472136
 1.000000  5.656854  6.000000
 1.000000  8.602325  8.944272
 1.000000  2.828427  3.162278
 1.000000 12.206556 12.529964
 1.000000 12.727922 13.038405
 1.000000  6.403124  6.708204
 1.000000  6.708204  7.000000
 1.000000  5.099020  5.385165
 1.000000  5.099020  5.385165
 1.000000  5.099020  5.385165
 1.000000  5.099020  5.385165
 1.000000  5.099020  5.385165
 1.000000  5.385165  5.656854
 1.000000  5.385165  5.656854
 1.000000  5.385165  5.656854
 1.000000  9.219544  9.486833
 1.000000  9.219544  9.486833
 1.000000  9.219544  9.486833
 1.000000  4.000000  4.242641
 1.000000  6.082763  6.324555
 1.000000  6.082763  6.324555
 1.000000  6.082763  6.324555
 1.000000  6.082763  6.324555
 1.000000  6.082763  6.324555
 1.000000  2.000000  2.236068
 1.000000  2.000000  2.236068
 1.000000  2.000000  2.236068
 1.000000  2.000000  2.236068
 1.000000  2.000000  2.236068
 1.000000  2.000000  2.236068
 1.000000  2.000000  2.236068
 1.000000  2.000000  2.236068
 1.000000  2.000000  2.236068
 1.000000  2.000000  2.236068
 1.000000  2.000000  2.236068
 1.000000  2.000000  2.236068
 1.000000  2.000000  2.236068
 1.000000  4.242641  4.472136
 1.000000  4.242641  4.472136
 1.000000  9.219544  9.433981
 1.000000  7.071068  7.280110
 1.000000  7.071068  7.280110
 1.000000  7.071068  7.280110
 1.000000  7.071068  7.280110
 1.000000  7.615773  7.810250
 1.000000  7.615773  7.810250
 1.000000  7.615773  7.810250
 1.000000  7.615773  7.810250
 1.000000  8.062258  8.246211
 1.000000  8.062258  8.246211
 1.000000  8.062258  8.246211
 1.000000  8.062258  8.246211
 1.000000  5.656854  5.830952
 1.000000  5.656854  5.830952
 1.000000  2.828427  3.000000
 1.000000  2.828427  3.000000
 1.000000  2.828427  3.000000
 1.000000  5.830952  6.000000
 1.000000  9.055385  9.219544
 1.000000  3.000000  3.162278
 1.000000  3.000000  3.162278
 1.000000  3.000000  3.162278
 1.000000  3.000000  3.162278
 1.000000  3.000000  3.162278
 1.000000  3.000000  3.162278
 1.000000  3.000000  3.162278
 1.000000  3.000000  3.162278
 1.000000  3.000000  3.162278
 1.000000  3.000000  3.162278
 1.000000  3.000000  3.162278
 1.000000 13.000000 13.152946
 1.000000 10.049876 10.198039
 1.000000 10.630146 10.770330
 1.000000  4.000000  4.123106
 1.000000  4.000000  4.123106
 1.000000  4.000000  4.123106
 1.000000  4.000000  4.123106
 1.000000  4.000000  4.123106
 1.000000  4.000000  4.123106
 1.000000  4.000000  4.123106
 1.000000  4.000000  4.123106
 1.000000  4.000000  4.123106
 1.000000  4.000000  4.123106
 1.000000  4.000000  4.123106
 1.000000  4.123106  4.242641
 1.000000  4.123106  4.242641
 1.000000  4.123106  4.242641
 1.000000  4.123106  4.242641
 1.000000  4.123106  4.242641
 1.000000  4.123106  4.242641
 1.000000  4.123106  4.242641
 1.000000  5.000000  5.099020
 1.000000  5.000000  5.099020
 1.000000  5.000000  5.099020
 1.000000  5.000000  5.099020
 1.000000  5.000000  5.099020
 1.000000  5.000000  5.099020
 1.000000  5.000000  5.099020
 1.000000  6.000000  6.082763
 1.000000  6.000000  6.082763
 1.000000  6.000000  6.082763
 1.000000  6.000000  6.082763
 1.000000 12.083046 12.165525
 1.000000  6.324555  6.403124
 1.000000  6.324555  6.403124
 1.000000 12.727922 12.806248
 1.000000  7.000000  7.071068
 1.000000  7.000000  7.071068
 1.000000  8.485281  8.544004
 1.000000  8.544004  8.602325
 1.000000  9.848858  9.899495
 1.000000  9.848858  9.899495
 1.000000 10.000000 10.049876
 1.000000 11.000000 11.045361
 0.000000 -16.278821       inf
 0.000000 -14.142136  1.414214
 0.000000 -11.661904  1.414214
 0.000000 -14.866069 -2.236068
 0.000000 -15.811388 -3.605551
 0.000000 -13.000000 -2.000000
 0.000000 -13.453624 -4.000000
 0.000000 -13.000000 -4.000000
 0.000000 -6.000000  2.828427
 0.000000 -7.615773  1.000000
 0.000000 -6.324555  2.000000
 0.000000 -6.324555  2.000000
 0.000000 -3.162278  5.000000
 0.000000 -4.472136  3.605551
 0.000000 -7.071068  1.000000
 0.000000 -6.000000  1.000000
 0.000000 -12.369317 -5.656854
 0.000000 -10.295630 -4.000000
 0.000000 -1.000000  5.000000
 0.000000 -8.602325 -2.828427
 0.000000 -10.630146 -5.099020
 0.000000 -7.211103 -2.236068
 0.000000 -9.899495 -5.000000
 0.000000 -11.180340 -6.324555
 0.000000 -12.806248 -8.062258
 0.000000 -7.211103 -2.828427
 0.000000 -9.433981 -5.385165
 0.000000 -2.000000  2.000000
 0.000000 -6.000000 -2.000000
 0.000000 -10.000000 -6.324555
 0.000000 -5.656854 -2.000000
 0.000000 -8.062258 -4.472136
 0.000000 -8.062258 -4.472136
 0.000000 -9.219544 -5.656854
 0.000000 -9.848858 -6.403124
 0.000000 -7.000000 -3.605551
 0.000000 -8.485281 -5.099020
 0.000000 -9.433981 -6.082763
 0.000000 -11.401754 -8.062258
 0.000000 -12.083046 -9.000000
 0.000000 -8.062258 -5.000000
 0.000000 -9.000000 -6.000000
 0.000000 -6.403124 -3.605551
 0.000000 -6.403124 -3.605551
 0.000000 -7.000000 -4.242641
 0.000000 -10.630146 -8.000000
 0.000000 -11.313708 -8.944272
 0.000000 -10.000000 -7.810250
 0.000000 -7.000000 -5.000000
 0.000000 -7.000000 -5.000000
 0.000000 -7.810250 -5.830952
 0.000000 -4.000000 -2.236068
 0.000000 -9.486833 -7.810250
 0.000000 -8.000000 -6.324555
 0.000000 -8.944272 -7.280110
 0.000000 -6.082763 -4.472136
 0.000000 -6.000000 -4.472136
 0.000000 -9.433981 -8.000000
 0.000000 -6.324555 -5.000000
 0.000000 -7.000000 -5.830952
 0.000000 -9.219544 -8.062258
 0.000000 -7.211103 -6.082763
 0.000000 -6.082763 -5.000000
 0.000000 -6.082763 -5.000000
 0.000000 -5.000000 -4.000000
 0.000000 -7.280110 -6.324555
 0.000000 -9.848858 -8.944272
 0.000000 -8.062258 -7.211103
 0.000000 -7.071068 -6.324555
 0.000000 -6.403124 -5.656854
 0.000000 -6.708204 -6.000000
 0.000000 -7.000000 -6.324555
 0.000000 -8.485281 -7.810250
 0.000000 -9.848858 -9.219544
 0.000000 -7.615773 -7.071068
 0.000000 -7.615773 -7.071068
 0.000000 -10.440307 -9.899495
 0.000000 -7.211103 -6.708204
 0.000000 -10.295630 -9.848858
 0.000000 -4.000000 -3.605551
 0.000000 -7.615773 -7.280110
 0.000000 -7.615773 -7.280110
 0.000000 -6.708204 -6.403124
 0.000000 -6.708204 -6.403124
 0.000000 -6.708204 -6.403124
 0.000000 -10.295630 -10.000000
 0.000000 -5.385165 -5.099020
 0.000000 -6.324555 -6.082763
 0.000000 -9.219544 -9.000000
 0.000000 -9.219544 -9.000000
 0.000000 -7.280110 -7.071068
 0.000000 -12.369317 -12.165525
 0.000000 -8.246211 -8.062258
 0.000000 -8.246211 -8.062258
 0.000000 -9.219544 -9.055385
 0.000000 -9.219544 -9.055385
 0.000000 -7.211103 -7.071068
 0.000000 -7.211103 -7.071068
 0.000000 -5.099020 -5.000000
 0.000000 -5.099020 -5.000000
 0.000000 -10.295630 -10.198039
 0.000000 -10.295630 -10.198039
 0.000000 -6.082763 -6.000000
 0.000000 -6.082763 -6.000000
 0.000000 -7.071068 -7.000000
 0.000000 -8.062258 -8.000000
 0.000000 -8.062258 -8.000000
 0.000000 -8.062258 -8.000000
 0.000000 -8.602325 -8.544004
 0.000000 -9.055385 -9.000000
 0.000000 -10.049876 -10.000000
