 1.000000  5.000000 15.811388
 1.000000  2.000000 12.529964
 1.000000  3.605551 12.727922
 1.000000 -5.000000  3.605551
 1.000000  3.605551 11.180340
 1.000000 -3.605551  3.162278
 1.000000  3.605551  9.000000
 1.000000 -3.000000  2.236068
 1.000000 -1.414214  3.605551
 1.000000  3.605551  8.544004
 1.000000  3.000000  7.615773
 1.000000  4.472136  8.944272
 1.000000 -2.236068  2.000000
 1.000000 -3.000000  1.000000
 1.000000  5.000000  9.000000
 1.000000  5.385165  9.219544
 1.000000 -1.000000  2.828427
 1.000000  5.000000  8.544004
 1.000000  7.000000 10.295630
 1.000000  5.000000  8.246211
 1.000000  2.000000  5.000000
 1.000000  5.099020  8.000000
 1.000000  8.000000 10.440307
 1.000000  4.123106  6.403124
 1.000000  6.403124  8.485281
 1.000000  5.000000  7.071068
 1.000000  9.000000 11.000000
 1.000000 10.295630 12.041595
 1.000000  2.828427  4.472136
 1.000000  2.000000  3.605551
 1.000000  3.000000  4.472136
 1.000000  5.830952  7.280110
 1.000000  5.000000  6.403124
 1.000000  3.605551  5.000000
 1.000000  2.236068  3.605551
 1.000000  4.123106  5.385165
 1.000000  6.000000  7.071068
 1.000000  4.000000  5.000000
 1.000000  4.000000  5.000000
 1.000000  5.000000  6.000000
 1.000000  3.000000  4.000000
 1.000000  1.000000  2.000000
 1.000000  4.123106  5.000000
 1.000000  4.123106  5.000000
 1.000000  3.605551  4.472136
 1.000000  5.000000  5.830952
 1.000000  5.000000  5.830952
 1.000000  5.000000  5.830952
 1.000000  5.000000  5.830952
 1.000000  2.000000  2.828427
 1.000000  2.000000  2.828427
 1.000000  2.000000  2.828427
 1.000000  1.414214  2.236068
 1.000000  1.414214  2.236068
 1.000000  2.828427  3.605551
 1.000000  2.828427  3.605551
 1.000000  4.242641  5.000000
 1.000000 10.440307 11.180340
 1.000000  7.071068  7.810250
 1.000000  5.099020  5.830952
 1.000000  8.246211  8.944272
 1.000000  7.810250  8.485281
 1.000000  7.810250  8.485281
 1.000000  7.810250  8.485281
 1.000000  7.810250  8.485281
 1.000000  6.403124  7.071068
 1.000000  5.000000  5.656854
 1.000000  5.000000  5.656854
 1.000000  5.000000  5.656854
 1.000000  5.000000  5.656854
 1.000000  5.000000  5.656854
 1.000000  3.605551  4.242641
 1.000000  3.605551  4.242641
 1.000000  3.605551  4.242641
 1.000000  3.605551  4.242641
 1.000000  3.000000  3.605551
 1.000000  3.000000  3.605551
 1.000000  3.000000  3.605551
 1.000000  7.211103  7.810250
 1.000000  6.403124  7.000000
 1.000000  2.236068  2.828427
 1.000000  2.236068  2.828427
 1.000000  2.236068  2.828427
 1.000000  2.236068  2.828427
 1.000000  2.236068  2.828427
 1.000000  1.414214  2.000000
 1.000000  1.414214  2.000000
 1.000000  1.414214  2.000000
 1.000000  1.414214  2.000000
 1.000000 10.816654 11.401754
 1.000000  5.830952  6.403124
 1.000000 10.630146 11.180340
 1.000000  8.062258  8.602325
 1.000000  4.472136  5.000000
 1.000000  4.472136  5.000000
 1.000000  4.472136  5.000000
 1.000000  4.472136  5.000000
 1.000000  4.472136  5.000000
 1.000000 10.295630 10.816654
 1.000000  3.605551  4.123106
 1.000000  6.708204  7.211103
 1.000000  5.830952  6.324555
 1.000000  5.830952  6.324555
 1.000000  5.830952  6.324555
 1.000000  8.944272  9.433981
 1.000000  8.944272  9.433981
 1.000000 11.180340 11.661904
 1.000000  9.848858 10.295630
 1.000000  5.385165  5.830952
 1.000000  5.385165  5.830952
 1.000000  5.385165  5.830952
 1.000000  5.385165  5.830952
 1.000000  5.385165  5.830952
 1.000000  5.385165  5.830952
 1.000000  5.385165  5.830952
 1.000000  5.385165  5.830952
 1.000000  5.385165  5.830952
 1.000000  5.385165  5.830952
 1.000000  3.162278  3.605551
 1.000000  3.162278  3.605551
 1.000000  3.162278  3.605551
 1.000000  3.162278  3.605551
 1.000000  3.162278  3.605551
 1.000000  3.162278  3.605551
 1.000000  3.162278  3.605551
 1.000000  3.162278  3.605551
 1.000000  3.162278  3.605551
 1.000000  3.162278  3.605551
 1.000000  7.810250  8.246211
 1.000000  5.656854  6.082763
 1.000000  8.062258  8.485281
 1.000000  9.433981  9.848858
 1.000000  1.000000  1.414214
 1.000000  1.000000  1.414214
 1.000000  1.000000  1.414214
 1.000000  1.000000  1.414214
 1.000000  1.000000  1.414214
 1.000000  1.000000  1.414214
 1.000000  1.000000  1.414214
 1.000000  8.544004  8.944272
 1.000000  8.544004  8.944272
 1.000000 14.866069 15.264338
 1.000000  3.605551  4.000000
 1.000000  3.605551  4.000000
 1.000000  5.000000  5.385165
 1.000000  5.000000  5.385165
 1.000000  5.000000  5.385165
 1.000000  5.000000  5.385165
 1.000000  5.000000  5.385165
 1.000000  7.615773  8.000000
 1.000000 11.704700 12.083046
 1.000000  6.708204  7.071068
 1.000000  6.708204  7.071068
 1.000000  4.123106  4.472136
 1.000000  4.123106  4.472136
 1.000000  7.280110  7.615773
 1.000000  7.280110  7.615773
 1.000000  7.280110  7.615773
 1.000000  7.280110  7.615773
 1.000000  2.828427  3.162278
 1.000000  2.828427  3.162278
 1.000000 15.231546 15.556349
 1.000000  6.000000  6.324555
 1.000000  6.000000  6.324555
 1.000000  6.000000  6.324555
 1.000000  6.403124  6.708204
 1.000000  6.708204  7.000000
 1.000000  6.708204  7.000000
 1.000000  5.099020  5.385165
 1.000000  5.099020  5.385165
 1.000000  5.099020  5.385165
 1.000000  5.099020  5.385165
 1.000000  5.099020  5.385165
 1.000000  5.099020  5.385165
 1.000000  5.099020  5.385165
 1.000000 12.369317 12.649111
 1.000000 10.770330 11.045361
 1.000000  5.385165  5.656854
 1.000000  5.385165  5.656854
 1.000000  5.385165  5.656854
 1.000000  5.385165  5.656854
 1.000000  5.385165  5.656854
 1.000000  5.385165  5.656854
 1.000000  4.000000  4.242641
 1.000000  6.082763  6.324555
 1.000000  6.082763  6.324555
 1.000000  6.082763  6.324555
 1.000000  6.082763  6.324555
 1.000000  6.082763  6.324555
 1.000000  6.082763  6.324555
 1.000000  6.082763  6.324555
 1.000000  2.000000  2.236068
 1.000000  2.000000  2.236068
 1.000000  2.000000  2.236068
 1.000000  2.000000  2.236068
 1.000000  2.000000  2.236068
 1.000000  2.000000  2.236068
 1.000000  2.000000  2.236068
 1.000000  2.000000  2.236068
 1.000000  2.000000  2.236068
 1.000000  2.000000  2.236068
 1.000000  2.000000  2.236068
 1.000000  2.000000  2.236068
 1.000000  4.242641  4.472136
 1.000000  4.242641  4.472136
 1.000000  4.242641  4.472136
 1.000000  4.242641  4.472136
 1.000000  4.242641  4.472136
 1.000000  9.219544  9.433981
 1.000000  9.219544  9.433981
 1.000000  7.071068  7.280110
 1.000000  7.071068  7.280110
 1.000000 10.000000 10.198039
 1.000000  7.615773  7.810250
 1.000000  7.615773  7.810250
 1.000000  7.615773  7.810250
 1.000000  8.062258  8.246211
 1.000000  8.062258  8.246211
 1.000000  8.062258  8.246211
 1.000000  5.656854  5.830952
 1.000000  5.656854  5.830952
 1.000000  5.656854  5.830952
 1.000000  5.656854  5.830952
 1.000000  5.656854  5.830952
 1.000000  2.828427  3.000000
 1.000000  2.828427  3.000000
 1.000000  5.830952  6.000000
 1.000000 12.000000 12.165525
 1.000000  9.055385  9.219544
 1.000000  3.000000  3.162278
 1.000000  3.000000  3.162278
 1.000000  3.000000  3.162278
 1.000000  3.000000  3.162278
 1.000000  3.000000  3.162278
 1.000000  9.848858 10.000000
 1.000000 10.630146 10.770330
 1.000000 10.630146 10.770330
 1.000000  7.071068  7.211103
 1.000000  7.071068  7.211103
 1.000000  7.071068  7.211103
 1.000000 14.866069 15.000000
 1.000000  4.000000  4.123106
 1.000000  4.000000  4.123106
 1.000000  4.000000  4.123106
 1.000000  4.000000  4.123106
 1.000000  4.000000  4.123106
 1.000000  4.000000  4.123106
 1.000000  4.000000  4.123106
 1.000000  4.123106  4.242641
 1.000000  4.123106  4.242641
 1.000000  4.123106  4.242641
 1.000000  4.123106  4.242641
 1.000000  4.123106  4.242641
 1.000000  4.123106  4.242641
 1.000000  4.123106  4.242641
 1.000000  5.000000  5.099020
 1.000000  5.000000  5.099020
 1.000000  5.000000  5.099020
 1.000000  5.000000  5.099020
 1.000000  6.000000  6.082763
 1.000000  6.000000  6.082763
 1.000000  6.000000  6.082763
 1.000000  6.000000  6.082763
 1.000000  6.000000  6.082763
 1.000000  6.324555  6.403124
 1.000000  6.324555  6.403124
 1.000000  6.324555  6.403124
 1.000000  6.324555  6.403124
 1.000000  7.000000  7.071068
 1.000000  7.000000  7.071068
 1.000000  7.000000  7.071068
 1.000000  7.000000  7.071068
 1.000000  7.000000  7.071068
 1.000000  8.000000  8.062258
 1.000000  9.000000  9.055385
 1.000000 11.000000 11.045361
 1.000000 12.000000 12.041595
 0.000000 -17.117243       inf
 0.000000 -15.000000  2.236068
 0.000000 -14.317821  2.236068
 0.000000 -13.000000  2.828427
 0.000000 -14.212670  1.414214
 0.000000 -13.000000  1.414214
 0.000000 -11.000000  1.414214
 0.000000 -10.000000  2.000000
 0.000000 -12.649111 -1.414214
 0.000000 -8.000000  2.000000
 0.000000 -5.656854  4.000000
 0.000000 -6.324555  2.828427
 0.000000 -6.082763  3.000000
 0.000000 -17.000000 -8.000000
 0.000000 -6.000000  3.000000
 0.000000 -11.045361 -2.828427
 0.000000 -10.000000 -2.236068
 0.000000 -6.324555  1.414214
 0.000000 -11.000000 -3.605551
 0.000000 -8.485281 -2.000000
 0.000000 -4.242641  2.000000
 0.000000 -11.045361 -5.000000
 0.000000 -9.848858 -4.000000
 0.000000 -2.828427  2.828427
 0.000000 -13.152946 -7.615773
 0.000000 -12.529964 -7.071068
 0.000000 -9.433981 -4.472136
 0.000000 -8.485281 -3.605551
 0.000000 -10.630146 -6.082763
 0.000000 -6.324555 -2.000000
 0.000000 -10.295630 -6.000000
 0.000000 -9.219544 -5.000000
 0.000000 -9.219544 -5.000000
 0.000000 -7.810250 -4.000000
 0.000000 -9.848858 -6.324555
 0.000000 -1.414214  2.000000
 0.000000 -8.062258 -5.000000
 0.000000 -5.830952 -3.162278
 0.000000 -9.486833 -7.000000
 0.000000 -8.000000 -5.656854
 0.000000 -6.324555 -4.242641
 0.000000 -8.062258 -6.000000
 0.000000 -6.000000 -4.000000
 0.000000 -8.062258 -6.324555
 0.000000 -10.198039 -8.544004
 0.000000 -7.810250 -6.324555
 0.000000 -9.899495 -8.485281
 0.000000 -9.848858 -8.485281
 0.000000 -10.630146 -9.433981
 0.000000 -8.062258 -7.000000
 0.000000 -7.000000 -6.000000
 0.000000 -7.000000 -6.000000
 0.000000 -9.000000 -8.000000
 0.000000 -8.944272 -8.000000
 0.000000 -9.000000 -8.062258
 0.000000 -7.280110 -6.403124
 0.000000 -7.211103 -6.403124
 0.000000 -10.770330 -10.000000
 0.000000 -9.848858 -9.219544
 0.000000 -10.049876 -9.433981
 0.000000 -7.615773 -7.000000
 0.000000 -6.000000 -5.385165
 0.000000 -6.403124 -5.830952
 0.000000 -6.403124 -5.830952
 0.000000 -7.211103 -6.708204
 0.000000 -9.433981 -8.944272
 0.000000 -1.414214 -1.000000
 0.000000 -7.615773 -7.211103
 0.000000 -6.403124 -6.000000
 0.000000 -6.708204 -6.324555
 0.000000 -12.041595 -11.661904
 0.000000 -10.816654 -10.440307
 0.000000 -9.848858 -9.486833
 0.000000 -9.848858 -9.486833
 0.000000 -10.770330 -10.440307
 0.000000 -6.708204 -6.403124
 0.000000 -6.708204 -6.403124
 0.000000 -10.295630 -10.000000
 0.000000 -7.280110 -7.000000
 0.000000 -5.656854 -5.385165
 0.000000 -8.246211 -8.000000
 0.000000 -10.440307 -10.198039
 0.000000 -6.324555 -6.082763
 0.000000 -4.472136 -4.242641
 0.000000 -9.219544 -9.000000
 0.000000 -9.433981 -9.219544
 0.000000 -14.212670 -14.000000
 0.000000 -8.246211 -8.062258
 0.000000 -8.246211 -8.062258
 0.000000 -8.246211 -8.062258
 0.000000 -8.246211 -8.062258
 0.000000 -9.219544 -9.055385
 0.000000 -7.211103 -7.071068
 0.000000 -7.211103 -7.071068
 0.000000 -7.211103 -7.071068
 0.000000 -7.211103 -7.071068
 0.000000 -8.602325 -8.485281
 0.000000 -8.602325 -8.485281
 0.000000 -6.082763 -6.000000
 0.000000 -7.071068 -7.000000
 0.000000 -7.071068 -7.000000
 0.000000 -7.280110 -7.211103
 0.000000 -8.062258 -8.000000
 0.000000 -8.062258 -8.000000
 0.000000 -8.062258 -8.000000
 0.000000 -8.602325 -8.544004
 0.000000 -9.000000 -8.944272
 0.000000 -9.486833 -9.433981
 0.000000 -10.049876 -10.000000
 0.000000 -10.049876 -10.000000
 0.000000 -11.045361 -11.000000
