 1.000000 -5.830952  6.324555
 1.000000  1.414214 13.000000
 1.000000  3.605551 14.866069
 1.000000 -5.099020  4.472136
 1.000000  2.236068 11.180340
 1.000000  3.162278 10.816654
 1.000000  5.000000 12.206556
 1.000000 -5.099020  1.000000
 1.000000  2.000000  7.810250
 1.000000 -3.000000  2.236068
 1.000000 -3.605551  1.414214
 1.000000 -1.414214  3.605551
 1.000000  1.000000  5.830952
 1.000000  1.000000  5.830952
 1.000000  5.830952 10.630146
 1.000000  7.000000 11.661904
 1.000000 -2.236068  2.236068
 1.000000  1.414214  5.830952
 1.000000  7.071068 11.401754
 1.000000  2.828427  7.071068
 1.000000  1.000000  5.000000
 1.000000 -1.000000  2.828427
 1.000000  5.656854  9.433981
 1.000000 -1.414214  2.000000
 1.000000  7.615773 10.440307
 1.000000  6.708204  9.433981
 1.000000  3.605551  6.000000
 1.000000  7.000000  9.219544
 1.000000  4.000000  6.000000
 1.000000  1.000000  2.828427
 1.000000  4.242641  6.000000
 1.000000  2.000000  3.605551
 1.000000  6.708204  8.246211
 1.000000  8.000000  9.433981
 1.000000  3.162278  4.242641
 1.000000 11.000000 12.041595
 1.000000  4.000000  5.000000
 1.000000  2.000000  3.000000
 1.000000  3.605551  4.472136
 1.000000  2.000000  2.828427
 1.000000  2.000000  2.828427
 1.000000  2.000000  2.828427
 1.000000  2.000000  2.828427
 1.000000 10.000000 10.816654
 1.000000  9.219544 10.000000
 1.000000  2.828427  3.605551
 1.000000  2.828427  3.605551
 1.000000  2.828427  3.605551
 1.000000  2.236068  3.000000
 1.000000  2.236068  3.000000
 1.000000  4.242641  5.000000
 1.000000  4.242641  5.000000
 1.000000  4.242641  5.000000
 1.000000  5.656854  6.403124
 1.000000  8.544004  9.219544
 1.000000  8.544004  9.219544
 1.000000  6.324555  7.000000
 1.000000  3.605551  4.242641
 1.000000  3.605551  4.242641
 1.000000 10.000000 10.630146
 1.000000  7.211103  7.810250
 1.000000  7.211103  7.810250
 1.000000  2.236068  2.828427
 1.000000  2.236068  2.828427
 1.000000  2.236068  2.828427
 1.000000  2.236068  2.828427
 1.000000  2.236068  2.828427
 1.000000  2.236068  2.828427
 1.000000  2.236068  2.828427
 1.000000  1.414214  2.000000
 1.000000  1.414214  2.000000
 1.000000  1.414214  2.000000
 1.000000  1.414214  2.000000
 1.000000  5.830952  6.403124
 1.000000  5.830952  6.403124
 1.000000  7.071068  7.615773
 1.000000  8.000000  8.544004
 1.000000  9.899495 10.440307
 1.000000  4.472136  5.000000
 1.000000  4.472136  5.000000
 1.000000  4.472136  5.000000
 1.000000  4.472136  5.000000
 1.000000  4.472136  5.000000
 1.000000  4.472136  5.000000
 1.000000 10.295630 10.816654
 1.000000  3.605551  4.123106
 1.000000  3.605551  4.123106
 1.000000  5.830952  6.324555
 1.000000  5.830952  6.324555
 1.000000  8.944272  9.433981
 1.000000  8.000000  8.485281
 1.000000  4.000000  4.472136
 1.000000  4.000000  4.472136
 1.000000  9.433981  9.899495
 1.000000  9.433981  9.899495
 1.000000 14.317821 14.764823
 1.000000  7.615773  8.062258
 1.000000  3.162278  3.605551
 1.000000  3.162278  3.605551
 1.000000  3.162278  3.605551
 1.000000  3.162278  3.605551
 1.000000  3.162278  3.605551
 1.000000  3.162278  3.605551
 1.000000  3.162278  3.605551
 1.000000  3.162278  3.605551
 1.000000  3.162278  3.605551
 1.000000  3.162278  3.605551
 1.000000  3.162278  3.605551
 1.000000  3.162278  3.605551
 1.000000  7.810250  8.246211
 1.000000 10.198039 10.630146
 1.000000  8.062258  8.485281
 1.000000  9.433981  9.848858
 1.000000  1.000000  1.414214
 1.000000  1.000000  1.414214
 1.000000  1.000000  1.414214
 1.000000  1.000000  1.414214
 1.000000 10.770330 11.180340
 1.000000 10.770330 11.180340
 1.000000 10.770330 11.180340
 1.000000  7.211103  7.615773
 1.000000  8.544004  8.944272
 1.000000  8.544004  8.944272
 1.000000  8.544004  8.944272
 1.000000  8.544004  8.944272
 1.000000  3.605551  4.000000
 1.000000  3.605551  4.000000
 1.000000  3.605551  4.000000
 1.000000  3.605551  4.000000
 1.000000 10.049876 10.440307
 1.000000  5.000000  5.385165
 1.000000  5.000000  5.385165
 1.000000  5.000000  5.385165
 1.000000  5.000000  5.385165
 1.000000  6.324555  6.708204
 1.000000  6.324555  6.708204
 1.000000  6.324555  6.708204
 1.000000  6.324555  6.708204
 1.000000  6.324555  6.708204
 1.000000 10.816654 11.180340
 1.000000 10.816654 11.180340
 1.000000  4.123106  4.472136
 1.000000  4.123106  4.472136
 1.000000  4.123106  4.472136
 1.000000  4.123106  4.472136
 1.000000 10.295630 10.630146
 1.000000  2.828427  3.162278
 1.000000  2.828427  3.162278
 1.000000  2.828427  3.162278
 1.000000  6.082763  6.403124
 1.000000  6.403124  6.708204
 1.000000  8.246211  8.544004
 1.000000  5.099020  5.385165
 1.000000  5.099020  5.385165
 1.000000  5.099020  5.385165
 1.000000  5.099020  5.385165
 1.000000  5.099020  5.385165
 1.000000  5.099020  5.385165
 1.000000  8.944272  9.219544
 1.000000  8.944272  9.219544
 1.000000  8.944272  9.219544
 1.000000  9.219544  9.486833
 1.000000  7.810250  8.062258
 1.000000  5.830952  6.082763
 1.000000  5.830952  6.082763
 1.000000 10.198039 10.440307
 1.000000  6.082763  6.324555
 1.000000  2.000000  2.236068
 1.000000  2.000000  2.236068
 1.000000  2.000000  2.236068
 1.000000  2.000000  2.236068
 1.000000  2.000000  2.236068
 1.000000  2.000000  2.236068
 1.000000  2.000000  2.236068
 1.000000  4.242641  4.472136
 1.000000  4.242641  4.472136
 1.000000  4.242641  4.472136
 1.000000  4.242641  4.472136
 1.000000  4.242641  4.472136
 1.000000  9.000000  9.219544
 1.000000  9.219544  9.433981
 1.000000  7.071068  7.280110
 1.000000  7.071068  7.280110
 1.000000  7.071068  7.280110
 1.000000  7.071068  7.280110
 1.000000 10.000000 10.198039
 1.000000  7.615773  7.810250
 1.000000  7.615773  7.810250
 1.000000  7.615773  7.810250
 1.000000  8.062258  8.246211
 1.000000  8.062258  8.246211
 1.000000  8.062258  8.246211
 1.000000  8.062258  8.246211
 1.000000  2.828427  3.000000
 1.000000  2.828427  3.000000
 1.000000  9.055385  9.219544
 1.000000  3.000000  3.162278
 1.000000  3.000000  3.162278
 1.000000  3.000000  3.162278
 1.000000 10.049876 10.198039
 1.000000 10.630146 10.770330
 1.000000 10.630146 10.770330
 1.000000  7.071068  7.211103
 1.000000  7.071068  7.211103
 1.000000  7.071068  7.211103
 1.000000  7.071068  7.211103
 1.000000  4.000000  4.123106
 1.000000  4.000000  4.123106
 1.000000  4.000000  4.123106
 1.000000  4.000000  4.123106
 1.000000  4.000000  4.123106
 1.000000  4.123106  4.242641
 1.000000  4.123106  4.242641
 1.000000  4.123106  4.242641
 1.000000  4.123106  4.242641
 1.000000  4.123106  4.242641
 1.000000  4.123106  4.242641
 1.000000  4.123106  4.242641
 1.000000  5.000000  5.099020
 1.000000  5.000000  5.099020
 1.000000  5.000000  5.099020
 1.000000  5.000000  5.099020
 1.000000  5.000000  5.099020
 1.000000  5.000000  5.099020
 1.000000 10.198039 10.295630
 1.000000 11.313708 11.401754
 1.000000  6.000000  6.082763
 1.000000  6.000000  6.082763
 1.000000  6.324555  6.403124
 1.000000  7.000000  7.071068
 1.000000  7.000000  7.071068
 1.000000  8.000000  8.062258
 1.000000  8.000000  8.062258
 1.000000  9.000000  9.055385
 1.000000  9.000000  9.055385
 1.000000  9.848858  9.899495
 1.000000  9.848858  9.899495
 1.000000  9.848858  9.899495
 1.000000 11.000000 11.045361
 1.000000 11.000000 11.045361
 0.000000 -21.023796       inf
 0.000000 -16.970563  2.828427
 0.000000 -17.804494  1.414214
 0.000000 -12.206556  4.242641
 0.000000 -10.770330  3.605551
 0.000000 -11.661904  1.414214
 0.000000 -11.401754  1.000000
 0.000000 -10.049876  2.236068
 0.000000 -11.000000  1.000000
 0.000000 -14.866069 -3.162278
 0.000000 -6.403124  5.000000
 0.000000 -6.000000  4.000000
 0.000000 -8.602325  1.000000
 0.000000 -13.928388 -5.000000
 0.000000 -7.810250  1.000000
 0.000000 -10.198039 -1.414214
 0.000000 -12.649111 -4.123106
 0.000000 -7.280110  1.000000
 0.000000 -6.000000  1.000000
 0.000000 -9.000000 -2.236068
 0.000000 -11.180340 -5.000000
 0.000000 -8.944272 -3.000000
 0.000000 -2.828427  3.000000
 0.000000 -8.000000 -2.236068
 0.000000 -8.062258 -3.162278
 0.000000 -9.848858 -5.000000
 0.000000 -7.810250 -3.162278
 0.000000 -6.403124 -2.000000
 0.000000 -7.280110 -3.000000
 0.000000 -7.071068 -2.828427
 0.000000 -11.045361 -7.071068
 0.000000 -5.830952 -2.000000
 0.000000 -10.770330 -7.000000
 0.000000 -6.000000 -2.236068
 0.000000 -6.403124 -3.000000
 0.000000 -9.486833 -6.324555
 0.000000 -14.212670 -11.180340
 0.000000 -8.944272 -6.403124
 0.000000 -8.485281 -6.000000
 0.000000 -8.485281 -6.082763
 0.000000 -8.062258 -5.830952
 0.000000 -5.830952 -3.605551
 0.000000 -8.062258 -6.403124
 0.000000 -8.062258 -6.403124
 0.000000 -6.000000 -4.472136
 0.000000 -9.219544 -7.810250
 0.000000 -6.403124 -5.000000
 0.000000 -6.324555 -5.000000
 0.000000 -8.246211 -7.071068
 0.000000 -7.000000 -5.830952
 0.000000 -6.403124 -5.385165
 0.000000 -9.486833 -8.485281
 0.000000 -8.000000 -7.000000
 0.000000 -9.219544 -8.246211
 0.000000 -10.816654 -9.848858
 0.000000 -9.433981 -8.485281
 0.000000 -17.029386 -16.124515
 0.000000 -7.211103 -6.324555
 0.000000 -8.602325 -7.810250
 0.000000 -8.000000 -7.280110
 0.000000 -9.848858 -9.219544
 0.000000 -10.770330 -10.198039
 0.000000 -7.211103 -6.708204
 0.000000 -7.211103 -6.708204
 0.000000 -6.324555 -5.830952
 0.000000 -9.433981 -8.944272
 0.000000 -9.486833 -9.000000
 0.000000 -9.899495 -9.433981
 0.000000 -8.062258 -7.615773
 0.000000 -8.062258 -7.615773
 0.000000 -13.416408 -13.000000
 0.000000 -8.944272 -8.544004
 0.000000 -9.848858 -9.486833
 0.000000 -8.944272 -8.602325
 0.000000 -7.615773 -7.280110
 0.000000 -7.615773 -7.280110
 0.000000 -7.615773 -7.280110
 0.000000 -7.615773 -7.280110
 0.000000 -6.324555 -6.000000
 0.000000 -6.708204 -6.403124
 0.000000 -13.341664 -13.038405
 0.000000 -5.385165 -5.099020
 0.000000 -5.656854 -5.385165
 0.000000 -8.062258 -7.810250
 0.000000 -10.440307 -10.198039
 0.000000 -6.324555 -6.082763
 0.000000 -11.401754 -11.180340
 0.000000 -11.401754 -11.180340
 0.000000 -9.219544 -9.000000
 0.000000 -7.211103 -7.000000
 0.000000 -8.246211 -8.062258
 0.000000 -8.246211 -8.062258
 0.000000 -8.246211 -8.062258
 0.000000 -5.830952 -5.656854
 0.000000 -5.830952 -5.656854
 0.000000 -6.000000 -5.830952
 0.000000 -3.162278 -3.000000
 0.000000 -13.152946 -13.000000
 0.000000 -16.552945 -16.401219
 0.000000 -16.552945 -16.401219
 0.000000 -7.211103 -7.071068
 0.000000 -7.211103 -7.071068
 0.000000 -8.602325 -8.485281
 0.000000 -5.099020 -5.000000
 0.000000 -10.295630 -10.198039
 0.000000 -10.295630 -10.198039
 0.000000 -7.071068 -7.000000
 0.000000 -7.071068 -7.000000
 0.000000 -7.071068 -7.000000
 0.000000 -7.280110 -7.211103
 0.000000 -8.062258 -8.000000
 0.000000 -8.602325 -8.544004
 0.000000 -9.055385 -9.000000
 0.000000 -9.055385 -9.000000
 0.000000 -9.486833 -9.433981
 0.000000 -10.049876 -10.000000
 0.000000 -11.045361 -11.000000
