 1.000000  3.162278 17.000000
 1.000000  4.123106 14.866069
 1.000000 -4.123106  3.605551
 1.000000  2.828427 10.198039
 1.000000 -5.830952  1.414214
 1.000000  4.000000 10.295630
 1.000000  4.242641 10.049876
 1.000000  5.000000 10.440307
 1.000000  2.000000  6.708204
 1.000000 -1.414214  2.828427
 1.000000  3.162278  7.280110
 1.000000  3.000000  7.071068
 1.000000  3.605551  7.615773
 1.000000  4.242641  8.246211
 1.000000  2.000000  6.000000
 1.000000  4.000000  7.615773
 1.000000  1.414214  4.472136
 1.000000  1.414214  4.472136
 1.000000  5.099020  8.062258
 1.000000  3.162278  6.000000
 1.000000 10.198039 13.000000
 1.000000 10.816654 13.341664
 1.000000  3.000000  5.385165
 1.000000  1.414214  3.605551
 1.000000  5.830952  8.000000
 1.000000  1.000000  3.162278
 1.000000  2.828427  4.472136
 1.000000  2.000000  3.605551
 1.000000  1.414214  2.828427
 1.000000  5.000000  6.403124
 1.000000  5.000000  6.324555
 1.000000  5.830952  7.071068
 1.000000  2.828427  4.000000
 1.000000  6.708204  7.810250
 1.000000  5.000000  6.082763
 1.000000  4.000000  5.000000
 1.000000  4.000000  5.000000
 1.000000  8.000000  9.000000
 1.000000  2.000000  3.000000
 1.000000  4.123106  5.099020
 1.000000  7.615773  8.544004
 1.000000  8.062258  8.944272
 1.000000  5.830952  6.708204
 1.000000  9.000000  9.848858
 1.000000  5.000000  5.830952
 1.000000  2.000000  2.828427
 1.000000  2.000000  2.828427
 1.000000  1.414214  2.236068
 1.000000  2.828427  3.605551
 1.000000  2.828427  3.605551
 1.000000  2.828427  3.605551
 1.000000  7.071068  7.810250
 1.000000  5.000000  5.656854
 1.000000  5.000000  5.656854
 1.000000  5.000000  5.656854
 1.000000  3.605551  4.242641
 1.000000  7.615773  8.246211
 1.000000  5.385165  6.000000
 1.000000  3.000000  3.605551
 1.000000  3.000000  3.605551
 1.000000  7.211103  7.810250
 1.000000  2.236068  2.828427
 1.000000  2.236068  2.828427
 1.000000  2.236068  2.828427
 1.000000  5.830952  6.403124
 1.000000  5.830952  6.403124
 1.000000  7.071068  7.615773
 1.000000  4.472136  5.000000
 1.000000  4.472136  5.000000
 1.000000  4.472136  5.000000
 1.000000  4.472136  5.000000
 1.000000  4.472136  5.000000
 1.000000  4.472136  5.000000
 1.000000  4.472136  5.000000
 1.000000 12.206556 12.727922
 1.000000  3.605551  4.123106
 1.000000  3.605551  4.123106
 1.000000  3.605551  4.123106
 1.000000  3.605551  4.123106
 1.000000  5.830952  6.324555
 1.000000  5.830952  6.324555
 1.000000  8.062258  8.544004
 1.000000 11.180340 11.661904
 1.000000  7.615773  8.062258
 1.000000  7.615773  8.062258
 1.000000  5.385165  5.830952
 1.000000  5.385165  5.830952
 1.000000  5.385165  5.830952
 1.000000  5.385165  5.830952
 1.000000  3.162278  3.605551
 1.000000  3.162278  3.605551
 1.000000  3.162278  3.605551
 1.000000  3.162278  3.605551
 1.000000  3.162278  3.605551
 1.000000  3.162278  3.605551
 1.000000  3.162278  3.605551
 1.000000  3.162278  3.605551
 1.000000  3.162278  3.605551
 1.000000  3.162278  3.605551
 1.000000  3.162278  3.605551
 1.000000  3.605551  4.000000
 1.000000  3.605551  4.000000
 1.000000  3.605551  4.000000
 1.000000  3.605551  4.000000
 1.000000  5.000000  5.385165
 1.000000  5.000000  5.385165
 1.000000  6.324555  6.708204
 1.000000 11.704700 12.083046
 1.000000 10.816654 11.180340
 1.000000  6.708204  7.071068
 1.000000  9.486833  9.848858
 1.000000  4.123106  4.472136
 1.000000  4.123106  4.472136
 1.000000  4.123106  4.472136
 1.000000  4.123106  4.472136
 1.000000  4.123106  4.472136
 1.000000  4.123106  4.472136
 1.000000  4.123106  4.472136
 1.000000  7.280110  7.615773
 1.000000  7.280110  7.615773
 1.000000  7.280110  7.615773
 1.000000  2.828427  3.162278
 1.000000  2.828427  3.162278
 1.000000  2.828427  3.162278
 1.000000  6.403124  6.708204
 1.000000  6.403124  6.708204
 1.000000  6.403124  6.708204
 1.000000  6.708204  7.000000
 1.000000  5.099020  5.385165
 1.000000  5.099020  5.385165
 1.000000  5.099020  5.385165
 1.000000  5.099020  5.385165
 1.000000  5.099020  5.385165
 1.000000 12.369317 12.649111
 1.000000  8.944272  9.219544
 1.000000  5.385165  5.656854
 1.000000  5.385165  5.656854
 1.000000  5.385165  5.656854
 1.000000  9.219544  9.486833
 1.000000  7.810250  8.062258
 1.000000  8.000000  8.246211
 1.000000 10.198039 10.440307
 1.000000  6.082763  6.324555
 1.000000  6.082763  6.324555
 1.000000  6.082763  6.324555
 1.000000  8.246211  8.485281
 1.000000  2.000000  2.236068
 1.000000  2.000000  2.236068
 1.000000  2.000000  2.236068
 1.000000  2.000000  2.236068
 1.000000  2.000000  2.236068
 1.000000  2.000000  2.236068
 1.000000  2.000000  2.236068
 1.000000  2.000000  2.236068
 1.000000  4.242641  4.472136
 1.000000  4.242641  4.472136
 1.000000  4.242641  4.472136
 1.000000  4.242641  4.472136
 1.000000  4.242641  4.472136
 1.000000  4.242641  4.472136
 1.000000  4.242641  4.472136
 1.000000  4.242641  4.472136
 1.000000  4.242641  4.472136
 1.000000  4.242641  4.472136
 1.000000  4.242641  4.472136
 1.000000  4.242641  4.472136
 1.000000  7.071068  7.280110
 1.000000  7.071068  7.280110
 1.000000  7.071068  7.280110
 1.000000 12.529964 12.727922
 1.000000  7.615773  7.810250
 1.000000 13.152946 13.341664
 1.000000  8.062258  8.246211
 1.000000 10.816654 11.000000
 1.000000 11.000000 11.180340
 1.000000  5.656854  5.830952
 1.000000  2.828427  3.000000
 1.000000  2.828427  3.000000
 1.000000  5.830952  6.000000
 1.000000  3.000000  3.162278
 1.000000  3.000000  3.162278
 1.000000  3.000000  3.162278
 1.000000  3.000000  3.162278
 1.000000  3.000000  3.162278
 1.000000  3.000000  3.162278
 1.000000  3.000000  3.162278
 1.000000  3.000000  3.162278
 1.000000 10.049876 10.198039
 1.000000  7.071068  7.211103
 1.000000  7.071068  7.211103
 1.000000  7.071068  7.211103
 1.000000  7.071068  7.211103
 1.000000  7.071068  7.211103
 1.000000  4.000000  4.123106
 1.000000  4.000000  4.123106
 1.000000  4.000000  4.123106
 1.000000  4.000000  4.123106
 1.000000  4.000000  4.123106
 1.000000  4.000000  4.123106
 1.000000  4.000000  4.123106
 1.000000  4.000000  4.123106
 1.000000  4.000000  4.123106
 1.000000  4.000000  4.123106
 1.000000  4.000000  4.123106
 1.000000  4.123106  4.242641
 1.000000  4.123106  4.242641
 1.000000  4.123106  4.242641
 1.000000  4.123106  4.242641
 1.000000  4.123106  4.242641
 1.000000  4.123106  4.242641
 1.000000  4.123106  4.242641
 1.000000  4.123106  4.242641
 1.000000 12.529964 12.649111
 1.000000 14.035669 14.142136
 1.000000  5.000000  5.099020
 1.000000  5.000000  5.099020
 1.000000  5.000000  5.099020
 1.000000  5.000000  5.099020
 1.000000  5.000000  5.099020
 1.000000  5.000000  5.099020
 1.000000  5.000000  5.099020
 1.000000 11.313708 11.401754
 1.000000 11.313708 11.401754
 1.000000  6.000000  6.082763
 1.000000  6.000000  6.082763
 1.000000  6.000000  6.082763
 1.000000  6.324555  6.403124
 1.000000  6.324555  6.403124
 1.000000  6.324555  6.403124
 1.000000  6.324555  6.403124
 1.000000  6.324555  6.403124
 1.000000  6.324555  6.403124
 1.000000  7.000000  7.071068
 1.000000  7.211103  7.280110
 1.000000  7.211103  7.280110
 1.000000  8.000000  8.062258
 1.000000  8.000000  8.062258
 1.000000  8.000000  8.062258
 1.000000  8.000000  8.062258
 1.000000  8.000000  8.062258
 1.000000  8.000000  8.062258
 1.000000  9.000000  9.055385
 1.000000 15.000000 15.033296
 1.000000 15.000000 15.033296
 1.000000 16.000000 16.031220
 0.000000 -21.213203       inf
 0.000000 -16.763055  2.236068
 0.000000 -13.928388  3.162278
 0.000000 -12.369317  4.000000
 0.000000 -14.764823 -1.000000
 0.000000 -11.313708  2.000000
 0.000000 -12.165525  1.000000
 0.000000 -11.000000  1.414214
 0.000000 -10.295630  2.000000
 0.000000 -2.000000  9.219544
 0.000000 -8.062258  3.000000
 0.000000 -7.280110  2.828427
 0.000000 -12.083046 -2.236068
 0.000000 -11.313708 -3.162278
 0.000000 -6.082763  2.000000
 0.000000 -5.000000  2.828427
 0.000000 -6.708204  1.000000
 0.000000 -8.246211 -1.000000
 0.000000 -12.041595 -5.000000
 0.000000 -9.219544 -3.000000
 0.000000 -13.038405 -7.071068
 0.000000 -12.649111 -6.708204
 0.000000 -8.944272 -3.162278
 0.000000 -10.630146 -5.000000
 0.000000 -6.000000 -1.000000
 0.000000 -6.324555 -1.414214
 0.000000 -7.071068 -2.236068
 0.000000 -9.486833 -5.000000
 0.000000 -8.544004 -4.242641
 0.000000 -6.000000 -2.000000
 0.000000 -10.000000 -6.324555
 0.000000 -6.324555 -3.000000
 0.000000 -6.082763 -3.000000
 0.000000 -8.944272 -6.000000
 0.000000 -9.433981 -6.708204
 0.000000 -8.544004 -5.830952
 0.000000 -6.708204 -4.000000
 0.000000 -11.180340 -8.485281
 0.000000 -8.485281 -6.082763
 0.000000 -12.083046 -10.000000
 0.000000 -1.000000  1.000000
 0.000000 -9.000000 -7.280110
 0.000000 -6.708204 -5.000000
 0.000000 -12.369317 -10.770330
 0.000000 -8.485281 -7.071068
 0.000000 -7.000000 -5.656854
 0.000000 -6.324555 -5.000000
 0.000000 -6.082763 -5.000000
 0.000000 -10.000000 -9.000000
 0.000000 -8.944272 -8.000000
 0.000000 -6.082763 -5.385165
 0.000000 -12.000000 -11.313708
 0.000000 -9.219544 -8.544004
 0.000000 -7.000000 -6.324555
 0.000000 -6.324555 -5.656854
 0.000000 -12.727922 -12.083046
 0.000000 -13.601471 -13.000000
 0.000000 -10.770330 -10.198039
 0.000000 -7.810250 -7.280110
 0.000000 -12.165525 -11.661904
 0.000000 -7.211103 -6.708204
 0.000000 -6.324555 -5.830952
 0.000000 -8.544004 -8.062258
 0.000000 -8.062258 -7.615773
 0.000000 -9.433981 -9.000000
 0.000000 -8.485281 -8.062258
 0.000000 -8.485281 -8.062258
 0.000000 -7.615773 -7.211103
 0.000000 -8.944272 -8.544004
 0.000000 -7.071068 -6.708204
 0.000000 -8.944272 -8.602325
 0.000000 -8.944272 -8.602325
 0.000000 -7.615773 -7.280110
 0.000000 -12.529964 -12.206556
 0.000000 -6.708204 -6.403124
 0.000000 -7.000000 -6.708204
 0.000000 -7.000000 -6.708204
 0.000000 -9.219544 -8.944272
 0.000000 -11.045361 -10.770330
 0.000000 -5.656854 -5.385165
 0.000000 -9.486833 -9.219544
 0.000000 -10.295630 -10.049876
 0.000000 -6.324555 -6.082763
 0.000000 -13.038405 -12.806248
 0.000000 -4.472136 -4.242641
 0.000000 -7.280110 -7.071068
 0.000000 -8.246211 -8.062258
 0.000000 -8.246211 -8.062258
 0.000000 -8.246211 -8.062258
 0.000000 -8.246211 -8.062258
 0.000000 -8.246211 -8.062258
 0.000000 -12.165525 -12.000000
 0.000000 -9.219544 -9.055385
 0.000000 -3.162278 -3.000000
 0.000000 -12.529964 -12.369317
 0.000000 -16.278821 -16.124515
 0.000000 -10.198039 -10.049876
 0.000000 -7.211103 -7.071068
 0.000000 -7.211103 -7.071068
 0.000000 -7.211103 -7.071068
 0.000000 -11.180340 -11.045361
 0.000000 -8.602325 -8.485281
 0.000000 -9.055385 -8.944272
 0.000000 -6.082763 -6.000000
 0.000000 -6.082763 -6.000000
 0.000000 -7.071068 -7.000000
 0.000000 -7.071068 -7.000000
 0.000000 -7.280110 -7.211103
 0.000000 -8.062258 -8.000000
 0.000000 -8.062258 -8.000000
 0.000000 -9.055385 -9.000000
 0.000000 -11.704700 -11.661904
