 1.000000  1.414214 16.763055
 1.000000 -6.000000  3.162278
 1.000000  2.828427 11.704700
 1.000000  2.828427  9.433981
 1.000000  2.236068  8.062258
 1.000000  4.123106  9.848858
 1.000000  2.828427  8.544004
 1.000000  2.828427  8.485281
 1.000000  1.000000  6.000000
 1.000000 -3.000000  1.414214
 1.000000 -2.828427  1.414214
 1.000000 -3.162278  1.000000
 1.000000  2.000000  6.000000
 1.000000  2.000000  6.000000
 1.000000  1.414214  5.099020
 1.000000  4.242641  7.810250
 1.000000 -1.000000  2.000000
 1.000000  3.000000  5.656854
 1.000000  5.000000  7.615773
 1.000000  3.162278  5.656854
 1.000000  8.544004 11.000000
 1.000000  5.830952  8.000000
 1.000000  5.000000  7.000000
 1.000000  3.000000  5.000000
 1.000000  5.656854  7.615773
 1.000000  5.000000  6.708204
 1.000000  2.828427  4.472136
 1.000000  4.472136  6.000000
 1.000000  6.324555  7.810250
 1.000000  5.000000  6.403124
 1.000000  3.605551  5.000000
 1.000000  5.000000  6.324555
 1.000000  3.162278  4.472136
 1.000000 14.317821 15.556349
 1.000000  6.000000  7.211103
 1.000000  4.472136  5.656854
 1.000000  2.000000  3.162278
 1.000000  4.000000  5.000000
 1.000000  1.000000  2.000000
 1.000000  1.000000  2.000000
 1.000000  4.000000  5.000000
 1.000000  4.000000  5.000000
 1.000000  2.000000  3.000000
 1.000000  1.000000  2.000000
 1.000000  8.000000  8.944272
 1.000000  5.385165  6.324555
 1.000000  4.123106  5.000000
 1.000000  3.162278  4.000000
 1.000000  3.162278  4.000000
 1.000000  5.000000  5.830952
 1.000000  2.000000  2.828427
 1.000000  1.414214  2.236068
 1.000000  2.828427  3.605551
 1.000000  4.242641  5.000000
 1.000000  4.242641  5.000000
 1.000000  8.246211  9.000000
 1.000000  5.656854  6.324555
 1.000000  5.000000  5.656854
 1.000000  5.000000  5.656854
 1.000000  5.000000  5.656854
 1.000000  8.602325  9.219544
 1.000000  8.602325  9.219544
 1.000000  2.236068  2.828427
 1.000000  2.236068  2.828427
 1.000000  1.414214  2.000000
 1.000000  1.414214  2.000000
 1.000000  5.830952  6.403124
 1.000000  5.830952  6.403124
 1.000000  4.472136  5.000000
 1.000000  4.472136  5.000000
 1.000000  4.472136  5.000000
 1.000000  4.472136  5.000000
 1.000000  4.472136  5.000000
 1.000000  4.472136  5.000000
 1.000000  4.472136  5.000000
 1.000000  3.605551  4.123106
 1.000000  3.605551  4.123106
 1.000000  3.605551  4.123106
 1.000000  6.708204  7.211103
 1.000000  6.708204  7.211103
 1.000000  6.708204  7.211103
 1.000000  5.830952  6.324555
 1.000000 14.764823 15.231546
 1.000000  5.385165  5.830952
 1.000000  5.385165  5.830952
 1.000000  5.385165  5.830952
 1.000000  3.162278  3.605551
 1.000000  3.162278  3.605551
 1.000000  3.162278  3.605551
 1.000000  3.162278  3.605551
 1.000000  3.162278  3.605551
 1.000000  3.162278  3.605551
 1.000000  3.162278  3.605551
 1.000000  3.162278  3.605551
 1.000000 15.231546 15.652476
 1.000000  9.433981  9.848858
 1.000000  9.433981  9.848858
 1.000000  9.433981  9.848858
 1.000000  1.000000  1.414214
 1.000000  1.000000  1.414214
 1.000000 10.770330 11.180340
 1.000000 10.770330 11.180340
 1.000000  8.544004  8.944272
 1.000000  8.544004  8.944272
 1.000000  8.544004  8.944272
 1.000000  3.605551  4.000000
 1.000000  3.605551  4.000000
 1.000000  3.605551  4.000000
 1.000000  5.000000  5.385165
 1.000000  5.000000  5.385165
 1.000000  5.000000  5.385165
 1.000000  5.000000  5.385165
 1.000000  5.000000  5.385165
 1.000000  5.000000  5.385165
 1.000000  6.324555  6.708204
 1.000000  6.324555  6.708204
 1.000000  6.324555  6.708204
 1.000000  6.324555  6.708204
 1.000000  6.324555  6.708204
 1.000000 14.866069 15.231546
 1.000000 10.816654 11.180340
 1.000000  6.708204  7.071068
 1.000000  6.708204  7.071068
 1.000000  9.486833  9.848858
 1.000000  4.123106  4.472136
 1.000000  4.123106  4.472136
 1.000000 15.811388 16.155494
 1.000000  7.280110  7.615773
 1.000000  7.280110  7.615773
 1.000000  7.280110  7.615773
 1.000000  2.828427  3.162278
 1.000000  2.828427  3.162278
 1.000000  2.828427  3.162278
 1.000000  2.828427  3.162278
 1.000000  2.828427  3.162278
 1.000000  6.403124  6.708204
 1.000000  6.403124  6.708204
 1.000000  6.403124  6.708204
 1.000000  6.403124  6.708204
 1.000000  6.403124  6.708204
 1.000000  6.403124  6.708204
 1.000000  5.099020  5.385165
 1.000000  5.099020  5.385165
 1.000000  5.099020  5.385165
 1.000000  5.099020  5.385165
 1.000000  5.099020  5.385165
 1.000000  5.099020  5.385165
 1.000000  5.099020  5.385165
 1.000000  5.099020  5.385165
 1.000000  7.000000  7.280110
 1.000000  8.944272  9.219544
 1.000000  8.944272  9.219544
 1.000000  5.385165  5.656854
 1.000000  5.385165  5.656854
 1.000000  5.385165  5.656854
 1.000000  5.385165  5.656854
 1.000000 16.492423 16.763055
 1.000000  5.830952  6.082763
 1.000000 14.317821 14.560220
 1.000000  6.082763  6.324555
 1.000000  6.082763  6.324555
 1.000000  2.000000  2.236068
 1.000000  2.000000  2.236068
 1.000000  2.000000  2.236068
 1.000000  2.000000  2.236068
 1.000000  2.000000  2.236068
 1.000000  2.000000  2.236068
 1.000000  2.000000  2.236068
 1.000000  2.000000  2.236068
 1.000000  2.000000  2.236068
 1.000000  2.000000  2.236068
 1.000000  2.000000  2.236068
 1.000000  2.000000  2.236068
 1.000000  2.000000  2.236068
 1.000000  2.000000  2.236068
 1.000000  4.242641  4.472136
 1.000000  4.242641  4.472136
 1.000000  4.242641  4.472136
 1.000000  4.242641  4.472136
 1.000000  4.242641  4.472136
 1.000000  4.242641  4.472136
 1.000000  4.242641  4.472136
 1.000000  4.242641  4.472136
 1.000000  4.242641  4.472136
 1.000000 11.180340 11.401754
 1.000000 11.180340 11.401754
 1.000000  9.219544  9.433981
 1.000000  9.219544  9.433981
 1.000000  7.000000  7.211103
 1.000000  7.071068  7.280110
 1.000000  7.615773  7.810250
 1.000000  8.062258  8.246211
 1.000000  5.656854  5.830952
 1.000000  5.656854  5.830952
 1.000000  5.656854  5.830952
 1.000000  2.828427  3.000000
 1.000000  2.828427  3.000000
 1.000000  2.828427  3.000000
 1.000000  5.830952  6.000000
 1.000000  9.055385  9.219544
 1.000000  9.055385  9.219544
 1.000000  3.000000  3.162278
 1.000000  3.000000  3.162278
 1.000000  3.000000  3.162278
 1.000000  3.000000  3.162278
 1.000000  3.000000  3.162278
 1.000000  3.000000  3.162278
 1.000000  3.000000  3.162278
 1.000000 10.049876 10.198039
 1.000000 17.117243 17.262677
 1.000000 10.295630 10.440307
 1.000000 11.045361 11.180340
 1.000000 11.045361 11.180340
 1.000000  4.000000  4.123106
 1.000000  4.000000  4.123106
 1.000000  4.000000  4.123106
 1.000000  4.000000  4.123106
 1.000000  4.000000  4.123106
 1.000000  4.000000  4.123106
 1.000000  4.000000  4.123106
 1.000000  4.000000  4.123106
 1.000000  4.000000  4.123106
 1.000000  4.123106  4.242641
 1.000000  4.123106  4.242641
 1.000000  4.123106  4.242641
 1.000000  4.123106  4.242641
 1.000000  8.485281  8.602325
 1.000000 13.038405 13.152946
 1.000000  5.000000  5.099020
 1.000000  5.000000  5.099020
 1.000000  5.000000  5.099020
 1.000000  5.000000  5.099020
 1.000000  5.000000  5.099020
 1.000000  5.000000  5.099020
 1.000000  5.000000  5.099020
 1.000000 10.198039 10.295630
 1.000000  6.000000  6.082763
 1.000000  6.000000  6.082763
 1.000000  6.000000  6.082763
 1.000000  6.324555  6.403124
 1.000000  6.324555  6.403124
 1.000000  6.324555  6.403124
 1.000000  7.000000  7.071068
 1.000000  7.000000  7.071068
 1.000000  7.000000  7.071068
 1.000000  7.000000  7.071068
 1.000000  8.000000  8.062258
 1.000000  8.000000  8.062258
 1.000000  9.000000  9.055385
 1.000000  9.000000  9.055385
 1.000000  9.000000  9.055385
 1.000000  9.000000  9.055385
 1.000000  9.433981  9.486833
 1.000000  9.848858  9.899495
 1.000000 10.000000 10.049876
 1.000000 12.000000 12.041595
 1.000000 13.000000 13.038405
 1.000000 13.892444 13.928388
 1.000000 15.000000 15.033296
 1.000000 15.000000 15.033296
 1.000000 18.000000 18.027756
 0.000000 -18.027756       inf
 0.000000 -14.212670  2.000000
 0.000000 -12.041595  1.414214
 0.000000 -12.041595  1.414214
 0.000000 -8.485281  4.472136
 0.000000 -10.295630  2.000000
 0.000000 -11.045361  1.000000
 0.000000 -10.000000  2.000000
 0.000000 -8.485281  2.000000
 0.000000 -16.124515 -6.082763
 0.000000 -8.000000  1.414214
 0.000000 -7.280110  2.000000
 0.000000 -5.000000  4.000000
 0.000000 -6.000000  2.236068
 0.000000 -4.000000  4.123106
 0.000000 -11.000000 -3.605551
 0.000000 -11.180340 -4.242641
 0.000000 -9.433981 -3.000000
 0.000000 -9.899495 -3.605551
 0.000000 -12.041595 -6.000000
 0.000000 -12.369317 -6.403124
 0.000000 -10.816654 -5.000000
 0.000000 -8.944272 -3.162278
 0.000000 -9.219544 -3.605551
 0.000000 -10.000000 -5.000000
 0.000000 -10.295630 -5.830952
 0.000000 -8.000000 -3.605551
 0.000000 -9.219544 -5.000000
 0.000000 -11.661904 -7.615773
 0.000000 -10.000000 -6.000000
 0.000000 -9.219544 -5.385165
 0.000000 -8.602325 -5.000000
 0.000000 -9.219544 -6.000000
 0.000000 -6.000000 -2.828427
 0.000000 -10.000000 -7.000000
 0.000000 -10.000000 -7.000000
 0.000000 -8.000000 -5.000000
 0.000000 -9.848858 -7.071068
 0.000000 -8.544004 -6.000000
 0.000000 -6.403124 -4.242641
 0.000000 -6.082763 -4.000000
 0.000000 -9.055385 -7.280110
 0.000000 -6.000000 -4.242641
 0.000000 -8.246211 -6.708204
 0.000000 -8.544004 -7.071068
 0.000000 -10.000000 -8.602325
 0.000000 -8.062258 -6.708204
 0.000000 -9.000000 -7.810250
 0.000000 -6.708204 -5.656854
 0.000000 -10.049876 -9.000000
 0.000000 -6.000000 -5.000000
 0.000000 -7.071068 -6.082763
 0.000000 -8.944272 -8.000000
 0.000000 -6.000000 -5.099020
 0.000000 -8.944272 -8.062258
 0.000000 -7.810250 -7.000000
 0.000000 -8.944272 -8.246211
 0.000000 -9.219544 -8.544004
 0.000000 -7.071068 -6.403124
 0.000000 -9.219544 -8.602325
 0.000000 -7.615773 -7.000000
 0.000000 -7.000000 -6.403124
 0.000000 -7.000000 -6.403124
 0.000000 -7.615773 -7.071068
 0.000000 -7.615773 -7.071068
 0.000000 -6.324555 -5.830952
 0.000000 -6.324555 -5.830952
 0.000000 -8.544004 -8.062258
 0.000000 -11.401754 -11.000000
 0.000000 -8.944272 -8.544004
 0.000000 -8.944272 -8.544004
 0.000000 -17.888544 -17.492856
 0.000000 -8.000000 -7.615773
 0.000000 -7.071068 -6.708204
 0.000000 -8.944272 -8.602325
 0.000000 -8.944272 -8.602325
 0.000000 -8.944272 -8.602325
 0.000000 -8.944272 -8.602325
 0.000000 -8.944272 -8.602325
 0.000000 -7.615773 -7.280110
 0.000000 -6.708204 -6.403124
 0.000000 -6.708204 -6.403124
 0.000000 -8.544004 -8.246211
 0.000000 -9.219544 -8.944272
 0.000000 -8.062258 -7.810250
 0.000000 -8.062258 -7.810250
 0.000000 -7.280110 -7.071068
 0.000000 -7.280110 -7.071068
 0.000000 -7.280110 -7.071068
 0.000000 -8.000000 -7.810250
 0.000000 -8.246211 -8.062258
 0.000000 -8.246211 -8.062258
 0.000000 -9.219544 -9.055385
 0.000000 -3.162278 -3.000000
 0.000000 -10.440307 -10.295630
 0.000000 -10.440307 -10.295630
 0.000000 -10.770330 -10.630146
 0.000000 -7.211103 -7.071068
 0.000000 -7.211103 -7.071068
 0.000000 -4.123106 -4.000000
 0.000000 -17.804494 -17.691806
 0.000000 -10.000000 -9.899495
 0.000000 -5.099020 -5.000000
 0.000000 -11.401754 -11.313708
 0.000000 -6.082763 -6.000000
 0.000000 -6.082763 -6.000000
 0.000000 -6.082763 -6.000000
 0.000000 -7.071068 -7.000000
 0.000000 -7.071068 -7.000000
 0.000000 -7.071068 -7.000000
 0.000000 -7.071068 -7.000000
 0.000000 -14.212670 -14.142136
 0.000000 -7.280110 -7.211103
 0.000000 -8.062258 -8.000000
 0.000000 -8.062258 -8.000000
 0.000000 -8.544004 -8.485281
 0.000000 -8.544004 -8.485281
 0.000000 -9.055385 -9.000000
 0.000000 -9.055385 -9.000000
 0.000000 -14.035669 -14.000000
