 1.000000  5.385165 17.492856
 1.000000  4.000000 13.038405
 1.000000 -6.403124  1.000000
 1.000000  2.828427 10.049876
 1.000000 -3.605551  3.162278
 1.000000  2.236068  8.944272
 1.000000 -4.000000  2.236068
 1.000000  2.828427  9.000000
 1.000000  1.000000  7.071068
 1.000000  1.000000  6.708204
 1.000000 10.000000 14.866069
 1.000000  2.000000  6.708204
 1.000000  3.162278  7.615773
 1.000000  3.000000  7.280110
 1.000000 10.000000 14.142136
 1.000000  3.000000  6.403124
 1.000000  1.000000  4.242641
 1.000000  8.544004 11.704700
 1.000000  2.000000  5.000000
 1.000000  5.000000  8.000000
 1.000000 -2.000000  1.000000
 1.000000 -2.000000  1.000000
 1.000000  6.082763  9.055385
 1.000000  3.162278  6.000000
 1.000000  1.414214  3.605551
 1.000000  2.000000  4.123106
 1.000000  3.000000  5.099020
 1.000000 10.000000 12.000000
 1.000000  6.082763  8.000000
 1.000000  3.162278  5.000000
 1.000000  2.236068  4.000000
 1.000000  1.414214  3.162278
 1.000000 11.000000 12.727922
 1.000000  3.605551  5.099020
 1.000000  2.828427  4.242641
 1.000000  3.605551  5.000000
 1.000000  4.000000  5.385165
 1.000000  8.485281  9.848858
 1.000000 12.041595 13.341664
 1.000000  2.828427  4.000000
 1.000000  2.000000  3.000000
 1.000000  4.000000  5.000000
 1.000000  2.000000  3.000000
 1.000000  4.123106  5.099020
 1.000000  3.162278  4.123106
 1.000000  8.485281  9.433981
 1.000000 12.083046 13.000000
 1.000000  4.123106  5.000000
 1.000000  3.605551  4.472136
 1.000000 12.165525 13.000000
 1.000000  2.000000  2.828427
 1.000000  2.000000  2.828427
 1.000000  1.414214  2.236068
 1.000000  2.828427  3.605551
 1.000000  2.828427  3.605551
 1.000000  4.242641  5.000000
 1.000000  8.485281  9.219544
 1.000000  8.485281  9.219544
 1.000000  6.324555  7.000000
 1.000000  7.810250  8.485281
 1.000000  5.000000  5.656854
 1.000000  3.605551  4.242641
 1.000000  3.605551  4.242641
 1.000000  3.605551  4.242641
 1.000000  8.602325  9.219544
 1.000000  8.602325  9.219544
 1.000000  8.602325  9.219544
 1.000000  8.602325  9.219544
 1.000000  2.236068  2.828427
 1.000000  2.236068  2.828427
 1.000000  2.236068  2.828427
 1.000000  2.236068  2.828427
 1.000000  2.236068  2.828427
 1.000000  2.236068  2.828427
 1.000000  2.236068  2.828427
 1.000000  2.236068  2.828427
 1.000000  2.236068  2.828427
 1.000000  2.236068  2.828427
 1.000000  2.236068  2.828427
 1.000000  1.414214  2.000000
 1.000000  1.414214  2.000000
 1.000000  1.414214  2.000000
 1.000000  9.433981 10.000000
 1.000000  4.472136  5.000000
 1.000000  4.472136  5.000000
 1.000000  4.472136  5.000000
 1.000000  4.472136  5.000000
 1.000000  3.605551  4.123106
 1.000000  6.708204  7.211103
 1.000000  5.830952  6.324555
 1.000000  8.944272  9.433981
 1.000000  4.000000  4.472136
 1.000000  4.000000  4.472136
 1.000000  9.433981  9.899495
 1.000000 12.083046 12.529964
 1.000000  9.848858 10.295630
 1.000000  5.385165  5.830952
 1.000000  3.162278  3.605551
 1.000000  3.162278  3.605551
 1.000000  3.162278  3.605551
 1.000000  3.162278  3.605551
 1.000000  3.162278  3.605551
 1.000000  3.162278  3.605551
 1.000000  3.162278  3.605551
 1.000000  3.162278  3.605551
 1.000000  3.162278  3.605551
 1.000000  3.162278  3.605551
 1.000000  3.162278  3.605551
 1.000000  3.162278  3.605551
 1.000000  3.162278  3.605551
 1.000000  3.162278  3.605551
 1.000000  3.162278  3.605551
 1.000000  3.162278  3.605551
 1.000000  3.162278  3.605551
 1.000000  9.433981  9.848858
 1.000000  1.000000  1.414214
 1.000000  1.000000  1.414214
 1.000000 10.770330 11.180340
 1.000000 11.000000 11.401754
 1.000000  3.605551  4.000000
 1.000000  3.605551  4.000000
 1.000000  3.605551  4.000000
 1.000000  3.605551  4.000000
 1.000000  3.605551  4.000000
 1.000000  5.000000  5.385165
 1.000000  5.000000  5.385165
 1.000000  5.000000  5.385165
 1.000000  6.324555  6.708204
 1.000000  6.324555  6.708204
 1.000000 11.704700 12.083046
 1.000000 12.649111 13.000000
 1.000000  4.123106  4.472136
 1.000000  4.123106  4.472136
 1.000000  4.123106  4.472136
 1.000000  8.602325  8.944272
 1.000000 10.440307 10.770330
 1.000000 12.206556 12.529964
 1.000000 15.811388 16.124515
 1.000000  6.403124  6.708204
 1.000000  6.403124  6.708204
 1.000000  6.403124  6.708204
 1.000000 11.401754 11.704700
 1.000000 10.000000 10.295630
 1.000000 12.083046 12.369317
 1.000000 12.083046 12.369317
 1.000000  5.099020  5.385165
 1.000000  5.099020  5.385165
 1.000000  7.000000  7.280110
 1.000000 12.369317 12.649111
 1.000000  8.944272  9.219544
 1.000000  8.944272  9.219544
 1.000000  8.944272  9.219544
 1.000000  8.944272  9.219544
 1.000000  5.385165  5.656854
 1.000000  9.219544  9.486833
 1.000000 11.401754 11.661904
 1.000000  7.810250  8.062258
 1.000000  4.000000  4.242641
 1.000000 14.317821 14.560220
 1.000000 10.198039 10.440307
 1.000000  6.082763  6.324555
 1.000000  6.082763  6.324555
 1.000000  6.082763  6.324555
 1.000000  8.246211  8.485281
 1.000000  2.000000  2.236068
 1.000000  2.000000  2.236068
 1.000000  2.000000  2.236068
 1.000000  2.000000  2.236068
 1.000000  2.000000  2.236068
 1.000000  2.000000  2.236068
 1.000000  2.000000  2.236068
 1.000000  2.000000  2.236068
 1.000000  2.000000  2.236068
 1.000000  2.000000  2.236068
 1.000000  2.000000  2.236068
 1.000000  2.000000  2.236068
 1.000000  2.000000  2.236068
 1.000000  2.000000  2.236068
 1.000000  2.000000  2.236068
 1.000000  4.242641  4.472136
 1.000000  4.242641  4.472136
 1.000000  4.242641  4.472136
 1.000000  4.242641  4.472136
 1.000000  4.242641  4.472136
 1.000000  9.000000  9.219544
 1.000000  7.071068  7.280110
 1.000000  7.071068  7.280110
 1.000000 12.806248 13.000000
 1.000000 10.440307 10.630146
 1.000000 10.440307 10.630146
 1.000000 10.440307 10.630146
 1.000000  5.656854  5.830952
 1.000000  2.828427  3.000000
 1.000000  5.830952  6.000000
 1.000000 12.041595 12.206556
 1.000000 12.041595 12.206556
 1.000000  3.000000  3.162278
 1.000000  3.000000  3.162278
 1.000000  3.000000  3.162278
 1.000000  3.000000  3.162278
 1.000000  3.000000  3.162278
 1.000000  3.000000  3.162278
 1.000000 16.492423 16.643317
 1.000000  9.899495 10.049876
 1.000000 10.630146 10.770330
 1.000000 11.045361 11.180340
 1.000000 11.045361 11.180340
 1.000000  4.000000  4.123106
 1.000000  4.000000  4.123106
 1.000000  4.000000  4.123106
 1.000000  4.000000  4.123106
 1.000000  4.000000  4.123106
 1.000000  4.000000  4.123106
 1.000000  4.000000  4.123106
 1.000000  4.123106  4.242641
 1.000000  4.123106  4.242641
 1.000000  4.123106  4.242641
 1.000000  4.123106  4.242641
 1.000000  4.123106  4.242641
 1.000000  4.123106  4.242641
 1.000000  4.123106  4.242641
 1.000000  5.000000  5.099020
 1.000000  5.000000  5.099020
 1.000000  5.000000  5.099020
 1.000000  5.000000  5.099020
 1.000000  5.000000  5.099020
 1.000000  5.000000  5.099020
 1.000000 12.000000 12.083046
 1.000000  6.000000  6.082763
 1.000000  6.000000  6.082763
 1.000000  6.000000  6.082763
 1.000000 12.649111 12.727922
 1.000000  6.324555  6.403124
 1.000000 12.727922 12.806248
 1.000000 13.341664 13.416408
 1.000000  8.000000  8.062258
 1.000000  9.848858  9.899495
 1.000000  9.848858  9.899495
 1.000000 11.000000 11.045361
 1.000000 12.000000 12.041595
 0.000000 -18.110770       inf
 0.000000 -16.763055  3.000000
 0.000000 -16.124515  1.000000
 0.000000 -15.811388  1.000000
 0.000000 -16.000000 -1.000000
 0.000000 -13.000000  2.000000
 0.000000 -9.899495  5.000000
 0.000000 -8.485281  5.000000
 0.000000 -7.071068  3.605551
 0.000000 -6.708204  3.162278
 0.000000 -7.211103  2.000000
 0.000000 -6.403124  2.000000
 0.000000 -11.704700 -4.123106
 0.000000 -6.000000  1.414214
 0.000000 -6.403124  1.000000
 0.000000 -5.830952  1.414214
 0.000000 -14.142136 -7.000000
 0.000000 -9.000000 -2.000000
 0.000000 -7.810250 -1.414214
 0.000000 -9.219544 -3.000000
 0.000000 -12.041595 -6.403124
 0.000000 -9.899495 -4.472136
 0.000000 -9.433981 -4.242641
 0.000000 -6.324555 -1.414214
 0.000000 -8.944272 -4.242641
 0.000000 -9.000000 -4.472136
 0.000000 -13.892444 -9.433981
 0.000000 -10.440307 -6.000000
 0.000000 -7.071068 -2.828427
 0.000000 -9.219544 -5.000000
 0.000000 -7.211103 -3.000000
 0.000000 -9.899495 -5.830952
 0.000000 -11.180340 -7.280110
 0.000000 -9.219544 -5.656854
 0.000000 -13.341664 -10.198039
 0.000000 -15.132746 -12.000000
 0.000000 -9.848858 -7.071068
 0.000000 -9.486833 -7.000000
 0.000000 -9.433981 -7.000000
 0.000000 -9.433981 -7.000000
 0.000000 -6.324555 -4.000000
 0.000000 -6.324555 -4.123106
 0.000000 -12.529964 -10.440307
 0.000000 -6.324555 -4.242641
 0.000000 -6.403124 -4.472136
 0.000000 -6.708204 -5.099020
 0.000000 -8.000000 -6.403124
 0.000000 -10.440307 -9.000000
 0.000000 -8.485281 -7.071068
 0.000000 -7.615773 -6.403124
 0.000000 -8.944272 -7.810250
 0.000000 -6.082763 -5.000000
 0.000000 -10.000000 -9.000000
 0.000000 -6.000000 -5.000000
 0.000000 -10.000000 -9.000000
 0.000000 -8.944272 -8.000000
 0.000000 -7.615773 -6.708204
 0.000000 -12.041595 -11.180340
 0.000000 -13.601471 -12.806248
 0.000000 -8.602325 -7.810250
 0.000000 -10.000000 -9.219544
 0.000000 -6.403124 -5.656854
 0.000000 -6.708204 -6.000000
 0.000000 -7.071068 -6.403124
 0.000000 -7.615773 -7.000000
 0.000000 -6.000000 -5.385165
 0.000000 -6.403124 -5.830952
 0.000000 -7.615773 -7.071068
 0.000000 -6.324555 -5.830952
 0.000000 -8.944272 -8.485281
 0.000000 -14.866069 -14.422205
 0.000000 -10.440307 -10.000000
 0.000000 -12.083046 -11.704700
 0.000000 -7.071068 -6.708204
 0.000000 -7.071068 -6.708204
 0.000000 -9.848858 -9.486833
 0.000000 -6.324555 -6.000000
 0.000000 -6.324555 -6.000000
 0.000000 -6.708204 -6.403124
 0.000000 -6.708204 -6.403124
 0.000000 -8.062258 -7.810250
 0.000000 -8.246211 -8.000000
 0.000000 -6.324555 -6.082763
 0.000000 -6.324555 -6.082763
 0.000000 -6.324555 -6.082763
 0.000000 -4.472136 -4.242641
 0.000000 -4.472136 -4.242641
 0.000000 -11.401754 -11.180340
 0.000000 -9.433981 -9.219544
 0.000000 -7.211103 -7.071068
 0.000000 -15.132746 -15.000000
 0.000000 -12.165525 -12.041595
 0.000000 -4.123106 -4.000000
 0.000000 -10.000000 -9.899495
 0.000000 -10.000000 -9.899495
 0.000000 -5.099020 -5.000000
 0.000000 -7.071068 -7.000000
 0.000000 -7.071068 -7.000000
 0.000000 -7.071068 -7.000000
 0.000000 -7.071068 -7.000000
 0.000000 -8.062258 -8.000000
 0.000000 -8.062258 -8.000000
 0.000000 -8.062258 -8.000000
 0.000000 -8.544004 -8.485281
 0.000000 -10.049876 -10.000000
 0.000000 -12.041595 -12.000000
 0.000000 -12.083046 -12.041595
 0.000000 -13.038405 -13.000000
