 1.000000  2.828427 16.763055
 1.000000  3.000000 11.045361
 1.000000  1.000000  8.246211
 1.000000 -1.414214  5.830952
 1.000000  5.099020 11.401754
 1.000000 -4.000000  2.236068
 1.000000  2.000000  8.062258
 1.000000  5.099020 11.000000
 1.000000  2.236068  8.062258
 1.000000 -4.000000  1.000000
 1.000000  3.162278  8.062258
 1.000000  1.414214  6.000000
 1.000000 -2.236068  2.236068
 1.000000  9.848858 14.000000
 1.000000  1.414214  5.000000
 1.000000  1.414214  5.000000
 1.000000  2.236068  5.000000
 1.000000  1.414214  4.123106
 1.000000 -1.000000  1.414214
 1.000000  7.071068  9.433981
 1.000000  2.000000  4.242641
 1.000000  2.236068  4.472136
 1.000000  5.830952  8.000000
 1.000000 10.000000 12.165525
 1.000000  6.000000  8.062258
 1.000000  2.236068  4.242641
 1.000000  1.000000  2.828427
 1.000000  2.236068  4.000000
 1.000000  4.000000  5.656854
 1.000000  2.828427  4.472136
 1.000000  7.615773  9.219544
 1.000000 10.000000 11.180340
 1.000000 11.045361 12.206556
 1.000000  2.000000  3.000000
 1.000000  7.000000  8.000000
 1.000000  3.000000  4.000000
 1.000000  1.000000  2.000000
 1.000000  4.000000  5.000000
 1.000000  3.000000  4.000000
 1.000000  6.082763  7.000000
 1.000000  4.242641  5.099020
 1.000000  2.000000  2.828427
 1.000000  1.414214  2.236068
 1.000000  1.414214  2.236068
 1.000000  2.236068  3.000000
 1.000000  2.236068  3.000000
 1.000000  4.242641  5.000000
 1.000000  4.242641  5.000000
 1.000000  5.385165  6.082763
 1.000000  6.403124  7.071068
 1.000000  6.403124  7.071068
 1.000000  6.403124  7.071068
 1.000000  7.615773  8.246211
 1.000000 10.000000 10.630146
 1.000000  3.000000  3.605551
 1.000000  6.403124  7.000000
 1.000000  2.236068  2.828427
 1.000000  2.236068  2.828427
 1.000000  2.236068  2.828427
 1.000000  2.236068  2.828427
 1.000000  2.236068  2.828427
 1.000000  2.236068  2.828427
 1.000000  2.236068  2.828427
 1.000000  1.414214  2.000000
 1.000000  6.708204  7.280110
 1.000000  4.472136  5.000000
 1.000000  4.472136  5.000000
 1.000000  4.472136  5.000000
 1.000000  4.472136  5.000000
 1.000000  4.472136  5.000000
 1.000000  4.472136  5.000000
 1.000000  4.472136  5.000000
 1.000000  9.486833 10.000000
 1.000000  8.062258  8.544004
 1.000000  7.615773  8.062258
 1.000000  7.615773  8.062258
 1.000000  7.615773  8.062258
 1.000000  5.385165  5.830952
 1.000000  5.385165  5.830952
 1.000000  5.385165  5.830952
 1.000000  3.162278  3.605551
 1.000000  3.162278  3.605551
 1.000000  3.162278  3.605551
 1.000000  3.162278  3.605551
 1.000000  3.162278  3.605551
 1.000000  3.162278  3.605551
 1.000000  3.162278  3.605551
 1.000000  3.162278  3.605551
 1.000000  3.162278  3.605551
 1.000000  1.000000  1.414214
 1.000000  1.000000  1.414214
 1.000000  1.000000  1.414214
 1.000000  1.000000  1.414214
 1.000000  1.000000  1.414214
 1.000000  1.000000  1.414214
 1.000000  1.000000  1.414214
 1.000000 10.770330 11.180340
 1.000000 10.770330 11.180340
 1.000000 10.770330 11.180340
 1.000000 10.770330 11.180340
 1.000000 10.770330 11.180340
 1.000000 10.770330 11.180340
 1.000000  7.211103  7.615773
 1.000000  7.211103  7.615773
 1.000000 11.000000 11.401754
 1.000000  8.544004  8.944272
 1.000000  3.605551  4.000000
 1.000000  3.605551  4.000000
 1.000000  3.605551  4.000000
 1.000000  3.605551  4.000000
 1.000000  3.605551  4.000000
 1.000000  3.605551  4.000000
 1.000000  3.605551  4.000000
 1.000000  5.000000  5.385165
 1.000000  6.708204  7.071068
 1.000000  4.123106  4.472136
 1.000000  4.123106  4.472136
 1.000000  4.123106  4.472136
 1.000000  4.123106  4.472136
 1.000000  7.280110  7.615773
 1.000000  7.280110  7.615773
 1.000000 10.295630 10.630146
 1.000000 10.295630 10.630146
 1.000000 10.295630 10.630146
 1.000000  6.000000  6.324555
 1.000000  6.403124  6.708204
 1.000000  6.403124  6.708204
 1.000000  6.403124  6.708204
 1.000000  6.403124  6.708204
 1.000000  6.403124  6.708204
 1.000000  6.403124  6.708204
 1.000000 10.000000 10.295630
 1.000000 11.704700 12.000000
 1.000000  5.099020  5.385165
 1.000000  5.099020  5.385165
 1.000000  5.099020  5.385165
 1.000000  5.099020  5.385165
 1.000000  7.000000  7.280110
 1.000000 12.369317 12.649111
 1.000000  8.944272  9.219544
 1.000000  9.219544  9.486833
 1.000000  7.810250  8.062258
 1.000000  7.810250  8.062258
 1.000000  7.810250  8.062258
 1.000000  7.810250  8.062258
 1.000000 10.198039 10.440307
 1.000000 10.198039 10.440307
 1.000000 10.198039 10.440307
 1.000000  6.082763  6.324555
 1.000000  6.082763  6.324555
 1.000000  8.246211  8.485281
 1.000000  8.246211  8.485281
 1.000000  8.246211  8.485281
 1.000000  2.000000  2.236068
 1.000000  2.000000  2.236068
 1.000000  2.000000  2.236068
 1.000000  2.000000  2.236068
 1.000000  2.000000  2.236068
 1.000000  2.000000  2.236068
 1.000000  2.000000  2.236068
 1.000000  2.000000  2.236068
 1.000000  2.000000  2.236068
 1.000000  2.000000  2.236068
 1.000000  2.000000  2.236068
 1.000000  2.000000  2.236068
 1.000000  2.000000  2.236068
 1.000000  2.000000  2.236068
 1.000000  4.242641  4.472136
 1.000000  4.242641  4.472136
 1.000000  7.000000  7.211103
 1.000000  7.071068  7.280110
 1.000000  7.071068  7.280110
 1.000000 12.165525 12.369317
 1.000000  7.615773  7.810250
 1.000000  7.615773  7.810250
 1.000000  8.062258  8.246211
 1.000000  5.656854  5.830952
 1.000000  2.828427  3.000000
 1.000000  2.828427  3.000000
 1.000000  2.828427  3.000000
 1.000000  3.000000  3.162278
 1.000000  3.000000  3.162278
 1.000000  3.000000  3.162278
 1.000000  3.000000  3.162278
 1.000000  3.000000  3.162278
 1.000000  3.000000  3.162278
 1.000000  9.848858 10.000000
 1.000000 10.630146 10.770330
 1.000000 10.630146 10.770330
 1.000000  7.071068  7.211103
 1.000000 14.422205 14.560220
 1.000000 11.180340 11.313708
 1.000000 15.132746 15.264338
 1.000000  4.000000  4.123106
 1.000000  4.000000  4.123106
 1.000000  4.000000  4.123106
 1.000000  4.000000  4.123106
 1.000000  4.123106  4.242641
 1.000000  4.123106  4.242641
 1.000000  8.944272  9.055385
 1.000000  5.000000  5.099020
 1.000000  5.000000  5.099020
 1.000000  5.000000  5.099020
 1.000000  6.000000  6.082763
 1.000000  6.000000  6.082763
 1.000000 12.083046 12.165525
 1.000000  6.324555  6.403124
 1.000000  8.000000  8.062258
 1.000000  8.000000  8.062258
 1.000000  9.000000  9.055385
 1.000000  9.000000  9.055385
 1.000000 10.000000 10.049876
 1.000000 10.000000 10.049876
 1.000000 10.000000 10.049876
 1.000000 10.770330 10.816654
 1.000000 11.000000 11.045361
 1.000000 11.000000 11.045361
 1.000000 12.000000 12.041595
 1.000000 13.000000 13.038405
 1.000000 13.000000 13.038405
 1.000000 13.000000 13.038405
 0.000000 -19.235384       inf
 0.000000 -18.867962  2.000000
 0.000000 -13.152946  1.414214
 0.000000 -13.000000 -1.000000
 0.000000 -13.000000 -2.000000
 0.000000 -9.000000  1.000000
 0.000000 -7.810250  2.000000
 0.000000 -16.124515 -7.000000
 0.000000 -6.082763  2.000000
 0.000000 -9.000000 -1.000000
 0.000000 -11.000000 -3.162278
 0.000000 -6.324555  1.414214
 0.000000 -10.198039 -2.828427
 0.000000 -5.000000  2.000000
 0.000000 -11.180340 -4.472136
 0.000000 -11.704700 -5.000000
 0.000000 -12.083046 -5.656854
 0.000000 -9.486833 -3.162278
 0.000000 -8.602325 -2.828427
 0.000000 -9.000000 -4.000000
 0.000000 -8.944272 -4.000000
 0.000000 -8.944272 -4.242641
 0.000000 -11.313708 -6.708204
 0.000000 -10.630146 -6.082763
 0.000000 -15.132746 -10.630146
 0.000000 -9.219544 -5.000000
 0.000000 -7.000000 -3.000000
 0.000000 -8.485281 -5.000000
 0.000000 -6.403124 -3.000000
 0.000000 -10.198039 -7.000000
 0.000000 -6.324555 -3.162278
 0.000000 -2.000000  1.000000
 0.000000 -9.486833 -6.708204
 0.000000 -10.816654 -8.062258
 0.000000 -9.486833 -7.000000
 0.000000 -8.485281 -6.000000
 0.000000 -6.324555 -4.000000
 0.000000 -11.401754 -9.219544
 0.000000 -10.000000 -8.062258
 0.000000 -6.324555 -4.472136
 0.000000 -9.848858 -8.000000
 0.000000 -9.000000 -7.211103
 0.000000 -9.219544 -7.615773
 0.000000 -8.602325 -7.071068
 0.000000 -7.810250 -6.403124
 0.000000 -8.485281 -7.280110
 0.000000 -8.246211 -7.071068
 0.000000 -11.000000 -9.848858
 0.000000 -10.630146 -9.486833
 0.000000 -10.295630 -9.219544
 0.000000 -6.000000 -5.000000
 0.000000 -9.055385 -8.062258
 0.000000 -10.440307 -9.486833
 0.000000 -8.944272 -8.000000
 0.000000 -8.944272 -8.000000
 0.000000 -8.944272 -8.000000
 0.000000 -6.324555 -5.385165
 0.000000 -7.211103 -6.324555
 0.000000 -9.486833 -8.602325
 0.000000 -8.944272 -8.062258
 0.000000 -15.000000 -14.142136
 0.000000 -7.810250 -7.000000
 0.000000 -8.062258 -7.280110
 0.000000 -7.071068 -6.403124
 0.000000 -9.848858 -9.219544
 0.000000 -6.708204 -6.082763
 0.000000 -10.816654 -10.198039
 0.000000 -6.403124 -5.830952
 0.000000 -10.000000 -9.433981
 0.000000 -7.615773 -7.071068
 0.000000 -7.615773 -7.071068
 0.000000 -8.062258 -7.615773
 0.000000 -10.440307 -10.000000
 0.000000 -8.485281 -8.062258
 0.000000 -7.615773 -7.211103
 0.000000 -6.403124 -6.000000
 0.000000 -12.083046 -11.704700
 0.000000 -9.848858 -9.486833
 0.000000 -9.848858 -9.486833
 0.000000 -12.000000 -11.661904
 0.000000 -7.615773 -7.280110
 0.000000 -7.000000 -6.708204
 0.000000 -12.369317 -12.083046
 0.000000 -8.062258 -7.810250
 0.000000 -8.062258 -7.810250
 0.000000 -10.440307 -10.198039
 0.000000 -11.000000 -10.770330
 0.000000 -9.219544 -9.000000
 0.000000 -9.219544 -9.000000
 0.000000 -7.280110 -7.071068
 0.000000 -7.810250 -7.615773
 0.000000 -8.246211 -8.062258
 0.000000 -8.246211 -8.062258
 0.000000 -14.317821 -14.142136
 0.000000 -17.262677 -17.088007
 0.000000 -5.830952 -5.656854
 0.000000 -9.219544 -9.055385
 0.000000 -12.369317 -12.206556
 0.000000 -10.440307 -10.295630
 0.000000 -7.211103 -7.071068
 0.000000 -7.211103 -7.071068
 0.000000 -7.211103 -7.071068
 0.000000 -7.211103 -7.071068
 0.000000 -7.211103 -7.071068
 0.000000 -7.211103 -7.071068
 0.000000 -4.123106 -4.000000
 0.000000 -5.099020 -5.000000
 0.000000 -10.295630 -10.198039
 0.000000 -10.295630 -10.198039
 0.000000 -11.401754 -11.313708
 0.000000 -6.403124 -6.324555
 0.000000 -7.280110 -7.211103
 0.000000 -8.062258 -8.000000
 0.000000 -8.544004 -8.485281
 0.000000 -9.486833 -9.433981
 0.000000 -10.049876 -10.000000
 0.000000 -10.049876 -10.000000
 0.000000 -12.206556 -12.165525
