 1.000000 -1.000000  7.211103
 1.000000  2.000000 10.000000
 1.000000  1.000000  8.246211
 1.000000 12.529964 19.646883
 1.000000 -5.000000  1.000000
 1.000000  4.000000  9.848858
 1.000000  2.828427  8.544004
 1.000000  4.000000  9.486833
 1.000000  5.830952 11.000000
 1.000000  3.162278  8.246211
 1.000000  4.472136  9.055385
 1.000000  7.000000 10.630146
 1.000000  2.828427  6.324555
 1.000000  4.000000  7.280110
 1.000000  2.828427  5.656854
 1.000000  7.615773 10.440307
 1.000000 -1.414214  1.000000
 1.000000  4.123106  6.324555
 1.000000  5.099020  7.280110
 1.000000  3.000000  5.099020
 1.000000  2.000000  4.000000
 1.000000  5.000000  7.000000
 1.000000  4.472136  6.403124
 1.000000  6.403124  8.246211
 1.000000  5.385165  7.000000
 1.000000  2.236068  3.605551
 1.000000  5.000000  6.324555
 1.000000  8.602325  9.899495
 1.000000  3.000000  4.242641
 1.000000  1.000000  2.236068
 1.000000  4.000000  5.099020
 1.000000  5.000000  6.082763
 1.000000  3.000000  4.000000
 1.000000  4.000000  5.000000
 1.000000  3.000000  4.000000
 1.000000  1.000000  2.000000
 1.000000  4.000000  5.000000
 1.000000  9.219544 10.198039
 1.000000  4.123106  5.000000
 1.000000  4.123106  5.000000
 1.000000  3.162278  4.000000
 1.000000  5.000000  5.830952
 1.000000  2.000000  2.828427
 1.000000  2.000000  2.828427
 1.000000  1.414214  2.236068
 1.000000  1.414214  2.236068
 1.000000  2.828427  3.605551
 1.000000  2.828427  3.605551
 1.000000  2.828427  3.605551
 1.000000  2.828427  3.605551
 1.000000  2.828427  3.605551
 1.000000  2.828427  3.605551
 1.000000  4.242641  5.000000
 1.000000  5.099020  5.830952
 1.000000  9.899495 10.630146
 1.000000  9.899495 10.630146
 1.000000  6.403124  7.071068
 1.000000  6.403124  7.071068
 1.000000  5.000000  5.656854
 1.000000  5.000000  5.656854
 1.000000  3.605551  4.242641
 1.000000  3.605551  4.242641
 1.000000  3.605551  4.242641
 1.000000 10.000000 10.630146
 1.000000  9.219544  9.848858
 1.000000  6.082763  6.708204
 1.000000  3.000000  3.605551
 1.000000  2.236068  2.828427
 1.000000  2.236068  2.828427
 1.000000  2.236068  2.828427
 1.000000  2.236068  2.828427
 1.000000  2.236068  2.828427
 1.000000  2.236068  2.828427
 1.000000  1.414214  2.000000
 1.000000  1.414214  2.000000
 1.000000  1.414214  2.000000
 1.000000  1.414214  2.000000
 1.000000  1.414214  2.000000
 1.000000  1.414214  2.000000
 1.000000  1.414214  2.000000
 1.000000  8.000000  8.544004
 1.000000  4.472136  5.000000
 1.000000  4.472136  5.000000
 1.000000  4.472136  5.000000
 1.000000  4.472136  5.000000
 1.000000  4.472136  5.000000
 1.000000  4.472136  5.000000
 1.000000  4.472136  5.000000
 1.000000  4.472136  5.000000
 1.000000  4.472136  5.000000
 1.000000  3.605551  4.123106
 1.000000  3.605551  4.123106
 1.000000  6.708204  7.211103
 1.000000  8.944272  9.433981
 1.000000  8.944272  9.433981
 1.000000 12.529964 13.000000
 1.000000 12.529964 13.000000
 1.000000  9.433981  9.899495
 1.000000  9.433981  9.899495
 1.000000 13.000000 13.453624
 1.000000  5.385165  5.830952
 1.000000  3.162278  3.605551
 1.000000  3.162278  3.605551
 1.000000  3.162278  3.605551
 1.000000  3.162278  3.605551
 1.000000  3.162278  3.605551
 1.000000  3.162278  3.605551
 1.000000  3.162278  3.605551
 1.000000  8.062258  8.485281
 1.000000 15.231546 15.652476
 1.000000 13.000000 13.416408
 1.000000  8.544004  8.944272
 1.000000  3.605551  4.000000
 1.000000  3.605551  4.000000
 1.000000  5.000000  5.385165
 1.000000  6.708204  7.071068
 1.000000  9.486833  9.848858
 1.000000  9.486833  9.848858
 1.000000  4.123106  4.472136
 1.000000  4.123106  4.472136
 1.000000 15.811388 16.155494
 1.000000  8.602325  8.944272
 1.000000  7.280110  7.615773
 1.000000  7.280110  7.615773
 1.000000  2.828427  3.162278
 1.000000  2.828427  3.162278
 1.000000 12.727922 13.038405
 1.000000 12.727922 13.038405
 1.000000  6.403124  6.708204
 1.000000  6.403124  6.708204
 1.000000  6.403124  6.708204
 1.000000  6.403124  6.708204
 1.000000 10.000000 10.295630
 1.000000  6.708204  7.000000
 1.000000  5.099020  5.385165
 1.000000  5.099020  5.385165
 1.000000  5.099020  5.385165
 1.000000  5.099020  5.385165
 1.000000  5.099020  5.385165
 1.000000  5.099020  5.385165
 1.000000  5.385165  5.656854
 1.000000  5.385165  5.656854
 1.000000  5.385165  5.656854
 1.000000  5.385165  5.656854
 1.000000 16.492423 16.763055
 1.000000 14.764823 15.033296
 1.000000  7.810250  8.062258
 1.000000 14.317821 14.560220
 1.000000  6.082763  6.324555
 1.000000  8.246211  8.485281
 1.000000  2.000000  2.236068
 1.000000  2.000000  2.236068
 1.000000  2.000000  2.236068
 1.000000  2.000000  2.236068
 1.000000  2.000000  2.236068
 1.000000  2.000000  2.236068
 1.000000  2.000000  2.236068
 1.000000  2.000000  2.236068
 1.000000 12.806248 13.038405
 1.000000  4.242641  4.472136
 1.000000  9.219544  9.433981
 1.000000  9.219544  9.433981
 1.000000  7.071068  7.280110
 1.000000 17.262677 17.464249
 1.000000 10.000000 10.198039
 1.000000 13.152946 13.341664
 1.000000  8.062258  8.246211
 1.000000  8.062258  8.246211
 1.000000  8.062258  8.246211
 1.000000  5.656854  5.830952
 1.000000  3.000000  3.162278
 1.000000  3.000000  3.162278
 1.000000  3.000000  3.162278
 1.000000  3.000000  3.162278
 1.000000  3.000000  3.162278
 1.000000  3.000000  3.162278
 1.000000  3.000000  3.162278
 1.000000  3.000000  3.162278
 1.000000  3.000000  3.162278
 1.000000 13.000000 13.152946
 1.000000 13.453624 13.601471
 1.000000  7.071068  7.211103
 1.000000 18.110770 18.248288
 1.000000  4.000000  4.123106
 1.000000  4.000000  4.123106
 1.000000  4.000000  4.123106
 1.000000  4.000000  4.123106
 1.000000  4.000000  4.123106
 1.000000  4.000000  4.123106
 1.000000  4.000000  4.123106
 1.000000  4.123106  4.242641
 1.000000  4.123106  4.242641
 1.000000  4.123106  4.242641
 1.000000  4.123106  4.242641
 1.000000 15.033296 15.132746
 1.000000  5.000000  5.099020
 1.000000  5.000000  5.099020
 1.000000  5.000000  5.099020
 1.000000  5.000000  5.099020
 1.000000  5.000000  5.099020
 1.000000  5.000000  5.099020
 1.000000 10.198039 10.295630
 1.000000  6.000000  6.082763
 1.000000  6.000000  6.082763
 1.000000  6.000000  6.082763
 1.000000  6.000000  6.082763
 1.000000  6.000000  6.082763
 1.000000  6.000000  6.082763
 1.000000  6.000000  6.082763
 1.000000  6.000000  6.082763
 1.000000 12.649111 12.727922
 1.000000  6.324555  6.403124
 1.000000  6.324555  6.403124
 1.000000 12.727922 12.806248
 1.000000 14.142136 14.212670
 1.000000  7.211103  7.280110
 1.000000  7.211103  7.280110
 1.000000  8.000000  8.062258
 1.000000  8.485281  8.544004
 1.000000  9.000000  9.055385
 1.000000  9.848858  9.899495
 1.000000  9.848858  9.899495
 1.000000 10.000000 10.049876
 1.000000 12.000000 12.041595
 1.000000 14.000000 14.035669
 0.000000 -19.026298       inf
 0.000000 -16.278821  1.414214
 0.000000 -13.000000  1.414214
 0.000000 -15.000000 -1.000000
 0.000000 -10.816654  3.000000
 0.000000 -13.038405 -2.236068
 0.000000 -11.401754 -1.000000
 0.000000 -5.830952  4.242641
 0.000000 -9.000000  1.000000
 0.000000 -13.892444 -4.000000
 0.000000 -5.656854  3.605551
 0.000000 -6.000000  3.162278
 0.000000 -12.041595 -3.000000
 0.000000 -5.385165  3.605551
 0.000000 -6.403124  2.000000
 0.000000 -12.206556 -4.242641
 0.000000 -6.000000  1.414214
 0.000000 -11.000000 -3.605551
 0.000000 -2.828427  4.123106
 0.000000 -3.605551  2.828427
 0.000000 -5.385165  1.000000
 0.000000 -8.544004 -2.236068
 0.000000 -10.049876 -4.000000
 0.000000 -12.041595 -6.082763
 0.000000 -9.899495 -4.000000
 0.000000 -12.083046 -6.403124
 0.000000 -9.055385 -3.605551
 0.000000 -10.198039 -5.000000
 0.000000 -11.313708 -6.324555
 0.000000 -10.440307 -6.403124
 0.000000 -2.000000  2.000000
 0.000000 -7.615773 -4.000000
 0.000000 -7.810250 -4.472136
 0.000000 -8.944272 -5.656854
 0.000000 -13.928388 -11.045361
 0.000000 -6.324555 -3.605551
 0.000000 -9.000000 -6.324555
 0.000000 -11.180340 -8.544004
 0.000000 -9.899495 -7.280110
 0.000000 -7.000000 -4.472136
 0.000000 -8.485281 -6.000000
 0.000000 -10.295630 -8.062258
 0.000000 -5.830952 -3.605551
 0.000000 -6.324555 -4.242641
 0.000000 -8.062258 -6.000000
 0.000000 -7.000000 -5.000000
 0.000000 -9.219544 -7.280110
 0.000000 -5.830952 -4.242641
 0.000000 -6.324555 -5.000000
 0.000000 -10.295630 -9.000000
 0.000000 -6.082763 -5.000000
 0.000000 -8.062258 -7.000000
 0.000000 -9.000000 -8.000000
 0.000000 -8.000000 -7.280110
 0.000000 -12.369317 -11.661904
 0.000000 -9.219544 -8.544004
 0.000000 -12.727922 -12.083046
 0.000000 -12.041595 -11.401754
 0.000000 -9.848858 -9.219544
 0.000000 -19.026298 -18.439089
 0.000000 -9.486833 -8.944272
 0.000000 -13.892444 -13.416408
 0.000000 -12.041595 -11.661904
 0.000000 -8.944272 -8.602325
 0.000000 -12.000000 -11.661904
 0.000000 -7.615773 -7.280110
 0.000000 -6.708204 -6.403124
 0.000000 -12.000000 -11.704700
 0.000000 -12.369317 -12.083046
 0.000000 -12.369317 -12.083046
 0.000000 -6.082763 -5.830952
 0.000000 -9.219544 -9.000000
 0.000000 -9.433981 -9.219544
 0.000000 -9.433981 -9.219544
 0.000000 -14.764823 -14.560220
 0.000000 -11.180340 -11.045361
 0.000000 -4.123106 -4.000000
 0.000000 -4.123106 -4.000000
 0.000000 -9.055385 -8.944272
 0.000000 -5.099020 -5.000000
 0.000000 -5.099020 -5.000000
 0.000000 -6.082763 -6.000000
 0.000000 -6.082763 -6.000000
 0.000000 -7.280110 -7.211103
 0.000000 -8.062258 -8.000000
 0.000000 -8.602325 -8.544004
 0.000000 -12.083046 -12.041595
 0.000000 -12.083046 -12.041595
