 1.000000  2.828427 16.031220
 1.000000 -2.828427  9.219544
 1.000000  2.828427 13.000000
 1.000000 -3.605551  5.000000
 1.000000  3.605551 12.206556
 1.000000 -2.236068  5.000000
 1.000000 -3.605551  3.605551
 1.000000 -3.000000  3.605551
 1.000000 -4.000000  2.000000
 1.000000 -5.000000  1.000000
 1.000000 -3.000000  2.828427
 1.000000  1.000000  6.324555
 1.000000  5.000000 10.000000
 1.000000 -3.000000  1.414214
 1.000000  3.605551  8.000000
 1.000000  2.828427  7.211103
 1.000000 -3.162278  1.000000
 1.000000  3.162278  7.211103
 1.000000  4.472136  8.485281
 1.000000  3.605551  7.615773
 1.000000 -3.000000  1.000000
 1.000000  4.000000  7.810250
 1.000000  3.605551  7.211103
 1.000000  9.433981 13.000000
 1.000000 -1.000000  2.236068
 1.000000  6.000000  8.485281
 1.000000 -1.000000  1.414214
 1.000000  7.071068  9.433981
 1.000000  5.000000  7.071068
 1.000000  3.000000  5.000000
 1.000000  4.472136  6.000000
 1.000000  6.324555  7.810250
 1.000000  2.828427  4.123106
 1.000000  2.828427  4.123106
 1.000000  7.810250  9.055385
 1.000000  1.000000  2.000000
 1.000000  5.099020  6.000000
 1.000000  6.403124  7.280110
 1.000000  1.414214  2.236068
 1.000000  1.414214  2.236068
 1.000000 11.180340 12.000000
 1.000000  9.219544 10.000000
 1.000000  2.828427  3.605551
 1.000000  2.828427  3.605551
 1.000000  2.828427  3.605551
 1.000000  2.828427  3.605551
 1.000000  2.828427  3.605551
 1.000000  2.828427  3.605551
 1.000000  2.828427  3.605551
 1.000000  4.242641  5.000000
 1.000000  4.242641  5.000000
 1.000000  7.810250  8.485281
 1.000000  5.000000  5.656854
 1.000000  3.605551  4.242641
 1.000000  3.605551  4.242641
 1.000000  3.605551  4.242641
 1.000000  3.605551  4.242641
 1.000000  3.605551  4.242641
 1.000000  3.605551  4.242641
 1.000000  8.602325  9.219544
 1.000000  8.602325  9.219544
 1.000000  3.000000  3.605551
 1.000000  2.236068  2.828427
 1.000000  2.236068  2.828427
 1.000000  2.236068  2.828427
 1.000000  2.236068  2.828427
 1.000000  2.236068  2.828427
 1.000000  2.236068  2.828427
 1.000000  1.414214  2.000000
 1.000000  1.414214  2.000000
 1.000000  1.414214  2.000000
 1.000000 10.198039 10.770330
 1.000000  4.472136  5.000000
 1.000000  4.472136  5.000000
 1.000000  4.472136  5.000000
 1.000000  4.472136  5.000000
 1.000000  4.472136  5.000000
 1.000000  4.472136  5.000000
 1.000000  4.472136  5.000000
 1.000000  4.472136  5.000000
 1.000000  4.472136  5.000000
 1.000000  4.472136  5.000000
 1.000000  4.472136  5.000000
 1.000000  3.605551  4.123106
 1.000000  3.605551  4.123106
 1.000000  3.605551  4.123106
 1.000000  3.605551  4.123106
 1.000000  3.605551  4.123106
 1.000000  6.708204  7.211103
 1.000000  9.433981  9.899495
 1.000000  9.433981  9.899495
 1.000000  5.385165  5.830952
 1.000000  5.385165  5.830952
 1.000000  3.162278  3.605551
 1.000000  3.162278  3.605551
 1.000000  3.162278  3.605551
 1.000000  3.162278  3.605551
 1.000000  3.162278  3.605551
 1.000000  3.162278  3.605551
 1.000000  3.162278  3.605551
 1.000000  3.162278  3.605551
 1.000000  3.162278  3.605551
 1.000000  3.162278  3.605551
 1.000000  3.162278  3.605551
 1.000000  3.162278  3.605551
 1.000000  8.062258  8.485281
 1.000000  9.433981  9.848858
 1.000000  1.000000  1.414214
 1.000000  8.544004  8.944272
 1.000000  3.605551  4.000000
 1.000000  3.605551  4.000000
 1.000000  5.000000  5.385165
 1.000000  5.000000  5.385165
 1.000000  5.000000  5.385165
 1.000000  5.000000  5.385165
 1.000000  6.324555  6.708204
 1.000000  6.324555  6.708204
 1.000000  6.324555  6.708204
 1.000000  6.708204  7.071068
 1.000000  6.708204  7.071068
 1.000000  6.708204  7.071068
 1.000000  9.486833  9.848858
 1.000000  9.486833  9.848858
 1.000000  9.486833  9.848858
 1.000000  4.123106  4.472136
 1.000000  4.123106  4.472136
 1.000000  4.123106  4.472136
 1.000000  4.123106  4.472136
 1.000000  4.123106  4.472136
 1.000000  8.602325  8.944272
 1.000000  8.602325  8.944272
 1.000000  2.828427  3.162278
 1.000000  2.828427  3.162278
 1.000000  2.828427  3.162278
 1.000000  2.828427  3.162278
 1.000000  2.828427  3.162278
 1.000000  2.828427  3.162278
 1.000000 13.601471 13.928388
 1.000000  6.403124  6.708204
 1.000000  9.899495 10.198039
 1.000000  9.899495 10.198039
 1.000000  8.246211  8.544004
 1.000000  5.099020  5.385165
 1.000000  5.099020  5.385165
 1.000000  5.099020  5.385165
 1.000000  5.099020  5.385165
 1.000000  5.099020  5.385165
 1.000000  5.099020  5.385165
 1.000000  5.099020  5.385165
 1.000000  5.099020  5.385165
 1.000000  8.944272  9.219544
 1.000000  5.385165  5.656854
 1.000000  5.385165  5.656854
 1.000000  5.385165  5.656854
 1.000000  9.219544  9.486833
 1.000000  7.810250  8.062258
 1.000000  7.810250  8.062258
 1.000000  7.810250  8.062258
 1.000000  5.830952  6.082763
 1.000000  6.082763  6.324555
 1.000000  6.082763  6.324555
 1.000000  6.082763  6.324555
 1.000000  6.082763  6.324555
 1.000000  8.246211  8.485281
 1.000000  8.246211  8.485281
 1.000000  2.000000  2.236068
 1.000000  2.000000  2.236068
 1.000000  2.000000  2.236068
 1.000000  2.000000  2.236068
 1.000000  2.000000  2.236068
 1.000000 10.770330 11.000000
 1.000000  4.242641  4.472136
 1.000000  4.242641  4.472136
 1.000000  4.242641  4.472136
 1.000000  4.242641  4.472136
 1.000000  4.242641  4.472136
 1.000000  4.242641  4.472136
 1.000000  4.242641  4.472136
 1.000000  7.071068  7.280110
 1.000000  7.071068  7.280110
 1.000000  7.615773  7.810250
 1.000000 10.440307 10.630146
 1.000000 10.440307 10.630146
 1.000000  2.828427  3.000000
 1.000000  5.830952  6.000000
 1.000000  5.830952  6.000000
 1.000000  5.830952  6.000000
 1.000000  3.000000  3.162278
 1.000000  3.000000  3.162278
 1.000000  3.000000  3.162278
 1.000000  3.000000  3.162278
 1.000000  3.000000  3.162278
 1.000000  3.000000  3.162278
 1.000000  3.000000  3.162278
 1.000000  3.000000  3.162278
 1.000000  3.000000  3.162278
 1.000000  3.000000  3.162278
 1.000000  3.000000  3.162278
 1.000000  3.000000  3.162278
 1.000000  9.848858 10.000000
 1.000000 10.049876 10.198039
 1.000000 11.045361 11.180340
 1.000000 11.045361 11.180340
 1.000000  4.000000  4.123106
 1.000000  4.000000  4.123106
 1.000000  4.000000  4.123106
 1.000000  4.000000  4.123106
 1.000000  4.000000  4.123106
 1.000000  4.000000  4.123106
 1.000000  4.000000  4.123106
 1.000000  4.000000  4.123106
 1.000000  4.000000  4.123106
 1.000000  4.000000  4.123106
 1.000000  4.000000  4.123106
 1.000000  4.000000  4.123106
 1.000000  4.123106  4.242641
 1.000000  4.123106  4.242641
 1.000000  4.123106  4.242641
 1.000000  4.123106  4.242641
 1.000000  4.123106  4.242641
 1.000000  4.123106  4.242641
 1.000000  4.123106  4.242641
 1.000000 14.317821 14.422205
 1.000000  5.000000  5.099020
 1.000000  5.000000  5.099020
 1.000000  5.000000  5.099020
 1.000000 11.313708 11.401754
 1.000000  6.000000  6.082763
 1.000000  6.000000  6.082763
 1.000000  6.000000  6.082763
 1.000000  6.324555  6.403124
 1.000000 13.341664 13.416408
 1.000000  7.000000  7.071068
 1.000000 10.000000 10.049876
 1.000000 10.000000 10.049876
 1.000000 16.000000 16.031220
 0.000000 -14.000000       inf
 0.000000 -13.453624  2.828427
 0.000000 -9.433981  2.828427
 0.000000 -9.848858  2.236068
 0.000000 -11.000000  1.000000
 0.000000 -13.928388 -3.605551
 0.000000 -6.082763  4.000000
 0.000000 -7.071068  2.000000
 0.000000 -6.000000  3.000000
 0.000000 -11.180340 -3.000000
 0.000000 -3.162278  5.000000
 0.000000 -5.099020  3.000000
 0.000000 -12.041595 -4.000000
 0.000000 -11.704700 -4.000000
 0.000000 -8.944272 -1.414214
 0.000000 -12.041595 -5.000000
 0.000000 -4.472136  2.236068
 0.000000 -9.219544 -3.000000
 0.000000 -12.041595 -6.403124
 0.000000 -9.486833 -4.000000
 0.000000 -11.180340 -5.830952
 0.000000 -13.892444 -8.544004
 0.000000 -10.630146 -5.385165
 0.000000 -8.000000 -2.828427
 0.000000 -6.000000 -2.000000
 0.000000 -10.295630 -6.324555
 0.000000 -11.180340 -7.615773
 0.000000 -9.219544 -6.000000
 0.000000 -10.000000 -7.000000
 0.000000 -9.000000 -6.082763
 0.000000 -8.000000 -5.099020
 0.000000 -8.602325 -5.830952
 0.000000 -11.180340 -8.544004
 0.000000 -8.944272 -6.403124
 0.000000 -6.082763 -3.605551
 0.000000 -6.000000 -3.605551
 0.000000 -8.000000 -5.656854
 0.000000 -10.440307 -8.246211
 0.000000 -7.810250 -6.000000
 0.000000 -8.602325 -7.071068
 0.000000 -9.486833 -8.062258
 0.000000 -6.403124 -5.000000
 0.000000 -6.708204 -5.385165
 0.000000 -9.219544 -8.062258
 0.000000 -10.000000 -8.944272
 0.000000 -7.000000 -6.000000
 0.000000 -9.000000 -8.000000
 0.000000 -8.944272 -8.000000
 0.000000 -7.000000 -6.082763
 0.000000 -6.708204 -5.830952
 0.000000 -10.295630 -9.486833
 0.000000 -8.602325 -7.810250
 0.000000 -10.000000 -9.219544
 0.000000 -11.401754 -10.630146
 0.000000 -10.770330 -10.000000
 0.000000 -7.071068 -6.324555
 0.000000 -7.071068 -6.324555
 0.000000 -9.219544 -8.485281
 0.000000 -6.324555 -5.656854
 0.000000 -9.219544 -8.602325
 0.000000 -7.615773 -7.000000
 0.000000 -6.000000 -5.385165
 0.000000 -7.810250 -7.211103
 0.000000 -6.403124 -5.830952
 0.000000 -7.615773 -7.071068
 0.000000 -9.055385 -8.544004
 0.000000 -6.324555 -5.830952
 0.000000 -9.433981 -8.944272
 0.000000 -9.000000 -8.544004
 0.000000 -10.295630 -9.848858
 0.000000 -8.485281 -8.062258
 0.000000 -7.615773 -7.211103
 0.000000 -7.615773 -7.211103
 0.000000 -9.000000 -8.602325
 0.000000 -8.000000 -7.615773
 0.000000 -6.708204 -6.324555
 0.000000 -6.708204 -6.324555
 0.000000 -6.708204 -6.324555
 0.000000 -9.433981 -9.055385
 0.000000 -9.848858 -9.486833
 0.000000 -9.848858 -9.486833
 0.000000 -6.000000 -5.656854
 0.000000 -8.944272 -8.602325
 0.000000 -8.944272 -8.602325
 0.000000 -7.615773 -7.280110
 0.000000 -7.615773 -7.280110
 0.000000 -6.403124 -6.082763
 0.000000 -6.708204 -6.403124
 0.000000 -6.708204 -6.403124
 0.000000 -6.708204 -6.403124
 0.000000 -8.544004 -8.246211
 0.000000 -8.544004 -8.246211
 0.000000 -8.544004 -8.246211
 0.000000 -12.369317 -12.083046
 0.000000 -12.369317 -12.083046
 0.000000 -5.385165 -5.099020
 0.000000 -5.385165 -5.099020
 0.000000 -8.062258 -7.810250
 0.000000 -4.242641 -4.000000
 0.000000 -6.324555 -6.082763
 0.000000 -6.324555 -6.082763
 0.000000 -9.433981 -9.219544
 0.000000 -9.433981 -9.219544
 0.000000 -8.246211 -8.062258
 0.000000 -8.246211 -8.062258
 0.000000 -8.246211 -8.062258
 0.000000 -11.180340 -11.000000
 0.000000 -5.830952 -5.656854
 0.000000 -5.830952 -5.656854
 0.000000 -3.162278 -3.000000
 0.000000 -10.198039 -10.049876
 0.000000 -13.601471 -13.453624
 0.000000 -7.211103 -7.071068
 0.000000 -4.123106 -4.000000
 0.000000 -8.602325 -8.485281
 0.000000 -10.000000 -9.899495
 0.000000 -6.082763 -6.000000
 0.000000 -6.082763 -6.000000
 0.000000 -6.082763 -6.000000
 0.000000 -7.071068 -7.000000
 0.000000 -7.280110 -7.211103
 0.000000 -7.280110 -7.211103
 0.000000 -8.062258 -8.000000
 0.000000 -8.062258 -8.000000
 0.000000 -8.544004 -8.485281
 0.000000 -8.544004 -8.485281
 0.000000 -8.602325 -8.544004
 0.000000 -9.055385 -9.000000
 0.000000 -9.486833 -9.433981
 0.000000 -10.049876 -10.000000
 0.000000 -10.049876 -10.000000
 0.000000 -10.049876 -10.000000
 0.000000 -13.038405 -13.000000
