 1.000000  2.000000 16.000000
 1.000000 -2.828427  9.486833
 1.000000 -5.385165  1.000000
 1.000000  1.000000  6.403124
 1.000000  3.605551  9.000000
 1.000000  1.000000  6.324555
 1.000000 -2.236068  3.000000
 1.000000  4.472136  9.486833
 1.000000  7.211103 12.165525
 1.000000  2.000000  6.708204
 1.000000  4.242641  8.485281
 1.000000 -3.162278  1.000000
 1.000000  2.236068  6.324555
 1.000000 -3.000000  1.000000
 1.000000 -2.236068  1.414214
 1.000000  7.000000 10.049876
 1.000000  2.000000  5.000000
 1.000000  5.000000  7.810250
 1.000000  2.236068  5.000000
 1.000000  1.000000  3.605551
 1.000000 15.000000 17.464249
 1.000000  7.810250 10.198039
 1.000000  3.605551  5.830952
 1.000000  3.162278  5.385165
 1.000000  2.000000  4.123106
 1.000000  5.000000  7.071068
 1.000000  6.000000  8.062258
 1.000000  4.000000  6.000000
 1.000000  5.000000  7.000000
 1.000000  5.000000  7.000000
 1.000000  1.000000  2.828427
 1.000000  8.246211 10.000000
 1.000000  2.000000  3.605551
 1.000000  2.000000  3.605551
 1.000000  8.485281 10.000000
 1.000000  5.656854  7.071068
 1.000000  5.000000  6.403124
 1.000000  1.000000  2.000000
 1.000000  4.000000  5.000000
 1.000000  4.000000  5.000000
 1.000000  4.000000  5.000000
 1.000000  5.385165  6.324555
 1.000000  2.236068  3.162278
 1.000000  6.708204  7.615773
 1.000000  4.123106  5.000000
 1.000000  5.000000  5.830952
 1.000000  2.828427  3.605551
 1.000000  2.828427  3.605551
 1.000000  2.828427  3.605551
 1.000000  2.236068  3.000000
 1.000000  5.656854  6.403124
 1.000000  5.385165  6.082763
 1.000000 10.630146 11.313708
 1.000000  8.544004  9.219544
 1.000000  7.810250  8.485281
 1.000000  7.810250  8.485281
 1.000000  7.810250  8.485281
 1.000000  7.810250  8.485281
 1.000000  3.605551  4.242641
 1.000000  3.605551  4.242641
 1.000000  3.605551  4.242641
 1.000000  9.219544  9.848858
 1.000000  7.211103  7.810250
 1.000000  2.236068  2.828427
 1.000000  2.236068  2.828427
 1.000000  2.236068  2.828427
 1.000000  2.236068  2.828427
 1.000000  2.236068  2.828427
 1.000000  2.236068  2.828427
 1.000000  2.236068  2.828427
 1.000000  2.236068  2.828427
 1.000000  2.236068  2.828427
 1.000000  1.414214  2.000000
 1.000000  1.414214  2.000000
 1.000000  1.414214  2.000000
 1.000000  1.414214  2.000000
 1.000000  1.414214  2.000000
 1.000000  5.830952  6.403124
 1.000000  5.830952  6.403124
 1.000000  5.830952  6.403124
 1.000000  7.071068  7.615773
 1.000000  7.071068  7.615773
 1.000000  8.062258  8.602325
 1.000000  4.472136  5.000000
 1.000000  4.472136  5.000000
 1.000000  4.472136  5.000000
 1.000000  4.472136  5.000000
 1.000000  4.472136  5.000000
 1.000000  4.472136  5.000000
 1.000000  4.472136  5.000000
 1.000000  4.472136  5.000000
 1.000000  4.472136  5.000000
 1.000000  3.605551  4.123106
 1.000000  3.605551  4.123106
 1.000000  3.605551  4.123106
 1.000000  6.708204  7.211103
 1.000000 10.816654 11.313708
 1.000000  5.830952  6.324555
 1.000000  5.830952  6.324555
 1.000000  5.830952  6.324555
 1.000000  5.830952  6.324555
 1.000000  8.944272  9.433981
 1.000000  8.944272  9.433981
 1.000000  9.000000  9.486833
 1.000000  7.615773  8.062258
 1.000000  7.615773  8.062258
 1.000000  7.615773  8.062258
 1.000000  7.615773  8.062258
 1.000000  5.385165  5.830952
 1.000000  5.385165  5.830952
 1.000000  3.162278  3.605551
 1.000000  3.162278  3.605551
 1.000000  3.162278  3.605551
 1.000000  8.062258  8.485281
 1.000000  8.062258  8.485281
 1.000000  1.000000  1.414214
 1.000000  1.000000  1.414214
 1.000000  1.000000  1.414214
 1.000000  1.000000  1.414214
 1.000000  1.000000  1.414214
 1.000000  1.000000  1.414214
 1.000000  1.000000  1.414214
 1.000000  7.211103  7.615773
 1.000000  7.211103  7.615773
 1.000000  7.211103  7.615773
 1.000000  7.211103  7.615773
 1.000000  7.211103  7.615773
 1.000000  8.544004  8.944272
 1.000000  8.544004  8.944272
 1.000000  8.544004  8.944272
 1.000000  8.544004  8.944272
 1.000000  3.605551  4.000000
 1.000000  3.605551  4.000000
 1.000000  5.000000  5.385165
 1.000000  5.000000  5.385165
 1.000000  5.000000  5.385165
 1.000000  6.324555  6.708204
 1.000000 11.704700 12.083046
 1.000000 10.630146 11.000000
 1.000000  9.486833  9.848858
 1.000000  9.486833  9.848858
 1.000000  4.123106  4.472136
 1.000000  4.123106  4.472136
 1.000000  4.123106  4.472136
 1.000000  5.656854  6.000000
 1.000000  8.602325  8.944272
 1.000000  8.602325  8.944272
 1.000000  8.602325  8.944272
 1.000000  2.828427  3.162278
 1.000000  2.828427  3.162278
 1.000000  2.828427  3.162278
 1.000000  2.828427  3.162278
 1.000000  6.000000  6.324555
 1.000000 14.560220 14.866069
 1.000000 14.560220 14.866069
 1.000000  6.403124  6.708204
 1.000000  6.403124  6.708204
 1.000000  6.403124  6.708204
 1.000000  8.246211  8.544004
 1.000000  8.246211  8.544004
 1.000000  8.246211  8.544004
 1.000000  8.246211  8.544004
 1.000000  5.099020  5.385165
 1.000000  5.099020  5.385165
 1.000000  5.099020  5.385165
 1.000000  5.099020  5.385165
 1.000000  8.944272  9.219544
 1.000000  5.385165  5.656854
 1.000000  5.385165  5.656854
 1.000000  5.385165  5.656854
 1.000000  9.219544  9.486833
 1.000000 11.401754 11.661904
 1.000000 11.401754 11.661904
 1.000000  7.810250  8.062258
 1.000000  7.810250  8.062258
 1.000000  5.830952  6.082763
 1.000000  5.830952  6.082763
 1.000000  8.000000  8.246211
 1.000000  6.082763  6.324555
 1.000000  6.082763  6.324555
 1.000000  2.000000  2.236068
 1.000000  2.000000  2.236068
 1.000000  2.000000  2.236068
 1.000000  2.000000  2.236068
 1.000000  2.000000  2.236068
 1.000000  4.242641  4.472136
 1.000000  9.219544  9.433981
 1.000000  7.615773  7.810250
 1.000000  7.615773  7.810250
 1.000000  7.615773  7.810250
 1.000000  8.062258  8.246211
 1.000000  8.062258  8.246211
 1.000000  8.062258  8.246211
 1.000000  8.062258  8.246211
 1.000000  5.656854  5.830952
 1.000000  5.656854  5.830952
 1.000000  2.828427  3.000000
 1.000000  2.828427  3.000000
 1.000000 15.132746 15.297059
 1.000000 15.132746 15.297059
 1.000000  9.055385  9.219544
 1.000000  9.055385  9.219544
 1.000000  3.000000  3.162278
 1.000000  3.000000  3.162278
 1.000000  3.000000  3.162278
 1.000000  3.000000  3.162278
 1.000000  3.000000  3.162278
 1.000000  3.000000  3.162278
 1.000000 12.369317 12.529964
 1.000000  7.071068  7.211103
 1.000000  7.071068  7.211103
 1.000000  7.071068  7.211103
 1.000000  7.071068  7.211103
 1.000000  7.071068  7.211103
 1.000000 11.180340 11.313708
 1.000000  4.000000  4.123106
 1.000000  4.000000  4.123106
 1.000000  4.000000  4.123106
 1.000000  4.000000  4.123106
 1.000000  4.000000  4.123106
 1.000000  4.000000  4.123106
 1.000000  4.000000  4.123106
 1.000000  4.000000  4.123106
 1.000000  4.123106  4.242641
 1.000000  4.123106  4.242641
 1.000000  4.123106  4.242641
 1.000000  4.123106  4.242641
 1.000000  8.485281  8.602325
 1.000000  8.485281  8.602325
 1.000000  8.485281  8.602325
 1.000000  8.485281  8.602325
 1.000000 15.033296 15.132746
 1.000000  5.000000  5.099020
 1.000000  5.000000  5.099020
 1.000000  5.000000  5.099020
 1.000000  5.000000  5.099020
 1.000000  5.000000  5.099020
 1.000000  6.000000  6.082763
 1.000000  6.000000  6.082763
 1.000000  6.324555  6.403124
 1.000000  6.324555  6.403124
 1.000000  6.324555  6.403124
 1.000000  6.324555  6.403124
 1.000000  7.000000  7.071068
 1.000000  7.000000  7.071068
 1.000000  7.211103  7.280110
 1.000000  8.485281  8.544004
 1.000000  8.485281  8.544004
 1.000000  8.544004  8.602325
 1.000000  9.000000  9.055385
 1.000000  9.000000  9.055385
 1.000000  9.000000  9.055385
 1.000000 10.000000 10.049876
 1.000000 15.000000 15.033296
 1.000000 16.000000 16.031220
 1.000000 16.000000 16.031220
 1.000000 16.000000 16.031220
 0.000000 -20.099751       inf
 0.000000 -18.384776  2.828427
 0.000000 -2.000000 14.317821
 0.000000 -18.248288 -3.162278
 0.000000 -11.661904  2.236068
 0.000000 -15.132746 -3.000000
 0.000000 -14.000000 -3.605551
 0.000000 -5.830952  4.472136
 0.000000 -8.000000  2.000000
 0.000000 -6.000000  3.605551
 0.000000 -16.278821 -6.708204
 0.000000 -6.403124  3.000000
 0.000000 -13.601471 -5.000000
 0.000000 -10.816654 -3.000000
 0.000000 -5.656854  1.000000
 0.000000 -8.246211 -2.236068
 0.000000 -10.630146 -5.000000
 0.000000 -12.369317 -7.071068
 0.000000 -8.062258 -3.162278
 0.000000 -8.944272 -4.242641
 0.000000 -7.810250 -3.605551
 0.000000 -6.324555 -2.236068
 0.000000 -10.000000 -6.000000
 0.000000 -2.236068  1.414214
 0.000000 -10.770330 -7.211103
 0.000000 -10.816654 -7.280110
 0.000000 -13.453624 -10.049876
 0.000000 -6.403124 -3.000000
 0.000000 -14.764823 -11.401754
 0.000000 -9.219544 -6.000000
 0.000000 -6.000000 -2.828427
 0.000000 -7.810250 -5.000000
 0.000000 -6.708204 -4.000000
 0.000000 -11.180340 -8.485281
 0.000000 -9.486833 -7.000000
 0.000000 -12.165525 -9.899495
 0.000000 -8.944272 -6.708204
 0.000000 -10.630146 -8.485281
 0.000000 -4.472136 -3.000000
 0.000000 -6.403124 -5.000000
 0.000000 -10.770330 -9.433981
 0.000000 -13.000000 -11.704700
 0.000000 -7.071068 -5.830952
 0.000000 -9.000000 -7.810250
 0.000000 -9.219544 -8.062258
 0.000000 -6.082763 -5.000000
 0.000000 -6.082763 -5.000000
 0.000000 -10.000000 -8.944272
 0.000000 -10.000000 -9.000000
 0.000000 -8.246211 -7.280110
 0.000000 -7.280110 -6.403124
 0.000000 -6.708204 -6.000000
 0.000000 -8.485281 -7.810250
 0.000000 -6.324555 -5.656854
 0.000000 -9.848858 -9.219544
 0.000000 -6.403124 -5.830952
 0.000000 -10.049876 -9.486833
 0.000000 -10.049876 -9.486833
 0.000000 -8.544004 -8.000000
 0.000000 -6.324555 -5.830952
 0.000000 -8.944272 -8.485281
 0.000000 -14.764823 -14.317821
 0.000000 -8.246211 -7.810250
 0.000000 -8.246211 -7.810250
 0.000000 -11.180340 -10.770330
 0.000000 -7.615773 -7.211103
 0.000000 -7.615773 -7.211103
 0.000000 -7.615773 -7.211103
 0.000000 -12.083046 -11.704700
 0.000000 -9.848858 -9.486833
 0.000000 -7.615773 -7.280110
 0.000000 -10.630146 -10.295630
 0.000000 -10.630146 -10.295630
 0.000000 -6.324555 -6.000000
 0.000000 -9.486833 -9.219544
 0.000000 -8.062258 -7.810250
 0.000000 -8.062258 -7.810250
 0.000000 -8.246211 -8.000000
 0.000000 -10.440307 -10.198039
 0.000000 -6.324555 -6.082763
 0.000000 -4.472136 -4.242641
 0.000000 -11.401754 -11.180340
 0.000000 -11.401754 -11.180340
 0.000000 -9.219544 -9.000000
 0.000000 -9.219544 -9.000000
 0.000000 -9.433981 -9.219544
 0.000000 -9.433981 -9.219544
 0.000000 -7.211103 -7.000000
 0.000000 -10.198039 -10.000000
 0.000000 -10.198039 -10.000000
 0.000000 -10.816654 -10.630146
 0.000000 -8.246211 -8.062258
 0.000000 -6.000000 -5.830952
 0.000000 -10.440307 -10.295630
 0.000000 -7.211103 -7.071068
 0.000000 -7.211103 -7.071068
 0.000000 -7.211103 -7.071068
 0.000000 -7.211103 -7.071068
 0.000000 -7.211103 -7.071068
 0.000000 -8.602325 -8.485281
 0.000000 -5.099020 -5.000000
 0.000000 -6.082763 -6.000000
 0.000000 -6.082763 -6.000000
 0.000000 -12.806248 -12.727922
 0.000000 -7.071068 -7.000000
 0.000000 -7.071068 -7.000000
 0.000000 -7.071068 -7.000000
 0.000000 -7.280110 -7.211103
 0.000000 -8.602325 -8.544004
 0.000000 -10.049876 -10.000000
 0.000000 -10.049876 -10.000000
 0.000000 -10.049876 -10.000000
 0.000000 -10.049876 -10.000000
 0.000000 -12.206556 -12.165525
 0.000000 -12.206556 -12.165525
