 1.000000 -3.605551  8.000000
 1.000000 -3.000000  7.211103
 1.000000 -7.810250  2.000000
 1.000000  1.414214 10.295630
 1.000000 -3.000000  5.830952
 1.000000 -4.472136  3.162278
 1.000000  1.000000  8.544004
 1.000000  3.162278 10.295630
 1.000000  6.082763 12.369317
 1.000000  2.000000  8.000000
 1.000000  1.000000  5.830952
 1.000000  7.000000 11.313708
 1.000000 -2.236068  2.000000
 1.000000  8.602325 12.000000
 1.000000  6.082763  9.219544
 1.000000  5.385165  8.485281
 1.000000  3.000000  6.000000
 1.000000 -1.414214  1.414214
 1.000000  5.000000  7.810250
 1.000000  2.236068  5.000000
 1.000000  5.830952  8.246211
 1.000000 -1.000000  1.414214
 1.000000 -1.414214  1.000000
 1.000000 -1.414214  1.000000
 1.000000  6.403124  8.602325
 1.000000  1.000000  3.162278
 1.000000  7.071068  9.219544
 1.000000 -1.000000  1.000000
 1.000000  5.000000  6.708204
 1.000000  2.000000  3.605551
 1.000000  7.000000  8.485281
 1.000000  3.000000  4.472136
 1.000000  7.810250  9.219544
 1.000000  7.615773  9.000000
 1.000000 11.704700 13.000000
 1.000000  7.211103  8.485281
 1.000000  4.242641  5.385165
 1.000000  6.708204  7.810250
 1.000000  4.472136  5.385165
 1.000000  4.123106  5.000000
 1.000000  3.605551  4.472136
 1.000000  9.000000  9.848858
 1.000000  3.162278  4.000000
 1.000000  5.000000  5.830952
 1.000000  2.000000  2.828427
 1.000000  2.000000  2.828427
 1.000000  2.828427  3.605551
 1.000000  2.828427  3.605551
 1.000000  4.242641  5.000000
 1.000000  4.242641  5.000000
 1.000000  6.000000  6.708204
 1.000000  6.403124  7.071068
 1.000000  6.403124  7.071068
 1.000000  8.602325  9.219544
 1.000000  8.602325  9.219544
 1.000000  2.236068  2.828427
 1.000000  2.236068  2.828427
 1.000000  2.236068  2.828427
 1.000000  2.236068  2.828427
 1.000000  2.236068  2.828427
 1.000000  1.414214  2.000000
 1.000000  1.414214  2.000000
 1.000000  1.414214  2.000000
 1.000000  1.414214  2.000000
 1.000000  7.071068  7.615773
 1.000000  4.472136  5.000000
 1.000000  4.472136  5.000000
 1.000000  4.472136  5.000000
 1.000000  4.472136  5.000000
 1.000000  4.472136  5.000000
 1.000000  4.472136  5.000000
 1.000000  4.472136  5.000000
 1.000000  4.472136  5.000000
 1.000000  4.472136  5.000000
 1.000000  3.605551  4.123106
 1.000000  3.605551  4.123106
 1.000000  5.830952  6.324555
 1.000000 11.180340 11.661904
 1.000000 10.295630 10.770330
 1.000000 10.295630 10.770330
 1.000000  4.000000  4.472136
 1.000000  8.485281  8.944272
 1.000000  7.615773  8.062258
 1.000000  7.615773  8.062258
 1.000000  5.385165  5.830952
 1.000000  5.385165  5.830952
 1.000000  3.162278  3.605551
 1.000000  3.162278  3.605551
 1.000000  3.162278  3.605551
 1.000000  3.162278  3.605551
 1.000000  3.162278  3.605551
 1.000000  3.162278  3.605551
 1.000000  8.062258  8.485281
 1.000000  9.433981  9.848858
 1.000000  1.000000  1.414214
 1.000000  1.000000  1.414214
 1.000000  1.000000  1.414214
 1.000000  7.211103  7.615773
 1.000000  7.211103  7.615773
 1.000000  7.211103  7.615773
 1.000000  7.211103  7.615773
 1.000000  7.211103  7.615773
 1.000000  7.211103  7.615773
 1.000000  8.544004  8.944272
 1.000000  9.899495 10.295630
 1.000000  5.000000  5.385165
 1.000000  5.000000  5.385165
 1.000000  5.000000  5.385165
 1.000000  6.324555  6.708204
 1.000000  9.486833  9.848858
 1.000000  9.486833  9.848858
 1.000000  9.486833  9.848858
 1.000000  9.848858 10.198039
 1.000000  4.123106  4.472136
 1.000000  4.123106  4.472136
 1.000000  8.602325  8.944272
 1.000000  8.602325  8.944272
 1.000000 11.704700 12.041595
 1.000000  7.280110  7.615773
 1.000000  7.280110  7.615773
 1.000000  7.280110  7.615773
 1.000000  7.280110  7.615773
 1.000000  7.280110  7.615773
 1.000000 10.295630 10.630146
 1.000000  2.828427  3.162278
 1.000000  2.828427  3.162278
 1.000000  2.828427  3.162278
 1.000000  6.000000  6.324555
 1.000000  6.000000  6.324555
 1.000000  6.403124  6.708204
 1.000000  6.403124  6.708204
 1.000000  6.403124  6.708204
 1.000000  6.403124  6.708204
 1.000000  6.403124  6.708204
 1.000000  6.403124  6.708204
 1.000000  5.099020  5.385165
 1.000000  5.099020  5.385165
 1.000000  5.099020  5.385165
 1.000000  5.099020  5.385165
 1.000000  5.099020  5.385165
 1.000000  5.099020  5.385165
 1.000000  5.099020  5.385165
 1.000000 12.369317 12.649111
 1.000000  8.944272  9.219544
 1.000000  8.944272  9.219544
 1.000000  8.944272  9.219544
 1.000000  9.219544  9.486833
 1.000000 11.401754 11.661904
 1.000000  7.810250  8.062258
 1.000000  7.810250  8.062258
 1.000000  5.830952  6.082763
 1.000000  6.082763  6.324555
 1.000000  6.082763  6.324555
 1.000000  2.000000  2.236068
 1.000000  2.000000  2.236068
 1.000000  2.000000  2.236068
 1.000000  2.000000  2.236068
 1.000000  2.000000  2.236068
 1.000000  2.000000  2.236068
 1.000000  2.000000  2.236068
 1.000000  2.000000  2.236068
 1.000000  4.242641  4.472136
 1.000000  4.242641  4.472136
 1.000000  9.219544  9.433981
 1.000000  9.219544  9.433981
 1.000000  9.219544  9.433981
 1.000000  7.615773  7.810250
 1.000000  7.615773  7.810250
 1.000000  7.615773  7.810250
 1.000000  7.615773  7.810250
 1.000000  7.615773  7.810250
 1.000000  7.615773  7.810250
 1.000000 10.440307 10.630146
 1.000000  7.810250  8.000000
 1.000000  8.062258  8.246211
 1.000000  8.062258  8.246211
 1.000000  8.062258  8.246211
 1.000000  2.828427  3.000000
 1.000000  2.828427  3.000000
 1.000000  5.830952  6.000000
 1.000000  3.000000  3.162278
 1.000000  3.000000  3.162278
 1.000000  3.000000  3.162278
 1.000000  3.000000  3.162278
 1.000000  3.000000  3.162278
 1.000000  3.000000  3.162278
 1.000000  3.000000  3.162278
 1.000000  7.071068  7.211103
 1.000000  7.071068  7.211103
 1.000000  7.071068  7.211103
 1.000000  7.071068  7.211103
 1.000000  7.071068  7.211103
 1.000000  7.071068  7.211103
 1.000000  7.071068  7.211103
 1.000000 11.045361 11.180340
 1.000000 12.041595 12.165525
 1.000000 12.041595 12.165525
 1.000000  4.000000  4.123106
 1.000000  4.000000  4.123106
 1.000000  4.000000  4.123106
 1.000000  4.000000  4.123106
 1.000000  4.123106  4.242641
 1.000000  8.485281  8.602325
 1.000000 13.038405 13.152946
 1.000000  8.944272  9.055385
 1.000000  9.899495 10.000000
 1.000000  5.000000  5.099020
 1.000000  5.000000  5.099020
 1.000000  5.000000  5.099020
 1.000000  5.000000  5.099020
 1.000000 10.198039 10.295630
 1.000000  6.000000  6.082763
 1.000000  6.000000  6.082763
 1.000000  6.324555  6.403124
 1.000000  7.000000  7.071068
 1.000000  7.000000  7.071068
 1.000000  7.000000  7.071068
 1.000000  7.000000  7.071068
 1.000000  8.000000  8.062258
 1.000000  8.000000  8.062258
 1.000000  8.000000  8.062258
 1.000000  8.000000  8.062258
 1.000000  8.485281  8.544004
 1.000000  8.485281  8.544004
 1.000000  8.485281  8.544004
 1.000000 10.000000 10.049876
 1.000000 11.000000 11.045361
 1.000000 11.000000 11.045361
 0.000000 -16.000000       inf
 0.000000 -14.764823  1.414214
 0.000000 -15.000000 -3.000000
 0.000000 -9.000000  2.828427
 0.000000 -6.082763  5.000000
 0.000000 -13.416408 -3.162278
 0.000000 -13.000000 -3.000000
 0.000000 -13.341664 -5.000000
 0.000000 -4.123106  4.123106
 0.000000 -10.000000 -2.000000
 0.000000 -5.656854  2.236068
 0.000000 -5.830952  2.000000
 0.000000 -4.472136  3.162278
 0.000000 -5.830952  1.414214
 0.000000 -11.401754 -4.242641
 0.000000 -14.035669 -7.071068
 0.000000 -2.828427  4.123106
 0.000000 -13.453624 -7.071068
 0.000000 -7.280110 -1.414214
 0.000000 -11.000000 -5.385165
 0.000000 -6.324555 -1.000000
 0.000000 -8.944272 -4.123106
 0.000000 -5.656854 -1.000000
 0.000000 -13.038405 -8.485281
 0.000000 -8.485281 -4.123106
 0.000000 -9.055385 -5.000000
 0.000000 -10.049876 -6.000000
 0.000000 -8.000000 -4.000000
 0.000000 -10.000000 -6.082763
 0.000000 -6.708204 -3.000000
 0.000000 -6.403124 -3.000000
 0.000000 -6.082763 -2.828427
 0.000000 -6.403124 -3.162278
 0.000000 -6.000000 -2.828427
 0.000000 -13.152946 -10.000000
 0.000000 -1.000000  2.000000
 0.000000 -10.440307 -7.615773
 0.000000 -5.656854 -3.000000
 0.000000 -8.000000 -5.656854
 0.000000 -10.049876 -7.810250
 0.000000 -2.828427 -1.000000
 0.000000 -11.045361 -9.219544
 0.000000 -8.944272 -7.280110
 0.000000 -7.810250 -6.403124
 0.000000 -7.211103 -5.830952
 0.000000 -13.416408 -12.041595
 0.000000 -5.830952 -4.472136
 0.000000 -10.295630 -8.944272
 0.000000 -6.324555 -5.000000
 0.000000 -8.062258 -7.000000
 0.000000 -8.062258 -7.000000
 0.000000 -6.708204 -5.656854
 0.000000 -5.000000 -4.000000
 0.000000 -6.082763 -5.099020
 0.000000 -8.000000 -7.071068
 0.000000 -7.000000 -6.082763
 0.000000 -8.062258 -7.280110
 0.000000 -8.000000 -7.280110
 0.000000 -6.708204 -6.000000
 0.000000 -7.071068 -6.403124
 0.000000 -11.401754 -10.770330
 0.000000 -8.246211 -7.615773
 0.000000 -9.219544 -8.602325
 0.000000 -7.810250 -7.211103
 0.000000 -11.000000 -10.440307
 0.000000 -7.615773 -7.071068
 0.000000 -7.810250 -7.280110
 0.000000 -4.472136 -4.000000
 0.000000 -8.062258 -7.615773
 0.000000 -12.806248 -12.369317
 0.000000 -9.899495 -9.486833
 0.000000 -13.038405 -12.649111
 0.000000 -9.848858 -9.486833
 0.000000 -9.848858 -9.486833
 0.000000 -10.198039 -9.848858
 0.000000 -11.661904 -11.313708
 0.000000 -12.041595 -11.704700
 0.000000 -7.615773 -7.280110
 0.000000 -7.615773 -7.280110
 0.000000 -6.708204 -6.403124
 0.000000 -13.892444 -13.601471
 0.000000 -7.280110 -7.000000
 0.000000 -7.280110 -7.000000
 0.000000 -9.219544 -8.944272
 0.000000 -5.656854 -5.385165
 0.000000 -8.062258 -7.810250
 0.000000 -8.062258 -7.810250
 0.000000 -4.472136 -4.242641
 0.000000 -7.211103 -7.000000
 0.000000 -7.280110 -7.071068
 0.000000 -7.280110 -7.071068
 0.000000 -7.280110 -7.071068
 0.000000 -10.049876 -9.848858
 0.000000 -13.601471 -13.416408
 0.000000 -8.246211 -8.062258
 0.000000 -8.246211 -8.062258
 0.000000 -8.246211 -8.062258
 0.000000 -11.180340 -11.000000
 0.000000 -12.369317 -12.206556
 0.000000 -3.162278 -3.000000
 0.000000 -3.162278 -3.000000
 0.000000 -12.806248 -12.649111
 0.000000 -10.000000 -9.848858
 0.000000 -10.198039 -10.049876
 0.000000 -7.211103 -7.071068
 0.000000 -7.211103 -7.071068
 0.000000 -11.180340 -11.045361
 0.000000 -12.649111 -12.529964
 0.000000 -10.000000 -9.899495
 0.000000 -11.401754 -11.313708
 0.000000 -6.082763 -6.000000
 0.000000 -7.071068 -7.000000
 0.000000 -7.071068 -7.000000
 0.000000 -7.280110 -7.211103
 0.000000 -8.062258 -8.000000
 0.000000 -9.055385 -9.000000
 0.000000 -9.486833 -9.433981
 0.000000 -10.049876 -10.000000
 0.000000 -11.045361 -11.000000
 0.000000 -12.083046 -12.041595
