 1.000000  1.000000 15.811388
 1.000000  1.414214 10.770330
 1.000000  5.000000 13.000000
 1.000000  1.000000  8.246211
 1.000000  1.414214  8.544004
 1.000000  5.099020 11.401754
 1.000000 -5.000000  1.000000
 1.000000 -1.000000  5.000000
 1.000000  2.828427  8.602325
 1.000000  3.000000  8.544004
 1.000000  4.242641  9.486833
 1.000000  2.828427  8.062258
 1.000000  5.099020 10.295630
 1.000000  3.000000  7.615773
 1.000000  6.403124 10.770330
 1.000000  5.000000  9.219544
 1.000000  7.071068 11.180340
 1.000000  1.414214  5.385165
 1.000000 -1.000000  2.828427
 1.000000 -2.236068  1.000000
 1.000000  2.000000  5.000000
 1.000000  3.605551  6.000000
 1.000000  2.000000  4.000000
 1.000000  5.000000  6.708204
 1.000000  5.385165  7.071068
 1.000000  4.242641  5.830952
 1.000000  3.605551  5.000000
 1.000000  9.899495 11.180340
 1.000000  3.000000  4.242641
 1.000000  6.000000  7.211103
 1.000000  3.000000  4.123106
 1.000000  6.708204  7.810250
 1.000000  7.000000  8.062258
 1.000000 11.045361 12.083046
 1.000000  1.000000  2.000000
 1.000000  4.000000  5.000000
 1.000000  3.000000  4.000000
 1.000000  6.708204  7.615773
 1.000000  1.414214  2.236068
 1.000000  2.828427  3.605551
 1.000000  2.828427  3.605551
 1.000000  2.828427  3.605551
 1.000000  6.324555  7.071068
 1.000000  5.099020  5.830952
 1.000000  5.099020  5.830952
 1.000000  9.219544  9.899495
 1.000000  8.544004  9.219544
 1.000000  6.324555  7.000000
 1.000000  5.656854  6.324555
 1.000000  5.656854  6.324555
 1.000000  5.000000  5.656854
 1.000000  5.000000  5.656854
 1.000000  5.000000  5.656854
 1.000000  5.000000  5.656854
 1.000000  3.605551  4.242641
 1.000000  3.000000  3.605551
 1.000000  2.236068  2.828427
 1.000000  2.236068  2.828427
 1.000000  2.236068  2.828427
 1.000000  2.236068  2.828427
 1.000000  2.236068  2.828427
 1.000000  1.414214  2.000000
 1.000000  5.830952  6.403124
 1.000000  5.830952  6.403124
 1.000000 10.630146 11.180340
 1.000000  7.071068  7.615773
 1.000000  8.062258  8.602325
 1.000000  4.472136  5.000000
 1.000000  4.472136  5.000000
 1.000000  3.605551  4.123106
 1.000000  6.708204  7.211103
 1.000000  5.830952  6.324555
 1.000000  5.830952  6.324555
 1.000000  8.944272  9.433981
 1.000000  8.944272  9.433981
 1.000000  8.944272  9.433981
 1.000000  8.062258  8.544004
 1.000000  8.062258  8.544004
 1.000000  8.062258  8.544004
 1.000000 12.529964 13.000000
 1.000000  9.433981  9.899495
 1.000000  7.615773  8.062258
 1.000000  5.385165  5.830952
 1.000000  5.385165  5.830952
 1.000000  5.385165  5.830952
 1.000000  5.385165  5.830952
 1.000000  3.162278  3.605551
 1.000000  3.162278  3.605551
 1.000000  3.162278  3.605551
 1.000000  3.162278  3.605551
 1.000000  3.162278  3.605551
 1.000000  3.162278  3.605551
 1.000000  3.162278  3.605551
 1.000000  3.162278  3.605551
 1.000000  9.433981  9.848858
 1.000000  9.433981  9.848858
 1.000000  1.000000  1.414214
 1.000000  1.000000  1.414214
 1.000000  1.000000  1.414214
 1.000000  1.000000  1.414214
 1.000000  1.000000  1.414214
 1.000000  1.000000  1.414214
 1.000000  7.211103  7.615773
 1.000000  7.211103  7.615773
 1.000000  8.544004  8.944272
 1.000000  8.544004  8.944272
 1.000000  8.544004  8.944272
 1.000000  3.605551  4.000000
 1.000000  3.605551  4.000000
 1.000000  5.000000  5.385165
 1.000000  5.000000  5.385165
 1.000000  5.000000  5.385165
 1.000000  5.000000  5.385165
 1.000000  6.324555  6.708204
 1.000000  6.324555  6.708204
 1.000000  6.324555  6.708204
 1.000000 14.866069 15.231546
 1.000000  6.708204  7.071068
 1.000000  6.708204  7.071068
 1.000000  6.708204  7.071068
 1.000000 11.045361 11.401754
 1.000000 11.045361 11.401754
 1.000000  4.123106  4.472136
 1.000000  7.280110  7.615773
 1.000000  7.280110  7.615773
 1.000000  2.828427  3.162278
 1.000000  2.828427  3.162278
 1.000000 10.440307 10.770330
 1.000000  6.403124  6.708204
 1.000000  8.246211  8.544004
 1.000000 10.000000 10.295630
 1.000000 15.524175 15.811388
 1.000000  5.099020  5.385165
 1.000000  5.099020  5.385165
 1.000000  5.099020  5.385165
 1.000000  5.099020  5.385165
 1.000000  5.099020  5.385165
 1.000000  5.099020  5.385165
 1.000000  7.000000  7.280110
 1.000000  8.944272  9.219544
 1.000000  8.944272  9.219544
 1.000000  5.385165  5.656854
 1.000000  5.385165  5.656854
 1.000000  7.810250  8.062258
 1.000000  7.810250  8.062258
 1.000000  7.810250  8.062258
 1.000000  7.810250  8.062258
 1.000000  5.830952  6.082763
 1.000000  5.830952  6.082763
 1.000000  4.000000  4.242641
 1.000000 14.317821 14.560220
 1.000000 10.198039 10.440307
 1.000000  6.082763  6.324555
 1.000000  6.082763  6.324555
 1.000000  6.082763  6.324555
 1.000000  6.082763  6.324555
 1.000000  6.082763  6.324555
 1.000000  6.082763  6.324555
 1.000000  2.000000  2.236068
 1.000000  2.000000  2.236068
 1.000000  2.000000  2.236068
 1.000000  2.000000  2.236068
 1.000000  2.000000  2.236068
 1.000000  2.000000  2.236068
 1.000000  4.242641  4.472136
 1.000000  4.242641  4.472136
 1.000000  4.242641  4.472136
 1.000000  4.242641  4.472136
 1.000000  4.242641  4.472136
 1.000000  4.242641  4.472136
 1.000000  4.242641  4.472136
 1.000000  4.242641  4.472136
 1.000000 11.180340 11.401754
 1.000000  9.000000  9.219544
 1.000000  9.219544  9.433981
 1.000000  7.071068  7.280110
 1.000000  7.071068  7.280110
 1.000000 10.000000 10.198039
 1.000000  7.615773  7.810250
 1.000000 10.630146 10.816654
 1.000000 10.630146 10.816654
 1.000000  8.062258  8.246211
 1.000000  8.062258  8.246211
 1.000000 10.816654 11.000000
 1.000000  5.656854  5.830952
 1.000000  5.656854  5.830952
 1.000000  5.656854  5.830952
 1.000000  5.656854  5.830952
 1.000000  5.656854  5.830952
 1.000000  5.656854  5.830952
 1.000000  5.656854  5.830952
 1.000000  2.828427  3.000000
 1.000000  2.828427  3.000000
 1.000000  5.830952  6.000000
 1.000000  3.000000  3.162278
 1.000000  3.000000  3.162278
 1.000000  3.000000  3.162278
 1.000000  3.000000  3.162278
 1.000000  3.000000  3.162278
 1.000000  3.000000  3.162278
 1.000000  3.000000  3.162278
 1.000000  3.000000  3.162278
 1.000000 10.295630 10.440307
 1.000000  7.071068  7.211103
 1.000000  7.071068  7.211103
 1.000000  7.071068  7.211103
 1.000000  7.071068  7.211103
 1.000000  7.071068  7.211103
 1.000000  4.000000  4.123106
 1.000000  4.000000  4.123106
 1.000000  4.000000  4.123106
 1.000000  4.000000  4.123106
 1.000000  4.000000  4.123106
 1.000000  4.000000  4.123106
 1.000000  4.000000  4.123106
 1.000000  4.000000  4.123106
 1.000000  4.123106  4.242641
 1.000000  4.123106  4.242641
 1.000000  4.123106  4.242641
 1.000000  4.123106  4.242641
 1.000000  5.000000  5.099020
 1.000000  6.000000  6.082763
 1.000000  6.000000  6.082763
 1.000000  6.324555  6.403124
 1.000000  7.000000  7.071068
 1.000000  7.000000  7.071068
 1.000000  7.000000  7.071068
 1.000000  7.211103  7.280110
 1.000000  8.000000  8.062258
 1.000000  9.000000  9.055385
 1.000000  9.000000  9.055385
 1.000000  9.000000  9.055385
 1.000000  9.848858  9.899495
 1.000000  9.848858  9.899495
 1.000000 10.000000 10.049876
 1.000000 13.892444 13.928388
 0.000000 -16.552945       inf
 0.000000 -12.165525  3.000000
 0.000000 -11.661904  2.236068
 0.000000 -14.764823 -1.000000
 0.000000 -11.401754  2.000000
 0.000000 -13.000000 -1.000000
 0.000000 -10.000000  1.414214
 0.000000 -14.000000 -3.000000
 0.000000 -9.219544  1.000000
 0.000000 -8.602325  1.414214
 0.000000 -8.944272  1.000000
 0.000000 -8.246211  1.414214
 0.000000 -14.142136 -5.000000
 0.000000 -11.401754 -4.123106
 0.000000 -6.082763  1.000000
 0.000000 -10.049876 -3.000000
 0.000000 -10.000000 -3.162278
 0.000000 -5.656854  1.000000
 0.000000 -9.486833 -3.000000
 0.000000 -11.045361 -5.000000
 0.000000 -11.180340 -5.830952
 0.000000 -11.401754 -6.082763
 0.000000 -12.000000 -7.211103
 0.000000 -6.708204 -2.000000
 0.000000 -10.295630 -5.656854
 0.000000 -8.602325 -4.000000
 0.000000 -9.486833 -5.000000
 0.000000 -9.486833 -5.000000
 0.000000 -9.219544 -5.000000
 0.000000 -11.000000 -7.211103
 0.000000 -8.000000 -4.242641
 0.000000 -5.656854 -2.000000
 0.000000 -8.544004 -5.000000
 0.000000 -10.000000 -7.000000
 0.000000 -5.000000 -2.000000
 0.000000 -6.082763 -3.162278
 0.000000 -7.000000 -4.123106
 0.000000 -8.246211 -5.385165
 0.000000 -9.219544 -6.403124
 0.000000 -8.062258 -5.656854
 0.000000 -7.280110 -5.000000
 0.000000 -8.062258 -5.830952
 0.000000 -7.071068 -5.000000
 0.000000 -7.071068 -5.099020
 0.000000 -6.082763 -4.123106
 0.000000 -8.944272 -7.071068
 0.000000 -5.830952 -4.000000
 0.000000 -7.810250 -6.082763
 0.000000 -8.062258 -6.403124
 0.000000 -5.656854 -4.000000
 0.000000 -15.620499 -14.035669
 0.000000 -6.324555 -5.000000
 0.000000 -8.000000 -6.708204
 0.000000 -7.071068 -5.830952
 0.000000 -8.246211 -7.071068
 0.000000 -6.082763 -5.000000
 0.000000 -10.295630 -9.219544
 0.000000 -5.000000 -4.000000
 0.000000 -7.000000 -6.000000
 0.000000 -7.280110 -6.324555
 0.000000 -6.324555 -5.385165
 0.000000 -9.848858 -8.944272
 0.000000 -6.708204 -6.082763
 0.000000 -6.708204 -6.082763
 0.000000 -9.219544 -8.602325
 0.000000 -7.615773 -7.000000
 0.000000 -11.000000 -10.440307
 0.000000 -7.615773 -7.071068
 0.000000 -7.615773 -7.071068
 0.000000 -8.485281 -8.000000
 0.000000 -14.764823 -14.317821
 0.000000 -8.062258 -7.615773
 0.000000 -9.486833 -9.055385
 0.000000 -5.385165 -5.000000
 0.000000 -7.071068 -6.708204
 0.000000 -7.071068 -6.708204
 0.000000 -8.944272 -8.602325
 0.000000 -7.615773 -7.280110
 0.000000 -7.615773 -7.280110
 0.000000 -8.544004 -8.246211
 0.000000 -10.295630 -10.000000
 0.000000 -5.385165 -5.099020
 0.000000 -5.385165 -5.099020
 0.000000 -5.385165 -5.099020
 0.000000 -7.280110 -7.000000
 0.000000 -9.219544 -8.944272
 0.000000 -8.062258 -7.810250
 0.000000 -8.062258 -7.810250
 0.000000 -14.560220 -14.317821
 0.000000 -6.324555 -6.082763
 0.000000 -6.324555 -6.082763
 0.000000 -6.324555 -6.082763
 0.000000 -6.324555 -6.082763
 0.000000 -6.324555 -6.082763
 0.000000 -6.324555 -6.082763
 0.000000 -8.485281 -8.246211
 0.000000 -4.472136 -4.242641
 0.000000 -4.472136 -4.242641
 0.000000 -9.433981 -9.219544
 0.000000 -9.433981 -9.219544
 0.000000 -7.280110 -7.071068
 0.000000 -7.280110 -7.071068
 0.000000 -7.280110 -7.071068
 0.000000 -7.810250 -7.615773
 0.000000 -8.000000 -7.810250
 0.000000 -5.830952 -5.656854
 0.000000 -5.830952 -5.656854
 0.000000 -7.211103 -7.071068
 0.000000 -7.211103 -7.071068
 0.000000 -7.211103 -7.071068
 0.000000 -7.211103 -7.071068
 0.000000 -7.211103 -7.071068
 0.000000 -9.055385 -8.944272
 0.000000 -5.099020 -5.000000
 0.000000 -5.099020 -5.000000
 0.000000 -6.082763 -6.000000
 0.000000 -7.071068 -7.000000
 0.000000 -7.280110 -7.211103
 0.000000 -8.544004 -8.485281
 0.000000 -11.045361 -11.000000
 0.000000 -13.038405 -13.000000
 0.000000 -15.033296 -15.000000
