 1.000000 -7.810250  2.828427
 1.000000  5.000000 13.416408
 1.000000  3.605551 11.313708
 1.000000  3.000000 10.630146
 1.000000 -1.414214  6.000000
 1.000000  2.828427  9.433981
 1.000000  4.242641 10.770330
 1.000000 -5.000000  1.414214
 1.000000 -5.000000  1.000000
 1.000000  3.162278  8.602325
 1.000000  7.071068 12.000000
 1.000000  5.000000  9.000000
 1.000000  6.000000  9.899495
 1.000000  5.385165  9.219544
 1.000000  4.472136  8.246211
 1.000000  6.000000  9.219544
 1.000000  4.123106  7.211103
 1.000000  5.830952  8.544004
 1.000000  6.324555  9.000000
 1.000000  4.472136  7.000000
 1.000000  5.099020  7.615773
 1.000000  3.000000  5.385165
 1.000000  6.000000  8.062258
 1.000000 -1.000000  1.000000
 1.000000  3.162278  5.000000
 1.000000  1.000000  2.828427
 1.000000  9.486833 11.180340
 1.000000  7.000000  8.544004
 1.000000  3.605551  5.000000
 1.000000  2.236068  3.605551
 1.000000  2.236068  3.605551
 1.000000  6.000000  7.280110
 1.000000  7.810250  9.055385
 1.000000  6.000000  7.211103
 1.000000  5.830952  7.000000
 1.000000  4.242641  5.385165
 1.000000  3.000000  4.123106
 1.000000  2.000000  3.000000
 1.000000  4.000000  5.000000
 1.000000  3.162278  4.123106
 1.000000  2.000000  2.828427
 1.000000  2.000000  2.828427
 1.000000  7.211103  8.000000
 1.000000  7.280110  8.062258
 1.000000  2.828427  3.605551
 1.000000  2.828427  3.605551
 1.000000  4.242641  5.000000
 1.000000  4.242641  5.000000
 1.000000  7.071068  7.810250
 1.000000  7.071068  7.810250
 1.000000  7.071068  7.810250
 1.000000  8.544004  9.219544
 1.000000  6.403124  7.071068
 1.000000  5.000000  5.656854
 1.000000  5.000000  5.656854
 1.000000 12.806248 13.453624
 1.000000  3.000000  3.605551
 1.000000  7.211103  7.810250
 1.000000  7.211103  7.810250
 1.000000  7.211103  7.810250
 1.000000  7.211103  7.810250
 1.000000  2.236068  2.828427
 1.000000  2.236068  2.828427
 1.000000  2.236068  2.828427
 1.000000  2.236068  2.828427
 1.000000  2.236068  2.828427
 1.000000  9.848858 10.440307
 1.000000  1.414214  2.000000
 1.000000  1.414214  2.000000
 1.000000  1.414214  2.000000
 1.000000  1.414214  2.000000
 1.000000  5.830952  6.403124
 1.000000 13.038405 13.601471
 1.000000  7.071068  7.615773
 1.000000  4.472136  5.000000
 1.000000  4.472136  5.000000
 1.000000  4.472136  5.000000
 1.000000  4.472136  5.000000
 1.000000  4.472136  5.000000
 1.000000  4.472136  5.000000
 1.000000  4.472136  5.000000
 1.000000  4.472136  5.000000
 1.000000  4.472136  5.000000
 1.000000  4.472136  5.000000
 1.000000  4.472136  5.000000
 1.000000  4.472136  5.000000
 1.000000  4.472136  5.000000
 1.000000  3.605551  4.123106
 1.000000  3.605551  4.123106
 1.000000  5.830952  6.324555
 1.000000 13.416408 13.892444
 1.000000 10.295630 10.770330
 1.000000  4.000000  4.472136
 1.000000  7.615773  8.062258
 1.000000  7.615773  8.062258
 1.000000  5.385165  5.830952
 1.000000  5.385165  5.830952
 1.000000  5.385165  5.830952
 1.000000  3.162278  3.605551
 1.000000  3.162278  3.605551
 1.000000  3.162278  3.605551
 1.000000  3.162278  3.605551
 1.000000  3.162278  3.605551
 1.000000  3.162278  3.605551
 1.000000  3.162278  3.605551
 1.000000  8.062258  8.485281
 1.000000  9.433981  9.848858
 1.000000  1.000000  1.414214
 1.000000  1.000000  1.414214
 1.000000  1.000000  1.414214
 1.000000 10.770330 11.180340
 1.000000  7.211103  7.615773
 1.000000  7.211103  7.615773
 1.000000  6.000000  6.403124
 1.000000  8.544004  8.944272
 1.000000  3.605551  4.000000
 1.000000 13.928388 14.317821
 1.000000  5.000000  5.385165
 1.000000  5.000000  5.385165
 1.000000  5.000000  5.385165
 1.000000  6.324555  6.708204
 1.000000  6.324555  6.708204
 1.000000  6.324555  6.708204
 1.000000 10.816654 11.180340
 1.000000  6.708204  7.071068
 1.000000  6.708204  7.071068
 1.000000  9.848858 10.198039
 1.000000  4.123106  4.472136
 1.000000  4.123106  4.472136
 1.000000 12.041595 12.369317
 1.000000  6.000000  6.324555
 1.000000  6.000000  6.324555
 1.000000 12.727922 13.038405
 1.000000 14.560220 14.866069
 1.000000  6.403124  6.708204
 1.000000  6.403124  6.708204
 1.000000  6.403124  6.708204
 1.000000  8.246211  8.544004
 1.000000  8.246211  8.544004
 1.000000  8.246211  8.544004
 1.000000  5.099020  5.385165
 1.000000  5.099020  5.385165
 1.000000  5.099020  5.385165
 1.000000  5.099020  5.385165
 1.000000  5.099020  5.385165
 1.000000  7.000000  7.280110
 1.000000  8.944272  9.219544
 1.000000  5.385165  5.656854
 1.000000  5.385165  5.656854
 1.000000  5.385165  5.656854
 1.000000  7.810250  8.062258
 1.000000  7.810250  8.062258
 1.000000 10.198039 10.440307
 1.000000 10.198039 10.440307
 1.000000  6.082763  6.324555
 1.000000  6.082763  6.324555
 1.000000  2.000000  2.236068
 1.000000  2.000000  2.236068
 1.000000  2.000000  2.236068
 1.000000  2.000000  2.236068
 1.000000  2.000000  2.236068
 1.000000  2.000000  2.236068
 1.000000  2.000000  2.236068
 1.000000  2.000000  2.236068
 1.000000  2.000000  2.236068
 1.000000  2.000000  2.236068
 1.000000 12.806248 13.038405
 1.000000  4.242641  4.472136
 1.000000 15.297059 15.524175
 1.000000  9.219544  9.433981
 1.000000  9.219544  9.433981
 1.000000  7.071068  7.280110
 1.000000 10.000000 10.198039
 1.000000 10.000000 10.198039
 1.000000  7.615773  7.810250
 1.000000  7.615773  7.810250
 1.000000  7.615773  7.810250
 1.000000  7.615773  7.810250
 1.000000  8.062258  8.246211
 1.000000  8.062258  8.246211
 1.000000  8.062258  8.246211
 1.000000  5.656854  5.830952
 1.000000  5.656854  5.830952
 1.000000  2.828427  3.000000
 1.000000  2.828427  3.000000
 1.000000  9.055385  9.219544
 1.000000  3.000000  3.162278
 1.000000  3.000000  3.162278
 1.000000  3.000000  3.162278
 1.000000 10.049876 10.198039
 1.000000  7.071068  7.211103
 1.000000  7.071068  7.211103
 1.000000  7.071068  7.211103
 1.000000  7.071068  7.211103
 1.000000 11.045361 11.180340
 1.000000  4.000000  4.123106
 1.000000  4.000000  4.123106
 1.000000  4.000000  4.123106
 1.000000  4.000000  4.123106
 1.000000  4.000000  4.123106
 1.000000  4.123106  4.242641
 1.000000  4.123106  4.242641
 1.000000  4.123106  4.242641
 1.000000  4.123106  4.242641
 1.000000  4.123106  4.242641
 1.000000  4.123106  4.242641
 1.000000  5.000000  5.099020
 1.000000  5.000000  5.099020
 1.000000  5.000000  5.099020
 1.000000  5.000000  5.099020
 1.000000  5.000000  5.099020
 1.000000  5.000000  5.099020
 1.000000  5.000000  5.099020
 1.000000  5.000000  5.099020
 1.000000  5.000000  5.099020
 1.000000  6.000000  6.082763
 1.000000  6.000000  6.082763
 1.000000  6.000000  6.082763
 1.000000  6.000000  6.082763
 1.000000  6.324555  6.403124
 1.000000  6.324555  6.403124
 1.000000  6.324555  6.403124
 1.000000  6.324555  6.403124
 1.000000  7.000000  7.071068
 1.000000  7.000000  7.071068
 1.000000  7.000000  7.071068
 1.000000  7.000000  7.071068
 1.000000  7.000000  7.071068
 1.000000  7.000000  7.071068
 1.000000  7.000000  7.071068
 1.000000  7.211103  7.280110
 1.000000  8.000000  8.062258
 1.000000  8.000000  8.062258
 1.000000  8.000000  8.062258
 1.000000  9.000000  9.055385
 1.000000 10.000000 10.049876
 1.000000 10.000000 10.049876
 1.000000 11.000000 11.045361
 1.000000 11.000000 11.045361
 1.000000 11.000000 11.045361
 1.000000 11.000000 11.045361
 1.000000 12.000000 12.041595
 1.000000 12.000000 12.041595
 1.000000 16.124515 16.155494
 0.000000 -22.803509       inf
 0.000000 -18.601075  2.236068
 0.000000 -13.000000  4.000000
 0.000000 -13.928388  2.000000
 0.000000 -14.764823  1.000000
 0.000000 -12.041595  3.000000
 0.000000 -12.000000  1.414214
 0.000000 -8.062258  5.000000
 0.000000 -10.770330  2.000000
 0.000000 -11.000000  1.000000
 0.000000 -7.810250  3.605551
 0.000000 -12.369317 -1.414214
 0.000000 -5.830952  4.000000
 0.000000 -7.211103  1.000000
 0.000000 -6.708204  1.000000
 0.000000 -5.385165  2.236068
 0.000000 -9.433981 -2.000000
 0.000000 -9.000000 -2.000000
 0.000000 -3.000000  3.605551
 0.000000 -13.453624 -7.000000
 0.000000 -7.810250 -1.414214
 0.000000 -9.433981 -3.605551
 0.000000 -14.000000 -8.602325
 0.000000 -7.211103 -2.236068
 0.000000 -7.810250 -3.000000
 0.000000 -12.083046 -8.000000
 0.000000 -9.433981 -5.385165
 0.000000 -7.000000 -3.000000
 0.000000 -6.000000 -2.000000
 0.000000 -7.810250 -4.000000
 0.000000 -9.219544 -5.656854
 0.000000 -6.000000 -2.828427
 0.000000 -9.055385 -6.000000
 0.000000 -8.000000 -5.000000
 0.000000 -1.000000  2.000000
 0.000000 -2.000000  1.000000
 0.000000 -8.944272 -6.000000
 0.000000 -5.656854 -3.000000
 0.000000 -20.615528 -18.000000
 0.000000 -11.661904 -9.433981
 0.000000 -7.211103 -5.000000
 0.000000 -6.324555 -4.123106
 0.000000 -11.045361 -9.000000
 0.000000 -13.000000 -11.000000
 0.000000 -11.000000 -9.000000
 0.000000 -8.944272 -7.071068
 0.000000 -8.246211 -6.403124
 0.000000 -8.944272 -7.280110
 0.000000 -8.602325 -7.211103
 0.000000 -6.324555 -5.000000
 0.000000 -10.630146 -9.433981
 0.000000 -6.082763 -5.000000
 0.000000 -10.049876 -9.000000
 0.000000 -11.045361 -10.000000
 0.000000 -10.000000 -9.000000
 0.000000 -7.000000 -6.000000
 0.000000 -8.944272 -8.000000
 0.000000 -11.313708 -10.440307
 0.000000 -5.830952 -5.000000
 0.000000 -10.630146 -9.848858
 0.000000 -8.544004 -7.810250
 0.000000 -7.615773 -7.000000
 0.000000 -14.560220 -14.000000
 0.000000 -8.062258 -7.615773
 0.000000 -21.633308 -21.189620
 0.000000 -8.944272 -8.544004
 0.000000 -9.848858 -9.486833
 0.000000 -21.540659 -21.189620
 0.000000 -7.615773 -7.280110
 0.000000 -7.615773 -7.280110
 0.000000 -10.770330 -10.440307
 0.000000 -6.403124 -6.082763
 0.000000 -6.708204 -6.403124
 0.000000 -10.295630 -10.000000
 0.000000 -5.385165 -5.099020
 0.000000 -11.401754 -11.180340
 0.000000 -7.810250 -7.615773
 0.000000 -8.246211 -8.062258
 0.000000 -14.317821 -14.142136
 0.000000 -12.165525 -12.000000
 0.000000 -9.219544 -9.055385
 0.000000 -10.198039 -10.049876
 0.000000 -10.770330 -10.630146
 0.000000 -7.211103 -7.071068
 0.000000 -12.165525 -12.041595
 0.000000 -22.203603 -22.090722
 0.000000 -6.082763 -6.000000
 0.000000 -7.280110 -7.211103
 0.000000 -7.280110 -7.211103
 0.000000 -7.280110 -7.211103
 0.000000 -8.062258 -8.000000
 0.000000 -8.062258 -8.000000
 0.000000 -8.062258 -8.000000
 0.000000 -9.055385 -9.000000
 0.000000 -11.045361 -11.000000
 0.000000 -12.083046 -12.041595
 0.000000 -12.083046 -12.041595
 0.000000 -18.027756 -18.000000
