 1.000000  2.828427 19.416488
 1.000000  6.324555 17.000000
 1.000000  4.000000 13.601471
 1.000000 -3.000000  6.324555
 1.000000 -8.062258  1.000000
 1.000000 -2.000000  5.385165
 1.000000  2.236068  8.944272
 1.000000  2.236068  8.485281
 1.000000  1.000000  7.000000
 1.000000  6.000000 12.000000
 1.000000  4.000000  9.219544
 1.000000 -2.236068  2.828427
 1.000000  7.000000 11.401754
 1.000000  3.162278  7.071068
 1.000000  3.000000  6.708204
 1.000000 -2.000000  1.414214
 1.000000  1.000000  4.242641
 1.000000  9.219544 12.041595
 1.000000  7.280110 10.000000
 1.000000  3.605551  6.324555
 1.000000  1.414214  4.123106
 1.000000  9.486833 11.704700
 1.000000  9.000000 11.180340
 1.000000  3.605551  5.656854
 1.000000  3.000000  5.000000
 1.000000  1.000000  2.828427
 1.000000  6.000000  7.810250
 1.000000  2.000000  3.605551
 1.000000  6.403124  8.000000
 1.000000  1.414214  3.000000
 1.000000  5.656854  6.708204
 1.000000 10.295630 11.313708
 1.000000  1.000000  2.000000
 1.000000 14.000000 15.000000
 1.000000  6.708204  7.615773
 1.000000  4.123106  5.000000
 1.000000  3.605551  4.472136
 1.000000  1.414214  2.236068
 1.000000  1.414214  2.236068
 1.000000  2.828427  3.605551
 1.000000  2.828427  3.605551
 1.000000  2.828427  3.605551
 1.000000  2.828427  3.605551
 1.000000  4.242641  5.000000
 1.000000  4.242641  5.000000
 1.000000  4.242641  5.000000
 1.000000  6.324555  7.071068
 1.000000  5.385165  6.082763
 1.000000  9.219544  9.899495
 1.000000  9.219544  9.899495
 1.000000  5.000000  5.656854
 1.000000  5.000000  5.656854
 1.000000  5.000000  5.656854
 1.000000  5.000000  5.656854
 1.000000  3.605551  4.242641
 1.000000  3.605551  4.242641
 1.000000  3.605551  4.242641
 1.000000 10.770330 11.401754
 1.000000  3.000000  3.605551
 1.000000  2.236068  2.828427
 1.000000  2.236068  2.828427
 1.000000  2.236068  2.828427
 1.000000  2.236068  2.828427
 1.000000  2.236068  2.828427
 1.000000  2.236068  2.828427
 1.000000  2.236068  2.828427
 1.000000  2.236068  2.828427
 1.000000  2.236068  2.828427
 1.000000  2.236068  2.828427
 1.000000  1.414214  2.000000
 1.000000  1.414214  2.000000
 1.000000  9.433981 10.000000
 1.000000  9.433981 10.000000
 1.000000  4.472136  5.000000
 1.000000  4.472136  5.000000
 1.000000  4.472136  5.000000
 1.000000 10.295630 10.816654
 1.000000  3.605551  4.123106
 1.000000  3.605551  4.123106
 1.000000  3.605551  4.123106
 1.000000  3.605551  4.123106
 1.000000  8.062258  8.544004
 1.000000 10.295630 10.770330
 1.000000  4.000000  4.472136
 1.000000  9.848858 10.295630
 1.000000  9.848858 10.295630
 1.000000  5.385165  5.830952
 1.000000  3.162278  3.605551
 1.000000  3.162278  3.605551
 1.000000  3.162278  3.605551
 1.000000  3.162278  3.605551
 1.000000  3.162278  3.605551
 1.000000  3.162278  3.605551
 1.000000  8.062258  8.485281
 1.000000  1.000000  1.414214
 1.000000  1.000000  1.414214
 1.000000  1.000000  1.414214
 1.000000 10.770330 11.180340
 1.000000  8.544004  8.944272
 1.000000  3.605551  4.000000
 1.000000  3.605551  4.000000
 1.000000  5.000000  5.385165
 1.000000  5.000000  5.385165
 1.000000  5.000000  5.385165
 1.000000  5.000000  5.385165
 1.000000  5.000000  5.385165
 1.000000  6.324555  6.708204
 1.000000 10.816654 11.180340
 1.000000  6.708204  7.071068
 1.000000  6.708204  7.071068
 1.000000  6.708204  7.071068
 1.000000  9.486833  9.848858
 1.000000  9.486833  9.848858
 1.000000  9.486833  9.848858
 1.000000 12.649111 13.000000
 1.000000  4.123106  4.472136
 1.000000  4.123106  4.472136
 1.000000  4.123106  4.472136
 1.000000  2.828427  3.162278
 1.000000  2.828427  3.162278
 1.000000  2.828427  3.162278
 1.000000  2.828427  3.162278
 1.000000  2.828427  3.162278
 1.000000  6.000000  6.324555
 1.000000 14.560220 14.866069
 1.000000  6.403124  6.708204
 1.000000 12.083046 12.369317
 1.000000  5.099020  5.385165
 1.000000  5.099020  5.385165
 1.000000  5.099020  5.385165
 1.000000  7.000000  7.280110
 1.000000  8.944272  9.219544
 1.000000  5.385165  5.656854
 1.000000  5.385165  5.656854
 1.000000  5.385165  5.656854
 1.000000  5.385165  5.656854
 1.000000  5.385165  5.656854
 1.000000 11.401754 11.661904
 1.000000 13.341664 13.601471
 1.000000  7.810250  8.062258
 1.000000  7.810250  8.062258
 1.000000  7.810250  8.062258
 1.000000  7.810250  8.062258
 1.000000  7.810250  8.062258
 1.000000  5.830952  6.082763
 1.000000 14.317821 14.560220
 1.000000 10.198039 10.440307
 1.000000  6.082763  6.324555
 1.000000  6.082763  6.324555
 1.000000  6.082763  6.324555
 1.000000  6.082763  6.324555
 1.000000  8.246211  8.485281
 1.000000  8.246211  8.485281
 1.000000  2.000000  2.236068
 1.000000  2.000000  2.236068
 1.000000  2.000000  2.236068
 1.000000  2.000000  2.236068
 1.000000  2.000000  2.236068
 1.000000 15.033296 15.264338
 1.000000 10.770330 11.000000
 1.000000  4.242641  4.472136
 1.000000  4.242641  4.472136
 1.000000  4.242641  4.472136
 1.000000  4.242641  4.472136
 1.000000 11.180340 11.401754
 1.000000  9.219544  9.433981
 1.000000  9.219544  9.433981
 1.000000 10.000000 10.198039
 1.000000 10.000000 10.198039
 1.000000 10.440307 10.630146
 1.000000 10.630146 10.816654
 1.000000 14.142136 14.317821
 1.000000  5.656854  5.830952
 1.000000  5.656854  5.830952
 1.000000  5.656854  5.830952
 1.000000  5.656854  5.830952
 1.000000  2.828427  3.000000
 1.000000  3.000000  3.162278
 1.000000  3.000000  3.162278
 1.000000  3.000000  3.162278
 1.000000  3.000000  3.162278
 1.000000  3.000000  3.162278
 1.000000  3.000000  3.162278
 1.000000  3.000000  3.162278
 1.000000 10.630146 10.770330
 1.000000 10.630146 10.770330
 1.000000  7.071068  7.211103
 1.000000 11.045361 11.180340
 1.000000  4.000000  4.123106
 1.000000  4.000000  4.123106
 1.000000  4.000000  4.123106
 1.000000  4.000000  4.123106
 1.000000  4.000000  4.123106
 1.000000  4.000000  4.123106
 1.000000  4.123106  4.242641
 1.000000  4.123106  4.242641
 1.000000  4.123106  4.242641
 1.000000  4.123106  4.242641
 1.000000  4.123106  4.242641
 1.000000  8.944272  9.055385
 1.000000 15.033296 15.132746
 1.000000  5.000000  5.099020
 1.000000  5.000000  5.099020
 1.000000  5.000000  5.099020
 1.000000  6.000000  6.082763
 1.000000  6.000000  6.082763
 1.000000  6.000000  6.082763
 1.000000  6.000000  6.082763
 1.000000  7.000000  7.071068
 1.000000  7.000000  7.071068
 1.000000  7.000000  7.071068
 1.000000  7.000000  7.071068
 1.000000  7.211103  7.280110
 1.000000  8.000000  8.062258
 1.000000  8.000000  8.062258
 1.000000  8.544004  8.602325
 1.000000  9.000000  9.055385
 1.000000 11.661904 11.704700
 1.000000 12.000000 12.041595
 1.000000 12.000000 12.041595
 1.000000 13.000000 13.038405
 1.000000 13.000000 13.038405
 1.000000 13.892444 13.928388
 1.000000 15.000000 15.033296
 1.000000 16.000000 16.031220
 0.000000 -21.260292       inf
 0.000000 -13.601471  3.605551
 0.000000 -16.643317 -2.000000
 0.000000 -8.000000  5.099020
 0.000000 -10.770330  2.000000
 0.000000 -14.764823 -3.000000
 0.000000 -8.485281  2.828427
 0.000000 -8.062258  2.000000
 0.000000 -7.615773  2.236068
 0.000000 -7.000000  2.828427
 0.000000 -15.652476 -7.000000
 0.000000 -11.704700 -3.605551
 0.000000 -12.041595 -4.242641
 0.000000 -12.165525 -5.385165
 0.000000 -3.605551  2.000000
 0.000000 -6.000000 -1.000000
 0.000000 -15.000000 -10.000000
 0.000000 -9.848858 -5.000000
 0.000000 -9.000000 -4.242641
 0.000000 -8.544004 -4.123106
 0.000000 -8.000000 -4.000000
 0.000000 -8.000000 -4.242641
 0.000000 -11.704700 -8.062258
 0.000000 -8.602325 -5.000000
 0.000000 -8.544004 -5.000000
 0.000000 -6.000000 -2.828427
 0.000000 -5.385165 -2.236068
 0.000000 -8.062258 -5.000000
 0.000000 -8.000000 -5.000000
 0.000000 -4.242641 -1.414214
 0.000000 -8.544004 -6.000000
 0.000000 -7.000000 -4.472136
 0.000000 -11.000000 -8.544004
 0.000000 -8.485281 -6.082763
 0.000000 -10.295630 -8.000000
 0.000000 -12.649111 -10.440307
 0.000000 -8.485281 -6.403124
 0.000000 -11.045361 -9.000000
 0.000000 -10.000000 -8.000000
 0.000000 -8.062258 -6.082763
 0.000000 -8.602325 -7.071068
 0.000000 -4.472136 -3.000000
 0.000000 -6.403124 -5.000000
 0.000000 -6.403124 -5.000000
 0.000000 -10.295630 -9.000000
 0.000000 -8.246211 -7.000000
 0.000000 -11.180340 -10.000000
 0.000000 -11.180340 -10.000000
 0.000000 -6.708204 -5.656854
 0.000000 -6.000000 -5.000000
 0.000000 -8.000000 -7.000000
 0.000000 -6.000000 -5.000000
 0.000000 -8.062258 -7.071068
 0.000000 -8.000000 -7.071068
 0.000000 -10.049876 -9.219544
 0.000000 -12.206556 -11.401754
 0.000000 -10.770330 -10.000000
 0.000000 -10.770330 -10.049876
 0.000000 -6.082763 -5.385165
 0.000000 -7.000000 -6.324555
 0.000000 -9.219544 -8.602325
 0.000000 -2.000000 -1.414214
 0.000000 -11.180340 -10.630146
 0.000000 -8.544004 -8.000000
 0.000000 -8.602325 -8.062258
 0.000000 -8.062258 -7.615773
 0.000000 -8.062258 -7.615773
 0.000000 -7.615773 -7.211103
 0.000000 -6.708204 -6.324555
 0.000000 -9.848858 -9.486833
 0.000000 -8.944272 -8.602325
 0.000000 -8.944272 -8.602325
 0.000000 -6.324555 -6.000000
 0.000000 -6.708204 -6.403124
 0.000000 -8.544004 -8.246211
 0.000000 -8.544004 -8.246211
 0.000000 -18.973666 -18.681542
 0.000000 -8.062258 -7.810250
 0.000000 -18.601075 -18.357560
 0.000000 -4.472136 -4.242641
 0.000000 -4.472136 -4.242641
 0.000000 -9.219544 -9.000000
 0.000000 -19.235384 -19.026298
 0.000000 -7.280110 -7.071068
 0.000000 -7.810250 -7.615773
 0.000000 -18.788294 -18.601075
 0.000000 -8.246211 -8.062258
 0.000000 -8.246211 -8.062258
 0.000000 -8.246211 -8.062258
 0.000000 -5.830952 -5.656854
 0.000000 -3.162278 -3.000000
 0.000000 -3.162278 -3.000000
 0.000000 -10.770330 -10.630146
 0.000000 -7.211103 -7.071068
 0.000000 -11.180340 -11.045361
 0.000000 -10.000000 -9.899495
 0.000000 -5.099020 -5.000000
 0.000000 -6.082763 -6.000000
 0.000000 -6.082763 -6.000000
 0.000000 -6.082763 -6.000000
 0.000000 -7.071068 -7.000000
 0.000000 -7.071068 -7.000000
 0.000000 -7.280110 -7.211103
 0.000000 -8.062258 -8.000000
 0.000000 -8.062258 -8.000000
 0.000000 -8.062258 -8.000000
 0.000000 -8.544004 -8.485281
 0.000000 -9.000000 -8.944272
 0.000000 -9.055385 -9.000000
 0.000000 -9.055385 -9.000000
 0.000000 -9.055385 -9.000000
 0.000000 -10.049876 -10.000000
 0.000000 -10.049876 -10.000000
 0.000000 -13.038405 -13.000000
