 1.000000  1.000000 13.928388
 1.000000 -1.000000  8.485281
 1.000000 -2.828427  5.656854
 1.000000  3.000000 11.401754
 1.000000  2.828427 10.440307
 1.000000 -6.000000  1.000000
 1.000000 -2.828427  4.123106
 1.000000 -1.414214  5.385165
 1.000000 -4.242641  2.236068
 1.000000 -3.000000  2.828427
 1.000000  1.414214  7.071068
 1.000000 -1.000000  4.472136
 1.000000 -4.123106  1.000000
 1.000000 -2.828427  2.000000
 1.000000  5.385165  9.486833
 1.000000  4.000000  8.062258
 1.000000  3.162278  7.211103
 1.000000  1.414214  5.385165
 1.000000  2.828427  6.708204
 1.000000  5.385165  9.219544
 1.000000  5.000000  8.544004
 1.000000  5.000000  8.544004
 1.000000  5.830952  9.219544
 1.000000  3.162278  6.403124
 1.000000  3.000000  6.000000
 1.000000 -1.414214  1.414214
 1.000000  2.236068  5.000000
 1.000000 -1.000000  1.414214
 1.000000  9.000000 11.401754
 1.000000  3.605551  5.830952
 1.000000  7.211103  9.219544
 1.000000  3.000000  5.000000
 1.000000  5.830952  7.810250
 1.000000  6.082763  8.000000
 1.000000  3.162278  5.000000
 1.000000  1.000000  2.828427
 1.000000  2.828427  4.242641
 1.000000  7.615773  9.000000
 1.000000  5.385165  6.708204
 1.000000  2.828427  4.000000
 1.000000  2.000000  3.162278
 1.000000  4.242641  5.385165
 1.000000  6.708204  7.810250
 1.000000  8.000000  9.055385
 1.000000  4.000000  5.000000
 1.000000  4.000000  5.000000
 1.000000  8.000000  8.944272
 1.000000  7.071068  8.000000
 1.000000  6.082763  7.000000
 1.000000  8.062258  8.944272
 1.000000  5.830952  6.708204
 1.000000  4.123106  5.000000
 1.000000  3.162278  4.000000
 1.000000  5.000000  5.830952
 1.000000  1.414214  2.236068
 1.000000  1.414214  2.236068
 1.000000  2.828427  3.605551
 1.000000  2.828427  3.605551
 1.000000  5.656854  6.403124
 1.000000  5.656854  6.403124
 1.000000  5.656854  6.403124
 1.000000  6.000000  6.708204
 1.000000  9.219544  9.899495
 1.000000  9.219544  9.899495
 1.000000  6.403124  7.071068
 1.000000  5.000000  5.656854
 1.000000  5.000000  5.656854
 1.000000  5.000000  5.656854
 1.000000  5.000000  5.656854
 1.000000  3.605551  4.242641
 1.000000  3.605551  4.242641
 1.000000  4.472136  5.099020
 1.000000  3.000000  3.605551
 1.000000  3.000000  3.605551
 1.000000  2.236068  2.828427
 1.000000  2.236068  2.828427
 1.000000  2.236068  2.828427
 1.000000  1.414214  2.000000
 1.000000  1.414214  2.000000
 1.000000  1.414214  2.000000
 1.000000  1.414214  2.000000
 1.000000  5.830952  6.403124
 1.000000  5.830952  6.403124
 1.000000  5.830952  6.403124
 1.000000  4.472136  5.000000
 1.000000  4.472136  5.000000
 1.000000  4.472136  5.000000
 1.000000  4.472136  5.000000
 1.000000  4.472136  5.000000
 1.000000  4.472136  5.000000
 1.000000  4.472136  5.000000
 1.000000  3.605551  4.123106
 1.000000  3.605551  4.123106
 1.000000  3.605551  4.123106
 1.000000  3.605551  4.123106
 1.000000  3.605551  4.123106
 1.000000  6.708204  7.211103
 1.000000  8.062258  8.544004
 1.000000  8.062258  8.544004
 1.000000  4.000000  4.472136
 1.000000  4.000000  4.472136
 1.000000  9.433981  9.899495
 1.000000  9.433981  9.899495
 1.000000  7.615773  8.062258
 1.000000  7.615773  8.062258
 1.000000  7.615773  8.062258
 1.000000  5.385165  5.830952
 1.000000  5.385165  5.830952
 1.000000  5.385165  5.830952
 1.000000  5.385165  5.830952
 1.000000  3.162278  3.605551
 1.000000  3.162278  3.605551
 1.000000  3.162278  3.605551
 1.000000  3.162278  3.605551
 1.000000  3.162278  3.605551
 1.000000  3.162278  3.605551
 1.000000  3.162278  3.605551
 1.000000  3.162278  3.605551
 1.000000  8.062258  8.485281
 1.000000  8.062258  8.485281
 1.000000  1.000000  1.414214
 1.000000  1.000000  1.414214
 1.000000  1.000000  1.414214
 1.000000  1.000000  1.414214
 1.000000  1.000000  1.414214
 1.000000 10.770330 11.180340
 1.000000  8.544004  8.944272
 1.000000  8.544004  8.944272
 1.000000  8.544004  8.944272
 1.000000  8.544004  8.944272
 1.000000  8.602325  9.000000
 1.000000  3.605551  4.000000
 1.000000  3.605551  4.000000
 1.000000  3.605551  4.000000
 1.000000 10.049876 10.440307
 1.000000  5.000000  5.385165
 1.000000  5.000000  5.385165
 1.000000  5.000000  5.385165
 1.000000  5.000000  5.385165
 1.000000  5.000000  5.385165
 1.000000  5.000000  5.385165
 1.000000  5.000000  5.385165
 1.000000  6.708204  7.071068
 1.000000  9.486833  9.848858
 1.000000 12.649111 13.000000
 1.000000  4.123106  4.472136
 1.000000  4.123106  4.472136
 1.000000  4.123106  4.472136
 1.000000  4.123106  4.472136
 1.000000  7.280110  7.615773
 1.000000  7.280110  7.615773
 1.000000  2.828427  3.162278
 1.000000  2.828427  3.162278
 1.000000  6.403124  6.708204
 1.000000  6.403124  6.708204
 1.000000  6.403124  6.708204
 1.000000  6.708204  7.000000
 1.000000  5.099020  5.385165
 1.000000  5.099020  5.385165
 1.000000  5.099020  5.385165
 1.000000  5.099020  5.385165
 1.000000  5.099020  5.385165
 1.000000  5.099020  5.385165
 1.000000 12.369317 12.649111
 1.000000  8.944272  9.219544
 1.000000  8.944272  9.219544
 1.000000  5.385165  5.656854
 1.000000  5.385165  5.656854
 1.000000  5.385165  5.656854
 1.000000  9.219544  9.486833
 1.000000  7.810250  8.062258
 1.000000  7.810250  8.062258
 1.000000  8.000000  8.246211
 1.000000  6.082763  6.324555
 1.000000  6.082763  6.324555
 1.000000  6.082763  6.324555
 1.000000  6.082763  6.324555
 1.000000  6.082763  6.324555
 1.000000  6.082763  6.324555
 1.000000  6.082763  6.324555
 1.000000  2.000000  2.236068
 1.000000  2.000000  2.236068
 1.000000  2.000000  2.236068
 1.000000  2.000000  2.236068
 1.000000  2.000000  2.236068
 1.000000  2.000000  2.236068
 1.000000  2.000000  2.236068
 1.000000  2.000000  2.236068
 1.000000  4.242641  4.472136
 1.000000  4.242641  4.472136
 1.000000  4.242641  4.472136
 1.000000  4.242641  4.472136
 1.000000  7.071068  7.280110
 1.000000  7.071068  7.280110
 1.000000  7.071068  7.280110
 1.000000  7.615773  7.810250
 1.000000  7.615773  7.810250
 1.000000  7.615773  7.810250
 1.000000  7.810250  8.000000
 1.000000 13.152946 13.341664
 1.000000  8.062258  8.246211
 1.000000  8.062258  8.246211
 1.000000  8.062258  8.246211
 1.000000  8.062258  8.246211
 1.000000  8.062258  8.246211
 1.000000 11.000000 11.180340
 1.000000  5.656854  5.830952
 1.000000  2.828427  3.000000
 1.000000  9.055385  9.219544
 1.000000  3.000000  3.162278
 1.000000  3.000000  3.162278
 1.000000  3.000000  3.162278
 1.000000  3.000000  3.162278
 1.000000  3.000000  3.162278
 1.000000  3.000000  3.162278
 1.000000  3.000000  3.162278
 1.000000  9.848858 10.000000
 1.000000 10.295630 10.440307
 1.000000  7.071068  7.211103
 1.000000  7.071068  7.211103
 1.000000  4.000000  4.123106
 1.000000  4.000000  4.123106
 1.000000  4.000000  4.123106
 1.000000  4.000000  4.123106
 1.000000  4.000000  4.123106
 1.000000  4.000000  4.123106
 1.000000  4.000000  4.123106
 1.000000  4.000000  4.123106
 1.000000  4.000000  4.123106
 1.000000  4.000000  4.123106
 1.000000  4.000000  4.123106
 1.000000  4.000000  4.123106
 1.000000  4.000000  4.123106
 1.000000  4.000000  4.123106
 1.000000  4.123106  4.242641
 1.000000  4.123106  4.242641
 1.000000  4.123106  4.242641
 1.000000  4.123106  4.242641
 1.000000  4.123106  4.242641
 1.000000  8.485281  8.602325
 1.000000  5.000000  5.099020
 1.000000  5.000000  5.099020
 1.000000  5.000000  5.099020
 1.000000  5.000000  5.099020
 1.000000 10.198039 10.295630
 1.000000  6.000000  6.082763
 1.000000  6.000000  6.082763
 1.000000  6.000000  6.082763
 1.000000  6.000000  6.082763
 1.000000  6.000000  6.082763
 1.000000  6.324555  6.403124
 1.000000  6.324555  6.403124
 1.000000  6.324555  6.403124
 1.000000  6.324555  6.403124
 1.000000  6.324555  6.403124
 1.000000  7.000000  7.071068
 1.000000  7.211103  7.280110
 1.000000  7.211103  7.280110
 1.000000  8.000000  8.062258
 1.000000  8.000000  8.062258
 1.000000  8.000000  8.062258
 1.000000  9.848858  9.899495
 1.000000 10.000000 10.049876
 1.000000 11.000000 11.045361
 0.000000 -17.000000       inf
 0.000000 -12.000000  2.000000
 0.000000 -16.031220 -2.236068
 0.000000 -15.524175 -3.162278
 0.000000 -13.928388 -2.000000
 0.000000 -13.152946 -2.000000
 0.000000 -13.601471 -3.000000
 0.000000 -7.071068  3.162278
 0.000000 -5.099020  5.000000
 0.000000 -12.165525 -2.236068
 0.000000 -8.062258  1.414214
 0.000000 -13.152946 -5.000000
 0.000000 -12.000000 -4.000000
 0.000000 -5.656854  2.000000
 0.000000 -5.385165  2.236068
 0.000000 -12.206556 -5.000000
 0.000000 -12.727922 -5.656854
 0.000000 -6.000000  1.000000
 0.000000 -6.000000  1.000000
 0.000000 -2.828427  4.000000
 0.000000 -8.544004 -2.236068
 0.000000 -11.661904 -5.385165
 0.000000 -8.246211 -2.236068
 0.000000 -5.000000  1.000000
 0.000000 -9.899495 -4.000000
 0.000000 -11.704700 -5.830952
 0.000000 -8.000000 -3.162278
 0.000000 -6.000000 -1.414214
 0.000000 -10.770330 -6.403124
 0.000000 -12.165525 -7.810250
 0.000000 -6.403124 -2.236068
 0.000000 -9.433981 -5.385165
 0.000000 -9.219544 -5.385165
 0.000000 -5.830952 -2.000000
 0.000000 -11.661904 -8.246211
 0.000000 -5.385165 -2.000000
 0.000000 -7.615773 -4.242641
 0.000000 -9.433981 -6.082763
 0.000000 -10.440307 -7.211103
 0.000000 -11.045361 -8.000000
 0.000000 -8.602325 -6.000000
 0.000000 -8.544004 -6.082763
 0.000000 -6.403124 -4.000000
 0.000000 -8.485281 -6.082763
 0.000000 -11.000000 -8.602325
 0.000000 -13.416408 -11.180340
 0.000000 -7.810250 -5.656854
 0.000000 -9.219544 -7.071068
 0.000000 -8.062258 -6.000000
 0.000000 -9.000000 -7.000000
 0.000000 -6.082763 -4.123106
 0.000000 -8.602325 -6.708204
 0.000000 -6.000000 -4.123106
 0.000000 -9.899495 -8.062258
 0.000000 -8.944272 -7.211103
 0.000000 -8.000000 -6.403124
 0.000000 -5.656854 -4.123106
 0.000000 -9.433981 -8.062258
 0.000000 -6.324555 -5.000000
 0.000000 -10.295630 -9.000000
 0.000000 -5.385165 -4.123106
 0.000000 -6.324555 -5.099020
 0.000000 -7.615773 -6.403124
 0.000000 -7.000000 -6.000000
 0.000000 -7.000000 -6.000000
 0.000000 -10.816654 -9.899495
 0.000000 -5.830952 -5.000000
 0.000000 -5.830952 -5.000000
 0.000000 -8.000000 -7.211103
 0.000000 -8.000000 -7.280110
 0.000000 -6.708204 -6.000000
 0.000000 -7.071068 -6.403124
 0.000000 -13.000000 -12.369317
 0.000000 -9.848858 -9.219544
 0.000000 -7.810250 -7.211103
 0.000000 -7.280110 -6.708204
 0.000000 -7.615773 -7.071068
 0.000000 -7.615773 -7.071068
 0.000000 -7.615773 -7.071068
 0.000000 -16.031220 -15.524175
 0.000000 -12.165525 -11.704700
 0.000000 -8.944272 -8.544004
 0.000000 -8.000000 -7.615773
 0.000000 -7.615773 -7.280110
 0.000000 -7.615773 -7.280110
 0.000000 -6.708204 -6.403124
 0.000000 -6.708204 -6.403124
 0.000000 -6.708204 -6.403124
 0.000000 -6.708204 -6.403124
 0.000000 -8.544004 -8.246211
 0.000000 -8.544004 -8.246211
 0.000000 -7.280110 -7.000000
 0.000000 -9.486833 -9.219544
 0.000000 -8.062258 -7.810250
 0.000000 -6.324555 -6.082763
 0.000000 -6.324555 -6.082763
 0.000000 -4.472136 -4.242641
 0.000000 -11.401754 -11.180340
 0.000000 -9.433981 -9.219544
 0.000000 -7.211103 -7.071068
 0.000000 -7.211103 -7.071068
 0.000000 -7.211103 -7.071068
 0.000000 -8.602325 -8.485281
 0.000000 -8.602325 -8.485281
 0.000000 -9.055385 -8.944272
 0.000000 -10.000000 -9.899495
 0.000000 -5.099020 -5.000000
 0.000000 -6.082763 -6.000000
 0.000000 -6.082763 -6.000000
 0.000000 -6.082763 -6.000000
 0.000000 -6.082763 -6.000000
 0.000000 -7.071068 -7.000000
 0.000000 -7.280110 -7.211103
 0.000000 -7.280110 -7.211103
 0.000000 -7.280110 -7.211103
 0.000000 -7.280110 -7.211103
 0.000000 -8.062258 -8.000000
 0.000000 -8.544004 -8.485281
 0.000000 -8.544004 -8.485281
 0.000000 -8.602325 -8.544004
 0.000000 -11.045361 -11.000000
