 1.000000  4.000000 15.000000
 1.000000 -1.000000  9.055385
 1.000000  3.000000 12.041595
 1.000000  4.242641 13.038405
 1.000000 -3.000000  5.000000
 1.000000  4.123106 12.000000
 1.000000 -1.000000  6.708204
 1.000000 -3.000000  4.123106
 1.000000 -5.000000  2.000000
 1.000000 -3.162278  3.162278
 1.000000  8.544004 14.866069
 1.000000 -4.000000  2.000000
 1.000000 -2.828427  3.162278
 1.000000  6.082763 11.704700
 1.000000  4.242641  9.486833
 1.000000 -2.000000  3.000000
 1.000000  8.062258 12.369317
 1.000000  3.162278  7.000000
 1.000000  4.242641  8.062258
 1.000000  5.385165  9.000000
 1.000000  5.000000  8.602325
 1.000000 -2.000000  1.414214
 1.000000  3.605551  7.000000
 1.000000  3.605551  7.000000
 1.000000 -1.000000  2.236068
 1.000000 -2.000000  1.000000
 1.000000  4.242641  6.708204
 1.000000  5.656854  8.062258
 1.000000 -1.000000  1.000000
 1.000000  5.000000  7.000000
 1.000000  3.000000  5.000000
 1.000000 -1.000000  1.000000
 1.000000  4.000000  6.000000
 1.000000  1.000000  2.828427
 1.000000  6.403124  8.062258
 1.000000  7.071068  8.544004
 1.000000  3.605551  5.000000
 1.000000  5.000000  6.324555
 1.000000  6.000000  7.280110
 1.000000  4.000000  5.099020
 1.000000  5.000000  6.000000
 1.000000  1.000000  2.000000
 1.000000  1.000000  2.000000
 1.000000 12.529964 13.453624
 1.000000  6.082763  7.000000
 1.000000  5.099020  6.000000
 1.000000  4.242641  5.099020
 1.000000  3.162278  4.000000
 1.000000  5.000000  5.830952
 1.000000  2.000000  2.828427
 1.000000  7.211103  8.000000
 1.000000  4.242641  5.000000
 1.000000  7.810250  8.485281
 1.000000  5.000000  5.656854
 1.000000  5.000000  5.656854
 1.000000  3.605551  4.242641
 1.000000  3.605551  4.242641
 1.000000  6.082763  6.708204
 1.000000  7.000000  7.615773
 1.000000  3.000000  3.605551
 1.000000  3.000000  3.605551
 1.000000  2.236068  2.828427
 1.000000  2.236068  2.828427
 1.000000  2.236068  2.828427
 1.000000  2.236068  2.828427
 1.000000  2.236068  2.828427
 1.000000  2.236068  2.828427
 1.000000  2.236068  2.828427
 1.000000  2.236068  2.828427
 1.000000  2.236068  2.828427
 1.000000  2.236068  2.828427
 1.000000  1.414214  2.000000
 1.000000  1.414214  2.000000
 1.000000  1.414214  2.000000
 1.000000  1.414214  2.000000
 1.000000  1.414214  2.000000
 1.000000  1.414214  2.000000
 1.000000  5.830952  6.403124
 1.000000  5.099020  5.656854
 1.000000  4.472136  5.000000
 1.000000  4.472136  5.000000
 1.000000  4.472136  5.000000
 1.000000  4.472136  5.000000
 1.000000  4.472136  5.000000
 1.000000  4.472136  5.000000
 1.000000  4.472136  5.000000
 1.000000  4.472136  5.000000
 1.000000  4.472136  5.000000
 1.000000  4.472136  5.000000
 1.000000  4.472136  5.000000
 1.000000  4.472136  5.000000
 1.000000  4.472136  5.000000
 1.000000  4.472136  5.000000
 1.000000  4.472136  5.000000
 1.000000  3.605551  4.123106
 1.000000  3.605551  4.123106
 1.000000  3.605551  4.123106
 1.000000  3.605551  4.123106
 1.000000  3.605551  4.123106
 1.000000  8.544004  9.055385
 1.000000 10.816654 11.313708
 1.000000  5.830952  6.324555
 1.000000  5.830952  6.324555
 1.000000 12.083046 12.529964
 1.000000  7.615773  8.062258
 1.000000  5.385165  5.830952
 1.000000  5.385165  5.830952
 1.000000  5.385165  5.830952
 1.000000  5.385165  5.830952
 1.000000  3.162278  3.605551
 1.000000  3.162278  3.605551
 1.000000  8.062258  8.485281
 1.000000  1.000000  1.414214
 1.000000  1.000000  1.414214
 1.000000  1.000000  1.414214
 1.000000  7.211103  7.615773
 1.000000  7.211103  7.615773
 1.000000  7.211103  7.615773
 1.000000  8.544004  8.944272
 1.000000  5.000000  5.385165
 1.000000  5.000000  5.385165
 1.000000  7.615773  8.000000
 1.000000  6.324555  6.708204
 1.000000  6.708204  7.071068
 1.000000  6.708204  7.071068
 1.000000 12.649111 13.000000
 1.000000  4.123106  4.472136
 1.000000  4.123106  4.472136
 1.000000  4.123106  4.472136
 1.000000  7.280110  7.615773
 1.000000  2.828427  3.162278
 1.000000 10.440307 10.770330
 1.000000  6.403124  6.708204
 1.000000  6.403124  6.708204
 1.000000 11.401754 11.704700
 1.000000  5.099020  5.385165
 1.000000  5.099020  5.385165
 1.000000  5.099020  5.385165
 1.000000  5.099020  5.385165
 1.000000  5.099020  5.385165
 1.000000  5.099020  5.385165
 1.000000  7.000000  7.280110
 1.000000  7.000000  7.280110
 1.000000  5.385165  5.656854
 1.000000  5.385165  5.656854
 1.000000  5.385165  5.656854
 1.000000  5.830952  6.082763
 1.000000  5.830952  6.082763
 1.000000  5.830952  6.082763
 1.000000  8.000000  8.246211
 1.000000  6.082763  6.324555
 1.000000  6.082763  6.324555
 1.000000  6.082763  6.324555
 1.000000  6.082763  6.324555
 1.000000  6.082763  6.324555
 1.000000  6.082763  6.324555
 1.000000  6.082763  6.324555
 1.000000  6.082763  6.324555
 1.000000  2.000000  2.236068
 1.000000  2.000000  2.236068
 1.000000  2.000000  2.236068
 1.000000  2.000000  2.236068
 1.000000  2.000000  2.236068
 1.000000  2.000000  2.236068
 1.000000  2.000000  2.236068
 1.000000  2.000000  2.236068
 1.000000  2.000000  2.236068
 1.000000 12.806248 13.038405
 1.000000  4.242641  4.472136
 1.000000  4.242641  4.472136
 1.000000  4.242641  4.472136
 1.000000  4.242641  4.472136
 1.000000  4.242641  4.472136
 1.000000  4.242641  4.472136
 1.000000  7.071068  7.280110
 1.000000  9.848858 10.049876
 1.000000 13.152946 13.341664
 1.000000  5.656854  5.830952
 1.000000  5.656854  5.830952
 1.000000  5.656854  5.830952
 1.000000  2.828427  3.000000
 1.000000  9.055385  9.219544
 1.000000  9.055385  9.219544
 1.000000  3.000000  3.162278
 1.000000  3.000000  3.162278
 1.000000  3.000000  3.162278
 1.000000  3.000000  3.162278
 1.000000  3.000000  3.162278
 1.000000  3.000000  3.162278
 1.000000  3.000000  3.162278
 1.000000 12.649111 12.806248
 1.000000  7.071068  7.211103
 1.000000 11.180340 11.313708
 1.000000  4.000000  4.123106
 1.000000  4.000000  4.123106
 1.000000  4.000000  4.123106
 1.000000  4.000000  4.123106
 1.000000  4.000000  4.123106
 1.000000  4.000000  4.123106
 1.000000  4.123106  4.242641
 1.000000  4.123106  4.242641
 1.000000  4.123106  4.242641
 1.000000  4.123106  4.242641
 1.000000  4.123106  4.242641
 1.000000  4.123106  4.242641
 1.000000  8.485281  8.602325
 1.000000  8.485281  8.602325
 1.000000  5.000000  5.099020
 1.000000  5.000000  5.099020
 1.000000  5.000000  5.099020
 1.000000  6.000000  6.082763
 1.000000  6.000000  6.082763
 1.000000  6.000000  6.082763
 1.000000  6.000000  6.082763
 1.000000  6.000000  6.082763
 1.000000  6.324555  6.403124
 1.000000  6.324555  6.403124
 1.000000  6.324555  6.403124
 1.000000  6.324555  6.403124
 1.000000  7.000000  7.071068
 1.000000  7.000000  7.071068
 1.000000  7.000000  7.071068
 1.000000  9.000000  9.055385
 1.000000  9.000000  9.055385
 1.000000 13.000000 13.038405
 1.000000 14.000000 14.035669
 0.000000 -18.000000       inf
 0.000000 -15.556349  2.000000
 0.000000 -16.155494  1.000000
 0.000000 -11.401754  4.000000
 0.000000 -16.124515 -1.414214
 0.000000 -10.295630  2.236068
 0.000000 -7.000000  4.242641
 0.000000 -8.544004  2.000000
 0.000000 -5.385165  5.000000
 0.000000 -7.000000  3.000000
 0.000000 -6.000000  3.605551
 0.000000 -6.324555  3.162278
 0.000000 -12.041595 -3.000000
 0.000000 -6.324555  2.236068
 0.000000 -10.198039 -2.000000
 0.000000 -9.848858 -2.236068
 0.000000 -5.830952  1.414214
 0.000000 -11.180340 -4.000000
 0.000000 -11.045361 -4.000000
 0.000000 -11.180340 -4.242641
 0.000000 -8.062258 -2.236068
 0.000000 -10.000000 -4.242641
 0.000000 -9.848858 -4.123106
 0.000000 -12.649111 -7.071068
 0.000000 -9.000000 -3.605551
 0.000000 -8.246211 -3.000000
 0.000000 -12.165525 -7.071068
 0.000000 -12.529964 -7.810250
 0.000000 -8.000000 -3.605551
 0.000000 -9.899495 -5.656854
 0.000000 -1.000000  3.000000
 0.000000 -7.000000 -3.162278
 0.000000 -9.848858 -6.082763
 0.000000 -6.708204 -3.000000
 0.000000 -10.440307 -7.071068
 0.000000 -6.082763 -2.828427
 0.000000 -6.000000 -2.828427
 0.000000 -11.401754 -8.485281
 0.000000 -9.848858 -7.000000
 0.000000 -6.403124 -3.605551
 0.000000 -12.000000 -9.219544
 0.000000 -9.433981 -7.071068
 0.000000 -6.324555 -4.000000
 0.000000 -9.219544 -7.071068
 0.000000 -4.000000 -2.000000
 0.000000 -2.828427 -1.000000
 0.000000 -11.180340 -9.433981
 0.000000 -5.656854 -4.000000
 0.000000 -6.708204 -5.099020
 0.000000 -7.071068 -5.656854
 0.000000 -6.403124 -5.000000
 0.000000 -6.403124 -5.000000
 0.000000 -11.401754 -10.000000
 0.000000 -2.236068 -1.000000
 0.000000 -9.000000 -7.810250
 0.000000 -6.082763 -5.000000
 0.000000 -11.045361 -10.000000
 0.000000 -9.000000 -8.000000
 0.000000 -9.055385 -8.062258
 0.000000 -6.324555 -5.385165
 0.000000 -8.602325 -7.810250
 0.000000 -8.000000 -7.280110
 0.000000 -7.000000 -6.324555
 0.000000 -7.000000 -6.324555
 0.000000 -11.401754 -10.770330
 0.000000 -9.219544 -8.602325
 0.000000 -6.403124 -5.830952
 0.000000 -5.000000 -4.472136
 0.000000 -14.560220 -14.035669
 0.000000 -8.544004 -8.062258
 0.000000 -13.453624 -13.000000
 0.000000 -8.485281 -8.062258
 0.000000 -1.414214 -1.000000
 0.000000 -11.180340 -10.770330
 0.000000 -6.708204 -6.324555
 0.000000 -11.180340 -10.816654
 0.000000 -7.071068 -6.708204
 0.000000 -8.944272 -8.602325
 0.000000 -7.615773 -7.280110
 0.000000 -6.324555 -6.000000
 0.000000 -6.324555 -6.000000
 0.000000 -12.529964 -12.206556
 0.000000 -6.708204 -6.403124
 0.000000 -10.295630 -10.000000
 0.000000 -14.317821 -14.035669
 0.000000 -9.219544 -8.944272
 0.000000 -11.661904 -11.401754
 0.000000 -8.062258 -7.810250
 0.000000 -8.062258 -7.810250
 0.000000 -10.440307 -10.198039
 0.000000 -6.324555 -6.082763
 0.000000 -6.324555 -6.082763
 0.000000 -6.324555 -6.082763
 0.000000 -9.219544 -9.000000
 0.000000 -9.219544 -9.000000
 0.000000 -10.198039 -10.000000
 0.000000 -8.000000 -7.810250
 0.000000 -8.246211 -8.062258
 0.000000 -8.246211 -8.062258
 0.000000 -3.000000 -2.828427
 0.000000 -3.162278 -3.000000
 0.000000 -12.529964 -12.369317
 0.000000 -11.180340 -11.045361
 0.000000 -4.123106 -4.000000
 0.000000 -8.602325 -8.485281
 0.000000 -10.295630 -10.198039
 0.000000 -11.401754 -11.313708
 0.000000 -6.082763 -6.000000
 0.000000 -6.403124 -6.324555
 0.000000 -8.062258 -8.000000
 0.000000 -9.055385 -9.000000
 0.000000 -9.486833 -9.433981
 0.000000 -9.486833 -9.433981
 0.000000 -10.049876 -10.000000
 0.000000 -10.816654 -10.770330
 0.000000 -11.704700 -11.661904
