 1.000000  3.162278 15.033296
 1.000000 -2.000000  7.615773
 1.000000 -6.082763  2.236068
 1.000000 -5.000000  3.000000
 1.000000  3.162278 10.630146
 1.000000  4.000000 11.313708
 1.000000 -1.414214  5.656854
 1.000000 -2.828427  4.123106
 1.000000 -1.000000  5.830952
 1.000000 -2.000000  4.472136
 1.000000  5.000000 11.313708
 1.000000  2.000000  8.246211
 1.000000 -3.162278  2.828427
 1.000000 -4.242641  1.414214
 1.000000  4.242641  9.848858
 1.000000 -1.000000  4.000000
 1.000000  4.242641  9.000000
 1.000000  1.414214  6.082763
 1.000000 -3.000000  1.414214
 1.000000  4.123106  8.062258
 1.000000  5.385165  8.944272
 1.000000  4.000000  7.280110
 1.000000  7.071068  9.899495
 1.000000  4.242641  6.708204
 1.000000  2.000000  4.123106
 1.000000  3.605551  5.656854
 1.000000  3.000000  5.000000
 1.000000  7.000000  8.944272
 1.000000  7.000000  8.944272
 1.000000  1.000000  2.828427
 1.000000  5.385165  7.000000
 1.000000  5.656854  7.211103
 1.000000  4.000000  5.385165
 1.000000  2.236068  3.605551
 1.000000  1.000000  2.236068
 1.000000 10.440307 11.661904
 1.000000  2.828427  4.000000
 1.000000  2.828427  4.000000
 1.000000  4.000000  5.099020
 1.000000  5.000000  6.082763
 1.000000  3.000000  4.000000
 1.000000  3.000000  4.000000
 1.000000  4.123106  5.000000
 1.000000  4.123106  5.000000
 1.000000  3.605551  4.472136
 1.000000  2.000000  2.828427
 1.000000  7.211103  8.000000
 1.000000  4.242641  5.000000
 1.000000  6.403124  7.071068
 1.000000  6.403124  7.071068
 1.000000  5.000000  5.656854
 1.000000  5.000000  5.656854
 1.000000  3.605551  4.242641
 1.000000  3.000000  3.605551
 1.000000  2.236068  2.828427
 1.000000  2.236068  2.828427
 1.000000  2.236068  2.828427
 1.000000  2.236068  2.828427
 1.000000  2.236068  2.828427
 1.000000  2.236068  2.828427
 1.000000  2.236068  2.828427
 1.000000  2.236068  2.828427
 1.000000  2.236068  2.828427
 1.000000  2.236068  2.828427
 1.000000  1.414214  2.000000
 1.000000  1.414214  2.000000
 1.000000  1.414214  2.000000
 1.000000  1.414214  2.000000
 1.000000  5.830952  6.403124
 1.000000  4.472136  5.000000
 1.000000  4.472136  5.000000
 1.000000  4.472136  5.000000
 1.000000  4.472136  5.000000
 1.000000  4.472136  5.000000
 1.000000  4.472136  5.000000
 1.000000  4.472136  5.000000
 1.000000  4.472136  5.000000
 1.000000  4.472136  5.000000
 1.000000  4.472136  5.000000
 1.000000  4.472136  5.000000
 1.000000  3.605551  4.123106
 1.000000  3.605551  4.123106
 1.000000  3.605551  4.123106
 1.000000  6.708204  7.211103
 1.000000  5.830952  6.324555
 1.000000  7.615773  8.062258
 1.000000  5.385165  5.830952
 1.000000  5.385165  5.830952
 1.000000  5.385165  5.830952
 1.000000  5.385165  5.830952
 1.000000  5.385165  5.830952
 1.000000  3.162278  3.605551
 1.000000  3.162278  3.605551
 1.000000  3.162278  3.605551
 1.000000  3.162278  3.605551
 1.000000  3.162278  3.605551
 1.000000  3.162278  3.605551
 1.000000  3.162278  3.605551
 1.000000  3.162278  3.605551
 1.000000  3.162278  3.605551
 1.000000  9.055385  9.486833
 1.000000  9.433981  9.848858
 1.000000  1.000000  1.414214
 1.000000 10.770330 11.180340
 1.000000  7.211103  7.615773
 1.000000  7.211103  7.615773
 1.000000  7.211103  7.615773
 1.000000  7.211103  7.615773
 1.000000  6.000000  6.403124
 1.000000  8.544004  8.944272
 1.000000  3.605551  4.000000
 1.000000  3.605551  4.000000
 1.000000  5.000000  5.385165
 1.000000  5.000000  5.385165
 1.000000  5.000000  5.385165
 1.000000  5.000000  5.385165
 1.000000  9.055385  9.433981
 1.000000  6.708204  7.071068
 1.000000  9.486833  9.848858
 1.000000  4.123106  4.472136
 1.000000  4.123106  4.472136
 1.000000  7.280110  7.615773
 1.000000  7.280110  7.615773
 1.000000  7.280110  7.615773
 1.000000  7.280110  7.615773
 1.000000  7.280110  7.615773
 1.000000 10.295630 10.630146
 1.000000 10.295630 10.630146
 1.000000  2.828427  3.162278
 1.000000  2.828427  3.162278
 1.000000  6.000000  6.324555
 1.000000  6.403124  6.708204
 1.000000  8.246211  8.544004
 1.000000  6.708204  7.000000
 1.000000  5.099020  5.385165
 1.000000  5.099020  5.385165
 1.000000  5.099020  5.385165
 1.000000  5.099020  5.385165
 1.000000  5.099020  5.385165
 1.000000  5.099020  5.385165
 1.000000  5.099020  5.385165
 1.000000  5.385165  5.656854
 1.000000  5.385165  5.656854
 1.000000  5.385165  5.656854
 1.000000  5.385165  5.656854
 1.000000  5.385165  5.656854
 1.000000  9.219544  9.486833
 1.000000  5.830952  6.082763
 1.000000 10.198039 10.440307
 1.000000  6.082763  6.324555
 1.000000  2.000000  2.236068
 1.000000  2.000000  2.236068
 1.000000  2.000000  2.236068
 1.000000  2.000000  2.236068
 1.000000  2.000000  2.236068
 1.000000  2.000000  2.236068
 1.000000  2.000000  2.236068
 1.000000  4.242641  4.472136
 1.000000  4.242641  4.472136
 1.000000  4.242641  4.472136
 1.000000  4.242641  4.472136
 1.000000  4.242641  4.472136
 1.000000  4.242641  4.472136
 1.000000 11.180340 11.401754
 1.000000  7.071068  7.280110
 1.000000  7.615773  7.810250
 1.000000 10.630146 10.816654
 1.000000  8.062258  8.246211
 1.000000  2.828427  3.000000
 1.000000  2.828427  3.000000
 1.000000  5.830952  6.000000
 1.000000 12.000000 12.165525
 1.000000  3.000000  3.162278
 1.000000  3.000000  3.162278
 1.000000  3.000000  3.162278
 1.000000 10.630146 10.770330
 1.000000 10.630146 10.770330
 1.000000 10.630146 10.770330
 1.000000  7.071068  7.211103
 1.000000  7.071068  7.211103
 1.000000  7.071068  7.211103
 1.000000  7.071068  7.211103
 1.000000 11.180340 11.313708
 1.000000  4.000000  4.123106
 1.000000  4.000000  4.123106
 1.000000  4.000000  4.123106
 1.000000  4.000000  4.123106
 1.000000  4.000000  4.123106
 1.000000  4.000000  4.123106
 1.000000  4.000000  4.123106
 1.000000  4.000000  4.123106
 1.000000  4.000000  4.123106
 1.000000  4.000000  4.123106
 1.000000  4.000000  4.123106
 1.000000  4.000000  4.123106
 1.000000  4.123106  4.242641
 1.000000  4.123106  4.242641
 1.000000  4.123106  4.242641
 1.000000  8.485281  8.602325
 1.000000  5.000000  5.099020
 1.000000  5.000000  5.099020
 1.000000  5.000000  5.099020
 1.000000  5.000000  5.099020
 1.000000  5.000000  5.099020
 1.000000  6.000000  6.082763
 1.000000  6.000000  6.082763
 1.000000  6.000000  6.082763
 1.000000  6.000000  6.082763
 1.000000  6.000000  6.082763
 1.000000  6.000000  6.082763
 1.000000 12.083046 12.165525
 1.000000  6.324555  6.403124
 1.000000  6.324555  6.403124
 1.000000  7.000000  7.071068
 1.000000  7.000000  7.071068
 1.000000  7.000000  7.071068
 1.000000  8.000000  8.062258
 1.000000  8.000000  8.062258
 1.000000  8.000000  8.062258
 1.000000  8.544004  8.602325
 1.000000  9.848858  9.899495
 1.000000 10.000000 10.049876
 1.000000 11.000000 11.045361
 0.000000 -16.000000       inf
 0.000000 -12.369317  2.000000
 0.000000 -4.123106 10.000000
 0.000000 -9.848858  3.605551
 0.000000 -11.401754  2.000000
 0.000000 -12.041595  1.000000
 0.000000 -14.866069 -2.236068
 0.000000 -14.866069 -2.236068
 0.000000 -7.615773  2.236068
 0.000000 -12.000000 -2.828427
 0.000000 -7.071068  2.000000
 0.000000 -6.324555  2.000000
 0.000000 -10.440307 -2.236068
 0.000000 -13.892444 -5.830952
 0.000000 -12.041595 -4.123106
 0.000000 -8.062258 -1.000000
 0.000000 -1.000000  6.000000
 0.000000 -10.440307 -3.605551
 0.000000 -7.810250 -1.414214
 0.000000 -12.041595 -6.000000
 0.000000 -11.401754 -5.830952
 0.000000 -6.324555 -1.000000
 0.000000 -10.000000 -5.385165
 0.000000 -10.295630 -6.000000
 0.000000 -10.000000 -6.000000
 0.000000 -8.062258 -4.123106
 0.000000 -8.062258 -4.123106
 0.000000 -8.062258 -4.472136
 0.000000 -6.324555 -3.000000
 0.000000 -8.944272 -5.656854
 0.000000 -13.152946 -10.000000
 0.000000 -9.433981 -6.403124
 0.000000 -6.000000 -3.000000
 0.000000 -6.082763 -3.162278
 0.000000 -10.198039 -7.280110
 0.000000 -9.848858 -7.211103
 0.000000 -10.000000 -7.615773
 0.000000 -9.219544 -7.071068
 0.000000 -6.324555 -4.242641
 0.000000 -9.000000 -7.000000
 0.000000 -8.062258 -6.082763
 0.000000 -6.403124 -4.472136
 0.000000 -8.246211 -6.324555
 0.000000 -6.082763 -4.242641
 0.000000 -4.000000 -2.236068
 0.000000 -7.810250 -6.082763
 0.000000 -6.708204 -5.000000
 0.000000 -9.486833 -7.810250
 0.000000 -3.000000 -1.414214
 0.000000 -8.602325 -7.071068
 0.000000 -8.485281 -7.071068
 0.000000 -9.219544 -7.810250
 0.000000 -9.219544 -8.062258
 0.000000 -8.944272 -7.810250
 0.000000 -7.071068 -6.000000
 0.000000 -8.062258 -7.000000
 0.000000 -8.062258 -7.000000
 0.000000 -11.661904 -10.630146
 0.000000 -6.324555 -5.385165
 0.000000 -6.000000 -5.099020
 0.000000 -9.486833 -8.602325
 0.000000 -8.944272 -8.062258
 0.000000 -7.211103 -6.403124
 0.000000 -5.830952 -5.099020
 0.000000 -7.071068 -6.403124
 0.000000 -7.071068 -6.403124
 0.000000 -7.615773 -7.000000
 0.000000 -3.605551 -3.000000
 0.000000 -7.000000 -6.403124
 0.000000 -10.000000 -9.433981
 0.000000 -11.313708 -10.770330
 0.000000 -9.055385 -8.544004
 0.000000 -7.211103 -6.708204
 0.000000 -9.486833 -9.000000
 0.000000 -8.944272 -8.485281
 0.000000 -9.433981 -9.000000
 0.000000 -7.615773 -7.211103
 0.000000 -8.944272 -8.544004
 0.000000 -5.385165 -5.000000
 0.000000 -12.369317 -12.000000
 0.000000 -11.180340 -10.816654
 0.000000 -8.944272 -8.602325
 0.000000 -13.341664 -13.000000
 0.000000 -7.615773 -7.280110
 0.000000 -7.615773 -7.280110
 0.000000 -7.615773 -7.280110
 0.000000 -6.708204 -6.403124
 0.000000 -6.708204 -6.403124
 0.000000 -8.544004 -8.246211
 0.000000 -7.000000 -6.708204
 0.000000 -7.000000 -6.708204
 0.000000 -5.385165 -5.099020
 0.000000 -9.219544 -8.944272
 0.000000 -8.062258 -7.810250
 0.000000 -6.082763 -5.830952
 0.000000 -8.246211 -8.000000
 0.000000 -6.324555 -6.082763
 0.000000 -6.324555 -6.082763
 0.000000 -6.324555 -6.082763
 0.000000 -6.324555 -6.082763
 0.000000 -9.433981 -9.219544
 0.000000 -9.433981 -9.219544
 0.000000 -9.433981 -9.219544
 0.000000 -7.280110 -7.071068
 0.000000 -7.280110 -7.071068
 0.000000 -7.810250 -7.615773
 0.000000 -13.341664 -13.152946
 0.000000 -8.246211 -8.062258
 0.000000 -8.246211 -8.062258
 0.000000 -11.180340 -11.000000
 0.000000 -12.165525 -12.000000
 0.000000 -9.219544 -9.055385
 0.000000 -7.211103 -7.071068
 0.000000 -7.211103 -7.071068
 0.000000 -7.211103 -7.071068
 0.000000 -11.180340 -11.045361
 0.000000 -10.000000 -9.899495
 0.000000 -10.000000 -9.899495
 0.000000 -11.401754 -11.313708
 0.000000 -6.082763 -6.000000
 0.000000 -6.082763 -6.000000
 0.000000 -6.082763 -6.000000
 0.000000 -6.082763 -6.000000
 0.000000 -6.403124 -6.324555
 0.000000 -7.071068 -7.000000
 0.000000 -7.071068 -7.000000
 0.000000 -7.071068 -7.000000
 0.000000 -7.280110 -7.211103
 0.000000 -7.280110 -7.211103
 0.000000 -8.062258 -8.000000
 0.000000 -8.062258 -8.000000
 0.000000 -8.544004 -8.485281
 0.000000 -8.544004 -8.485281
 0.000000 -8.602325 -8.544004
 0.000000 -9.000000 -8.944272
 0.000000 -9.055385 -9.000000
 0.000000 -9.899495 -9.848858
 0.000000 -10.049876 -10.000000
 0.000000 -12.041595 -12.000000
