 1.000000 -6.708204  2.236068
 1.000000  3.000000 11.661904
 1.000000  8.062258 15.811388
 1.000000  4.000000 11.661904
 1.000000  6.324555 13.892444
 1.000000  4.000000 10.000000
 1.000000 -2.236068  3.605551
 1.000000  3.162278  9.000000
 1.000000  8.246211 13.892444
 1.000000  5.385165 10.630146
 1.000000  4.123106  8.485281
 1.000000  4.123106  7.615773
 1.000000  8.000000 11.313708
 1.000000  3.000000  6.082763
 1.000000  2.000000  5.000000
 1.000000 -2.000000  1.000000
 1.000000  5.099020  8.062258
 1.000000  5.385165  8.000000
 1.000000 -1.414214  1.000000
 1.000000 -1.414214  1.000000
 1.000000  4.000000  6.403124
 1.000000 10.440307 12.649111
 1.000000 11.401754 13.601471
 1.000000  4.242641  6.324555
 1.000000 -1.000000  1.000000
 1.000000  3.000000  5.000000
 1.000000  3.000000  5.000000
 1.000000 -1.000000  1.000000
 1.000000  6.000000  7.810250
 1.000000  8.246211 10.049876
 1.000000  3.605551  5.385165
 1.000000  8.246211 10.000000
 1.000000  7.071068  8.544004
 1.000000  3.000000  4.472136
 1.000000  5.000000  6.403124
 1.000000 12.206556 13.601471
 1.000000  5.830952  7.000000
 1.000000  2.000000  3.162278
 1.000000  3.000000  4.123106
 1.000000  4.000000  5.099020
 1.000000  5.000000  6.082763
 1.000000  3.162278  4.242641
 1.000000  7.000000  8.062258
 1.000000  4.000000  5.000000
 1.000000  1.000000  2.000000
 1.000000  1.000000  2.000000
 1.000000  3.000000  4.000000
 1.000000  2.236068  3.162278
 1.000000  2.236068  3.162278
 1.000000  2.000000  2.828427
 1.000000  2.000000  2.828427
 1.000000  1.414214  2.236068
 1.000000  2.828427  3.605551
 1.000000  2.828427  3.605551
 1.000000  4.242641  5.000000
 1.000000  4.242641  5.000000
 1.000000  7.810250  8.485281
 1.000000  7.810250  8.485281
 1.000000  7.810250  8.485281
 1.000000  6.403124  7.071068
 1.000000  5.000000  5.656854
 1.000000  5.000000  5.656854
 1.000000  5.000000  5.656854
 1.000000  5.000000  5.656854
 1.000000  3.605551  4.242641
 1.000000  4.472136  5.099020
 1.000000  7.000000  7.615773
 1.000000 10.440307 11.045361
 1.000000  2.236068  2.828427
 1.000000  2.236068  2.828427
 1.000000  2.236068  2.828427
 1.000000  2.236068  2.828427
 1.000000  2.236068  2.828427
 1.000000  2.236068  2.828427
 1.000000  2.236068  2.828427
 1.000000  2.236068  2.828427
 1.000000  1.414214  2.000000
 1.000000  1.414214  2.000000
 1.000000  1.414214  2.000000
 1.000000  1.414214  2.000000
 1.000000  8.062258  8.602325
 1.000000 12.806248 13.341664
 1.000000  4.472136  5.000000
 1.000000  4.472136  5.000000
 1.000000  4.472136  5.000000
 1.000000  4.472136  5.000000
 1.000000  6.708204  7.211103
 1.000000  6.708204  7.211103
 1.000000  6.708204  7.211103
 1.000000  5.830952  6.324555
 1.000000  5.830952  6.324555
 1.000000  5.830952  6.324555
 1.000000  4.000000  4.472136
 1.000000  4.000000  4.472136
 1.000000 12.529964 13.000000
 1.000000 12.529964 13.000000
 1.000000  7.615773  8.062258
 1.000000  7.615773  8.062258
 1.000000  7.615773  8.062258
 1.000000  5.385165  5.830952
 1.000000  3.162278  3.605551
 1.000000  3.162278  3.605551
 1.000000  3.162278  3.605551
 1.000000  3.162278  3.605551
 1.000000  3.162278  3.605551
 1.000000  3.162278  3.605551
 1.000000  3.162278  3.605551
 1.000000  3.162278  3.605551
 1.000000  3.162278  3.605551
 1.000000  3.162278  3.605551
 1.000000  3.162278  3.605551
 1.000000 13.038405 13.453624
 1.000000  1.000000  1.414214
 1.000000  1.000000  1.414214
 1.000000  1.000000  1.414214
 1.000000  1.000000  1.414214
 1.000000  1.000000  1.414214
 1.000000  7.211103  7.615773
 1.000000  7.211103  7.615773
 1.000000  6.000000  6.403124
 1.000000  8.544004  8.944272
 1.000000  8.544004  8.944272
 1.000000  8.544004  8.944272
 1.000000  5.000000  5.385165
 1.000000  5.000000  5.385165
 1.000000  5.000000  5.385165
 1.000000  5.000000  5.385165
 1.000000  6.708204  7.071068
 1.000000  6.708204  7.071068
 1.000000  6.708204  7.071068
 1.000000 12.649111 13.000000
 1.000000  4.123106  4.472136
 1.000000  4.123106  4.472136
 1.000000 11.313708 11.661904
 1.000000  8.602325  8.944272
 1.000000 11.704700 12.041595
 1.000000  7.280110  7.615773
 1.000000  7.280110  7.615773
 1.000000  7.280110  7.615773
 1.000000  2.828427  3.162278
 1.000000 10.440307 10.770330
 1.000000  6.403124  6.708204
 1.000000  8.246211  8.544004
 1.000000  8.246211  8.544004
 1.000000  8.246211  8.544004
 1.000000  5.099020  5.385165
 1.000000  5.099020  5.385165
 1.000000  7.000000  7.280110
 1.000000 12.529964 12.806248
 1.000000 12.529964 12.806248
 1.000000 12.727922 13.000000
 1.000000  5.385165  5.656854
 1.000000  5.385165  5.656854
 1.000000  5.385165  5.656854
 1.000000  5.385165  5.656854
 1.000000  5.385165  5.656854
 1.000000  5.385165  5.656854
 1.000000  7.810250  8.062258
 1.000000  7.810250  8.062258
 1.000000  7.810250  8.062258
 1.000000  7.810250  8.062258
 1.000000  5.830952  6.082763
 1.000000  6.082763  6.324555
 1.000000  6.082763  6.324555
 1.000000  8.246211  8.485281
 1.000000  8.246211  8.485281
 1.000000  2.000000  2.236068
 1.000000  2.000000  2.236068
 1.000000  2.000000  2.236068
 1.000000  2.000000  2.236068
 1.000000  2.000000  2.236068
 1.000000 10.770330 11.000000
 1.000000  4.242641  4.472136
 1.000000  4.242641  4.472136
 1.000000  4.242641  4.472136
 1.000000  4.242641  4.472136
 1.000000  4.242641  4.472136
 1.000000  4.242641  4.472136
 1.000000  4.242641  4.472136
 1.000000 11.180340 11.401754
 1.000000  9.219544  9.433981
 1.000000  7.071068  7.280110
 1.000000 10.440307 10.630146
 1.000000 10.630146 10.816654
 1.000000  8.062258  8.246211
 1.000000 11.000000 11.180340
 1.000000 11.000000 11.180340
 1.000000  5.656854  5.830952
 1.000000  5.830952  6.000000
 1.000000  3.000000  3.162278
 1.000000  3.000000  3.162278
 1.000000  3.000000  3.162278
 1.000000  3.000000  3.162278
 1.000000  3.000000  3.162278
 1.000000  3.000000  3.162278
 1.000000  3.000000  3.162278
 1.000000  9.848858 10.000000
 1.000000 10.295630 10.440307
 1.000000  7.071068  7.211103
 1.000000  7.071068  7.211103
 1.000000 11.045361 11.180340
 1.000000 11.045361 11.180340
 1.000000 11.045361 11.180340
 1.000000 11.045361 11.180340
 1.000000 11.180340 11.313708
 1.000000  4.000000  4.123106
 1.000000  4.000000  4.123106
 1.000000  4.000000  4.123106
 1.000000  4.000000  4.123106
 1.000000  4.000000  4.123106
 1.000000  4.000000  4.123106
 1.000000  4.123106  4.242641
 1.000000  4.123106  4.242641
 1.000000  4.123106  4.242641
 1.000000  4.123106  4.242641
 1.000000  4.123106  4.242641
 1.000000 13.341664 13.453624
 1.000000  9.899495 10.000000
 1.000000  5.000000  5.099020
 1.000000  5.000000  5.099020
 1.000000  5.000000  5.099020
 1.000000  5.000000  5.099020
 1.000000 11.313708 11.401754
 1.000000  6.000000  6.082763
 1.000000  6.000000  6.082763
 1.000000  6.000000  6.082763
 1.000000  6.324555  6.403124
 1.000000  6.324555  6.403124
 1.000000  6.324555  6.403124
 1.000000  7.000000  7.071068
 1.000000  7.211103  7.280110
 1.000000  7.211103  7.280110
 1.000000  7.211103  7.280110
 1.000000  8.000000  8.062258
 1.000000  8.000000  8.062258
 1.000000  8.000000  8.062258
 1.000000  8.000000  8.062258
 1.000000  9.000000  9.055385
 1.000000  9.000000  9.055385
 1.000000  9.000000  9.055385
 1.000000  9.000000  9.055385
 1.000000  9.000000  9.055385
 1.000000  9.000000  9.055385
 1.000000  9.848858  9.899495
 1.000000 10.000000 10.049876
 1.000000 12.000000 12.041595
 1.000000 12.000000 12.041595
 1.000000 13.416408 13.453624
 0.000000 -18.439089       inf
 0.000000 -16.124515  5.000000
 0.000000 -17.000000  2.000000
 0.000000 -12.806248  5.000000
 0.000000 -14.317821  2.000000
 0.000000 -12.806248  2.236068
 0.000000 -17.464249 -3.162278
 0.000000 -10.630146  3.605551
 0.000000 -8.000000  5.830952
 0.000000 -10.000000  2.828427
 0.000000 -9.848858  2.236068
 0.000000 -17.204651 -5.830952
 0.000000 -9.219544  1.000000
 0.000000 -13.000000 -2.828427
 0.000000 -7.000000  2.828427
 0.000000 -6.324555  3.000000
 0.000000 -7.280110  2.000000
 0.000000 -6.082763  2.828427
 0.000000 -15.000000 -7.000000
 0.000000 -9.055385 -1.414214
 0.000000 -12.165525 -5.000000
 0.000000 -8.544004 -1.414214
 0.000000 -5.000000  2.000000
 0.000000 -6.000000  1.000000
 0.000000 -13.000000 -7.211103
 0.000000 -6.708204 -1.000000
 0.000000 -2.000000  3.000000
 0.000000 -7.000000 -3.162278
 0.000000 -10.770330 -7.000000
 0.000000 -6.000000 -2.236068
 0.000000 -5.656854 -2.236068
 0.000000 -11.180340 -8.000000
 0.000000 -6.324555 -3.162278
 0.000000 -8.944272 -6.403124
 0.000000 -6.708204 -4.242641
 0.000000 -11.401754 -9.000000
 0.000000 -10.295630 -8.000000
 0.000000 -11.180340 -9.055385
 0.000000 -8.062258 -6.000000
 0.000000 -10.000000 -8.000000
 0.000000 -8.246211 -6.324555
 0.000000 -12.041595 -10.198039
 0.000000 -8.062258 -6.403124
 0.000000 -5.656854 -4.123106
 0.000000 -9.433981 -8.000000
 0.000000 -8.062258 -7.000000
 0.000000 -6.708204 -5.656854
 0.000000 -5.000000 -4.000000
 0.000000 -7.000000 -6.000000
 0.000000 -6.000000 -5.000000
 0.000000 -12.000000 -11.045361
 0.000000 -5.830952 -5.000000
 0.000000 -5.830952 -5.000000
 0.000000 -10.000000 -9.219544
 0.000000 -10.630146 -9.899495
 0.000000 -8.000000 -7.280110
 0.000000 -7.000000 -6.324555
 0.000000 -7.071068 -6.403124
 0.000000 -10.770330 -10.198039
 0.000000 -7.615773 -7.071068
 0.000000 -9.433981 -8.944272
 0.000000 -8.544004 -8.062258
 0.000000 -8.544004 -8.062258
 0.000000 -8.062258 -7.615773
 0.000000 -8.062258 -7.615773
 0.000000 -10.440307 -10.000000
 0.000000 -16.552945 -16.124515
 0.000000 -7.615773 -7.211103
 0.000000 -5.385165 -5.000000
 0.000000 -6.708204 -6.324555
 0.000000 -6.708204 -6.324555
 0.000000 -6.708204 -6.403124
 0.000000 -5.385165 -5.099020
 0.000000 -5.385165 -5.099020
 0.000000 -9.219544 -8.944272
 0.000000 -4.472136 -4.242641
 0.000000 -11.401754 -11.180340
 0.000000 -9.433981 -9.219544
 0.000000 -7.280110 -7.071068
 0.000000 -8.246211 -8.062258
 0.000000 -11.180340 -11.000000
 0.000000 -11.180340 -11.000000
 0.000000 -16.278821 -16.124515
 0.000000 -10.440307 -10.295630
 0.000000 -14.142136 -14.000000
 0.000000 -7.211103 -7.071068
 0.000000 -7.211103 -7.071068
 0.000000 -7.211103 -7.071068
 0.000000 -11.180340 -11.045361
 0.000000 -12.165525 -12.041595
 0.000000 -12.206556 -12.083046
 0.000000 -10.000000 -9.899495
 0.000000 -6.082763 -6.000000
 0.000000 -6.082763 -6.000000
 0.000000 -6.082763 -6.000000
 0.000000 -6.082763 -6.000000
 0.000000 -6.082763 -6.000000
 0.000000 -7.071068 -7.000000
 0.000000 -7.071068 -7.000000
 0.000000 -7.280110 -7.211103
 0.000000 -8.062258 -8.000000
 0.000000 -8.062258 -8.000000
 0.000000 -8.544004 -8.485281
 0.000000 -8.544004 -8.485281
 0.000000 -8.544004 -8.485281
 0.000000 -8.544004 -8.485281
 0.000000 -8.544004 -8.485281
 0.000000 -8.602325 -8.544004
 0.000000 -10.049876 -10.000000
 0.000000 -11.704700 -11.661904
 0.000000 -12.041595 -12.000000
 0.000000 -17.000000 -16.970563
