 1.000000  3.605551 14.866069
 1.000000 -4.000000  6.708204
 1.000000  9.848858 19.235384
 1.000000 -1.000000  8.246211
 1.000000 -1.000000  8.062258
 1.000000  5.000000 13.453624
 1.000000  1.000000  9.219544
 1.000000  5.000000 12.369317
 1.000000  2.828427  9.000000
 1.000000 -2.000000  4.123106
 1.000000 -4.123106  2.000000
 1.000000 -4.123106  2.000000
 1.000000 -3.605551  1.414214
 1.000000  1.000000  6.000000
 1.000000  5.000000  9.848858
 1.000000 -3.000000  1.414214
 1.000000 -2.828427  1.414214
 1.000000  3.000000  7.211103
 1.000000  2.828427  6.324555
 1.000000  5.000000  8.485281
 1.000000  3.605551  6.708204
 1.000000  2.000000  5.000000
 1.000000  7.071068  9.848858
 1.000000  2.236068  5.000000
 1.000000  1.000000  3.605551
 1.000000  2.000000  4.472136
 1.000000  4.123106  6.403124
 1.000000  2.236068  4.242641
 1.000000  3.000000  5.000000
 1.000000  3.162278  5.000000
 1.000000  3.162278  5.000000
 1.000000  1.000000  2.828427
 1.000000  5.830952  7.615773
 1.000000  6.324555  8.000000
 1.000000  1.414214  2.828427
 1.000000  5.385165  6.708204
 1.000000  9.000000 10.198039
 1.000000  9.848858 11.000000
 1.000000  1.000000  2.000000
 1.000000  4.000000  5.000000
 1.000000  7.000000  8.000000
 1.000000  4.000000  5.000000
 1.000000  1.000000  2.000000
 1.000000  4.123106  5.099020
 1.000000  4.123106  5.000000
 1.000000 18.384776 19.209373
 1.000000  1.414214  2.236068
 1.000000  1.414214  2.236068
 1.000000  7.000000  7.810250
 1.000000  2.828427  3.605551
 1.000000  2.236068  3.000000
 1.000000  5.656854  6.403124
 1.000000  5.656854  6.403124
 1.000000  7.810250  8.485281
 1.000000 18.439089 19.104973
 1.000000 18.439089 19.104973
 1.000000  5.000000  5.656854
 1.000000  5.000000  5.656854
 1.000000  3.605551  4.242641
 1.000000  3.000000  3.605551
 1.000000  2.236068  2.828427
 1.000000  2.236068  2.828427
 1.000000  2.236068  2.828427
 1.000000  2.236068  2.828427
 1.000000  2.236068  2.828427
 1.000000  2.236068  2.828427
 1.000000  2.236068  2.828427
 1.000000  1.414214  2.000000
 1.000000  1.414214  2.000000
 1.000000  1.414214  2.000000
 1.000000  1.414214  2.000000
 1.000000  1.414214  2.000000
 1.000000  5.830952  6.403124
 1.000000  5.830952  6.403124
 1.000000  5.830952  6.403124
 1.000000  8.000000  8.544004
 1.000000  4.472136  5.000000
 1.000000  4.472136  5.000000
 1.000000  4.472136  5.000000
 1.000000  4.472136  5.000000
 1.000000  3.605551  4.123106
 1.000000 18.601075 19.104973
 1.000000 18.601075 19.104973
 1.000000  8.062258  8.544004
 1.000000  5.385165  5.830952
 1.000000  5.385165  5.830952
 1.000000  3.162278  3.605551
 1.000000  3.162278  3.605551
 1.000000  3.162278  3.605551
 1.000000  3.162278  3.605551
 1.000000  3.162278  3.605551
 1.000000  3.162278  3.605551
 1.000000  3.162278  3.605551
 1.000000  3.162278  3.605551
 1.000000  3.162278  3.605551
 1.000000  3.162278  3.605551
 1.000000  3.162278  3.605551
 1.000000  3.162278  3.605551
 1.000000  3.162278  3.605551
 1.000000  3.162278  3.605551
 1.000000  3.162278  3.605551
 1.000000  9.000000  9.433981
 1.000000 10.198039 10.630146
 1.000000  8.062258  8.485281
 1.000000  1.000000  1.414214
 1.000000  1.000000  1.414214
 1.000000  1.000000  1.414214
 1.000000  1.000000  1.414214
 1.000000  1.000000  1.414214
 1.000000  1.000000  1.414214
 1.000000  1.000000  1.414214
 1.000000  7.211103  7.615773
 1.000000  3.605551  4.000000
 1.000000  3.605551  4.000000
 1.000000  3.605551  4.000000
 1.000000  3.605551  4.000000
 1.000000  3.605551  4.000000
 1.000000  5.000000  5.385165
 1.000000  5.000000  5.385165
 1.000000  6.324555  6.708204
 1.000000  6.324555  6.708204
 1.000000 10.816654 11.180340
 1.000000  6.708204  7.071068
 1.000000  9.848858 10.198039
 1.000000  4.123106  4.472136
 1.000000  4.123106  4.472136
 1.000000  4.123106  4.472136
 1.000000  4.123106  4.472136
 1.000000  4.123106  4.472136
 1.000000  8.602325  8.944272
 1.000000  7.280110  7.615773
 1.000000  2.828427  3.162278
 1.000000  2.828427  3.162278
 1.000000 10.440307 10.770330
 1.000000  6.403124  6.708204
 1.000000  6.403124  6.708204
 1.000000  6.403124  6.708204
 1.000000  6.403124  6.708204
 1.000000  8.246211  8.544004
 1.000000  5.099020  5.385165
 1.000000  5.099020  5.385165
 1.000000  7.000000  7.280110
 1.000000  7.000000  7.280110
 1.000000  5.385165  5.656854
 1.000000  5.385165  5.656854
 1.000000  7.810250  8.062258
 1.000000  5.830952  6.082763
 1.000000 16.031220 16.278821
 1.000000 10.049876 10.295630
 1.000000 10.049876 10.295630
 1.000000  4.000000  4.242641
 1.000000 10.198039 10.440307
 1.000000 10.198039 10.440307
 1.000000  8.246211  8.485281
 1.000000 18.867962 19.104973
 1.000000  2.000000  2.236068
 1.000000  2.000000  2.236068
 1.000000  2.000000  2.236068
 1.000000  2.000000  2.236068
 1.000000  2.000000  2.236068
 1.000000  2.000000  2.236068
 1.000000  2.000000  2.236068
 1.000000  4.242641  4.472136
 1.000000  4.242641  4.472136
 1.000000  4.242641  4.472136
 1.000000  4.242641  4.472136
 1.000000  4.242641  4.472136
 1.000000 11.180340 11.401754
 1.000000  9.219544  9.433981
 1.000000 12.165525 12.369317
 1.000000  7.615773  7.810250
 1.000000  7.615773  7.810250
 1.000000  7.615773  7.810250
 1.000000  8.062258  8.246211
 1.000000  5.656854  5.830952
 1.000000  2.828427  3.000000
 1.000000  9.055385  9.219544
 1.000000  3.000000  3.162278
 1.000000  3.000000  3.162278
 1.000000  3.000000  3.162278
 1.000000  7.071068  7.211103
 1.000000  7.071068  7.211103
 1.000000  4.000000  4.123106
 1.000000  4.000000  4.123106
 1.000000  4.000000  4.123106
 1.000000  4.000000  4.123106
 1.000000  4.000000  4.123106
 1.000000  4.000000  4.123106
 1.000000  4.000000  4.123106
 1.000000  4.123106  4.242641
 1.000000  4.123106  4.242641
 1.000000  4.123106  4.242641
 1.000000  4.123106  4.242641
 1.000000  5.000000  5.099020
 1.000000  5.000000  5.099020
 1.000000  5.000000  5.099020
 1.000000  5.000000  5.099020
 1.000000  5.000000  5.099020
 1.000000  6.000000  6.082763
 1.000000  6.324555  6.403124
 1.000000  6.324555  6.403124
 1.000000  6.324555  6.403124
 1.000000  7.000000  7.071068
 1.000000  7.000000  7.071068
 1.000000  7.000000  7.071068
 1.000000  7.000000  7.071068
 1.000000  7.000000  7.071068
 1.000000  7.211103  7.280110
 1.000000  8.000000  8.062258
 1.000000  8.485281  8.544004
 1.000000  8.544004  8.602325
 1.000000  9.000000  9.055385
 1.000000  9.000000  9.055385
 1.000000  9.433981  9.486833
 1.000000 11.000000 11.045361
 1.000000 11.661904 11.704700
 0.000000 -17.691806       inf
 0.000000 -14.317821  2.236068
 0.000000 -12.041595  2.828427
 0.000000 -15.811388 -1.414214
 0.000000 -10.198039  3.162278
 0.000000 -15.556349 -2.236068
 0.000000 -15.811388 -3.000000
 0.000000 -10.198039  1.000000
 0.000000 -13.601471 -2.828427
 0.000000 -13.928388 -3.605551
 0.000000 -7.071068  3.000000
 0.000000 -13.928388 -4.000000
 0.000000 -8.485281  1.000000
 0.000000 -8.485281  1.000000
 0.000000 -7.810250  1.000000
 0.000000 -12.369317 -4.123106
 0.000000 -13.152946 -6.000000
 0.000000 -4.000000  2.828427
 0.000000 -11.661904 -5.000000
 0.000000 -7.615773 -1.000000
 0.000000 -8.485281 -2.236068
 0.000000 -7.071068 -1.000000
 0.000000 -8.000000 -2.000000
 0.000000 -8.000000 -3.000000
 0.000000 -3.000000  2.000000
 0.000000 -9.848858 -5.000000
 0.000000 -6.708204 -2.236068
 0.000000 -6.324555 -2.000000
 0.000000 -7.000000 -2.828427
 0.000000 -9.433981 -5.656854
 0.000000 -11.180340 -7.615773
 0.000000 -10.630146 -7.071068
 0.000000 -11.401754 -8.062258
 0.000000 -10.295630 -7.000000
 0.000000 -7.280110 -4.000000
 0.000000 -11.704700 -8.602325
 0.000000 -7.000000 -4.000000
 0.000000 -7.810250 -5.000000
 0.000000 -5.830952 -3.162278
 0.000000 -8.246211 -5.656854
 0.000000 -11.661904 -9.219544
 0.000000 -6.403124 -4.123106
 0.000000 -7.280110 -5.099020
 0.000000 -6.324555 -4.242641
 0.000000 -7.071068 -5.000000
 0.000000 -7.000000 -5.000000
 0.000000 -6.324555 -4.472136
 0.000000 -9.899495 -8.062258
 0.000000 -6.403124 -5.099020
 0.000000 -14.866069 -13.601471
 0.000000 -8.246211 -7.000000
 0.000000 -9.219544 -8.062258
 0.000000 -6.403124 -5.385165
 0.000000 -7.280110 -6.324555
 0.000000 -8.944272 -8.000000
 0.000000 -8.485281 -7.615773
 0.000000 -12.206556 -11.401754
 0.000000 -8.000000 -7.280110
 0.000000 -6.708204 -6.000000
 0.000000 -6.708204 -6.000000
 0.000000 -7.071068 -6.403124
 0.000000 -6.324555 -5.656854
 0.000000 -12.041595 -11.401754
 0.000000 -8.246211 -7.615773
 0.000000 -13.601471 -13.000000
 0.000000 -10.000000 -9.433981
 0.000000 -15.524175 -15.000000
 0.000000 -8.062258 -7.615773
 0.000000 -14.035669 -13.601471
 0.000000 -7.615773 -7.211103
 0.000000 -7.615773 -7.211103
 0.000000 -6.708204 -6.324555
 0.000000 -6.708204 -6.324555
 0.000000 -7.071068 -6.708204
 0.000000 -9.848858 -9.486833
 0.000000 -8.944272 -8.602325
 0.000000 -8.944272 -8.602325
 0.000000 -7.615773 -7.280110
 0.000000 -6.324555 -6.000000
 0.000000 -6.324555 -6.000000
 0.000000 -6.708204 -6.403124
 0.000000 -6.708204 -6.403124
 0.000000 -11.704700 -11.401754
 0.000000 -5.385165 -5.099020
 0.000000 -9.486833 -9.219544
 0.000000 -8.062258 -7.810250
 0.000000 -6.082763 -5.830952
 0.000000 -8.246211 -8.000000
 0.000000 -6.324555 -6.082763
 0.000000 -6.324555 -6.082763
 0.000000 -6.324555 -6.082763
 0.000000 -11.401754 -11.180340
 0.000000 -7.280110 -7.071068
 0.000000 -13.000000 -12.806248
 0.000000 -8.246211 -8.062258
 0.000000 -8.246211 -8.062258
 0.000000 -11.180340 -11.000000
 0.000000 -5.830952 -5.656854
 0.000000 -9.219544 -9.055385
 0.000000 -3.162278 -3.000000
 0.000000 -14.142136 -14.000000
 0.000000 -14.142136 -14.035669
 0.000000 -14.142136 -14.035669
 0.000000 -5.099020 -5.000000
 0.000000 -5.099020 -5.000000
 0.000000 -11.401754 -11.313708
 0.000000 -6.082763 -6.000000
 0.000000 -7.071068 -7.000000
 0.000000 -7.071068 -7.000000
 0.000000 -7.071068 -7.000000
 0.000000 -7.071068 -7.000000
 0.000000 -7.071068 -7.000000
 0.000000 -8.062258 -8.000000
 0.000000 -8.062258 -8.000000
