 1.000000 -5.000000  5.099020
 1.000000  2.236068 10.770330
 1.000000 -5.000000  2.236068
 1.000000  6.000000 13.000000
 1.000000  2.828427  9.219544
 1.000000  1.414214  7.000000
 1.000000  1.414214  6.708204
 1.000000  4.472136  9.219544
 1.000000 -2.236068  2.000000
 1.000000 -2.828427  1.000000
 1.000000  5.000000  8.485281
 1.000000  3.000000  6.324555
 1.000000  2.000000  5.000000
 1.000000  4.000000  7.000000
 1.000000 -1.414214  1.414214
 1.000000  4.242641  7.071068
 1.000000  4.000000  6.708204
 1.000000  3.000000  5.656854
 1.000000  5.000000  7.071068
 1.000000  6.000000  8.062258
 1.000000  3.000000  5.000000
 1.000000  5.000000  7.000000
 1.000000  4.000000  6.000000
 1.000000 -1.000000  1.000000
 1.000000 14.000000 15.652476
 1.000000  8.602325 10.198039
 1.000000  5.000000  6.403124
 1.000000  3.605551  5.000000
 1.000000  2.236068  3.605551
 1.000000  1.000000  2.236068
 1.000000  2.000000  3.162278
 1.000000  6.708204  7.810250
 1.000000 10.295630 11.313708
 1.000000  4.000000  5.000000
 1.000000  1.000000  2.000000
 1.000000  4.472136  5.385165
 1.000000  3.605551  4.472136
 1.000000  1.414214  2.236068
 1.000000 14.212670 15.000000
 1.000000  2.828427  3.605551
 1.000000  2.828427  3.605551
 1.000000  4.242641  5.000000
 1.000000  4.242641  5.000000
 1.000000  4.242641  5.000000
 1.000000  5.385165  6.082763
 1.000000  6.324555  7.000000
 1.000000  6.403124  7.071068
 1.000000  5.656854  6.324555
 1.000000  3.605551  4.242641
 1.000000  3.605551  4.242641
 1.000000  3.605551  4.242641
 1.000000  8.602325  9.219544
 1.000000  5.385165  6.000000
 1.000000  3.000000  3.605551
 1.000000  3.000000  3.605551
 1.000000  3.000000  3.605551
 1.000000  7.211103  7.810250
 1.000000  2.236068  2.828427
 1.000000  2.236068  2.828427
 1.000000  2.236068  2.828427
 1.000000  2.236068  2.828427
 1.000000  2.236068  2.828427
 1.000000  9.848858 10.440307
 1.000000  1.414214  2.000000
 1.000000  1.414214  2.000000
 1.000000  1.414214  2.000000
 1.000000  1.414214  2.000000
 1.000000 10.198039 10.770330
 1.000000  5.830952  6.403124
 1.000000  5.830952  6.403124
 1.000000  4.472136  5.000000
 1.000000  4.472136  5.000000
 1.000000  4.472136  5.000000
 1.000000  4.472136  5.000000
 1.000000  4.472136  5.000000
 1.000000  4.472136  5.000000
 1.000000  4.472136  5.000000
 1.000000  4.472136  5.000000
 1.000000  4.472136  5.000000
 1.000000  4.472136  5.000000
 1.000000  4.472136  5.000000
 1.000000 15.000000 15.524175
 1.000000  3.605551  4.123106
 1.000000  6.708204  7.211103
 1.000000  5.830952  6.324555
 1.000000  5.830952  6.324555
 1.000000  5.830952  6.324555
 1.000000  8.062258  8.544004
 1.000000  8.062258  8.544004
 1.000000 10.295630 10.770330
 1.000000 14.317821 14.764823
 1.000000  5.385165  5.830952
 1.000000  5.385165  5.830952
 1.000000  5.385165  5.830952
 1.000000 14.422205 14.866069
 1.000000 14.422205 14.866069
 1.000000  3.162278  3.605551
 1.000000  3.162278  3.605551
 1.000000  3.162278  3.605551
 1.000000  3.162278  3.605551
 1.000000  3.162278  3.605551
 1.000000 10.000000 10.440307
 1.000000  9.433981  9.848858
 1.000000  1.000000  1.414214
 1.000000  1.000000  1.414214
 1.000000  1.000000  1.414214
 1.000000  1.000000  1.414214
 1.000000  1.000000  1.414214
 1.000000  1.000000  1.414214
 1.000000 10.770330 11.180340
 1.000000  7.211103  7.615773
 1.000000 14.866069 15.264338
 1.000000 15.231546 15.620499
 1.000000  5.000000  5.385165
 1.000000  5.000000  5.385165
 1.000000  5.000000  5.385165
 1.000000  5.000000  5.385165
 1.000000  5.000000  5.385165
 1.000000  5.000000  5.385165
 1.000000  5.000000  5.385165
 1.000000  6.324555  6.708204
 1.000000  6.324555  6.708204
 1.000000  6.324555  6.708204
 1.000000  9.486833  9.848858
 1.000000  9.848858 10.198039
 1.000000  4.123106  4.472136
 1.000000  4.123106  4.472136
 1.000000  5.656854  6.000000
 1.000000  8.602325  8.944272
 1.000000  7.280110  7.615773
 1.000000  7.280110  7.615773
 1.000000  2.828427  3.162278
 1.000000  2.828427  3.162278
 1.000000  2.828427  3.162278
 1.000000 10.440307 10.770330
 1.000000 11.000000 11.313708
 1.000000  6.403124  6.708204
 1.000000  6.403124  6.708204
 1.000000  6.403124  6.708204
 1.000000  6.403124  6.708204
 1.000000 10.000000 10.295630
 1.000000 15.264338 15.556349
 1.000000  5.099020  5.385165
 1.000000  5.099020  5.385165
 1.000000  5.099020  5.385165
 1.000000  5.099020  5.385165
 1.000000  5.099020  5.385165
 1.000000  5.099020  5.385165
 1.000000  5.099020  5.385165
 1.000000  5.099020  5.385165
 1.000000 14.142136 14.422205
 1.000000 14.142136 14.422205
 1.000000  8.944272  9.219544
 1.000000  8.944272  9.219544
 1.000000  8.944272  9.219544
 1.000000  5.385165  5.656854
 1.000000  5.385165  5.656854
 1.000000  9.219544  9.486833
 1.000000  9.219544  9.486833
 1.000000 11.401754 11.661904
 1.000000  5.830952  6.082763
 1.000000  6.082763  6.324555
 1.000000  6.082763  6.324555
 1.000000  6.082763  6.324555
 1.000000  2.000000  2.236068
 1.000000  2.000000  2.236068
 1.000000  2.000000  2.236068
 1.000000  2.000000  2.236068
 1.000000  2.000000  2.236068
 1.000000  2.000000  2.236068
 1.000000  2.000000  2.236068
 1.000000  2.000000  2.236068
 1.000000  2.000000  2.236068
 1.000000  2.000000  2.236068
 1.000000  2.000000  2.236068
 1.000000 14.764823 15.000000
 1.000000  4.242641  4.472136
 1.000000 11.180340 11.401754
 1.000000  7.071068  7.280110
 1.000000  7.071068  7.280110
 1.000000  7.071068  7.280110
 1.000000  7.615773  7.810250
 1.000000  7.615773  7.810250
 1.000000  7.615773  7.810250
 1.000000 10.630146 10.816654
 1.000000 10.630146 10.816654
 1.000000  8.062258  8.246211
 1.000000  8.062258  8.246211
 1.000000  5.656854  5.830952
 1.000000  5.656854  5.830952
 1.000000  5.656854  5.830952
 1.000000  5.656854  5.830952
 1.000000  5.656854  5.830952
 1.000000  2.828427  3.000000
 1.000000  9.055385  9.219544
 1.000000  9.055385  9.219544
 1.000000  3.000000  3.162278
 1.000000  3.000000  3.162278
 1.000000  3.000000  3.162278
 1.000000  3.000000  3.162278
 1.000000  3.000000  3.162278
 1.000000  3.000000  3.162278
 1.000000  3.000000  3.162278
 1.000000  3.000000  3.162278
 1.000000 12.649111 12.806248
 1.000000  9.848858 10.000000
 1.000000  9.899495 10.049876
 1.000000 17.117243 17.262677
 1.000000  7.071068  7.211103
 1.000000 14.866069 15.000000
 1.000000 11.180340 11.313708
 1.000000 12.041595 12.165525
 1.000000  4.000000  4.123106
 1.000000  4.000000  4.123106
 1.000000  4.000000  4.123106
 1.000000  4.000000  4.123106
 1.000000  4.000000  4.123106
 1.000000  4.000000  4.123106
 1.000000  4.000000  4.123106
 1.000000  4.000000  4.123106
 1.000000  4.000000  4.123106
 1.000000  4.000000  4.123106
 1.000000  4.123106  4.242641
 1.000000  4.123106  4.242641
 1.000000  4.123106  4.242641
 1.000000 14.764823 14.866069
 1.000000 14.764823 14.866069
 1.000000  5.000000  5.099020
 1.000000  5.000000  5.099020
 1.000000  5.000000  5.099020
 1.000000  5.000000  5.099020
 1.000000  5.000000  5.099020
 1.000000 10.198039 10.295630
 1.000000  6.000000  6.082763
 1.000000  6.000000  6.082763
 1.000000  6.000000  6.082763
 1.000000  6.000000  6.082763
 1.000000  6.000000  6.082763
 1.000000  6.324555  6.403124
 1.000000  6.324555  6.403124
 1.000000  6.324555  6.403124
 1.000000 14.142136 14.212670
 1.000000  8.000000  8.062258
 1.000000  8.000000  8.062258
 1.000000  8.000000  8.062258
 1.000000  8.485281  8.544004
 1.000000  8.544004  8.602325
 1.000000  9.433981  9.486833
 1.000000  9.433981  9.486833
 1.000000 10.000000 10.049876
 1.000000 10.000000 10.049876
 1.000000 11.000000 11.045361
 1.000000 12.000000 12.041595
 1.000000 13.892444 13.928388
 1.000000 15.231546 15.264338
 0.000000 -23.086793       inf
 0.000000 -17.804494  1.000000
 0.000000 -15.652476 -1.000000
 0.000000 -5.385165  8.000000
 0.000000 -9.219544  4.000000
 0.000000 -8.944272  2.236068
 0.000000 -9.848858  1.000000
 0.000000 -14.764823 -4.000000
 0.000000 -7.071068  3.605551
 0.000000 -9.433981  1.000000
 0.000000 -11.180340 -1.000000
 0.000000 -6.324555  2.828427
 0.000000 -13.038405 -4.123106
 0.000000 -7.615773  1.000000
 0.000000 -9.486833 -1.000000
 0.000000 -5.830952  2.000000
 0.000000 -4.000000  3.605551
 0.000000 -8.602325 -1.000000
 0.000000 -6.708204 -1.000000
 0.000000 -11.661904 -6.082763
 0.000000 -2.236068  3.000000
 0.000000 -3.000000  2.000000
 0.000000 -6.000000 -1.000000
 0.000000 -7.615773 -2.828427
 0.000000 -7.000000 -2.236068
 0.000000 -9.848858 -5.385165
 0.000000 -10.770330 -6.324555
 0.000000 -8.544004 -4.242641
 0.000000 -12.000000 -7.810250
 0.000000 -13.038405 -9.219544
 0.000000 -9.433981 -5.656854
 0.000000 -6.708204 -3.000000
 0.000000 -7.000000 -3.605551
 0.000000 -9.219544 -6.082763
 0.000000 -6.708204 -3.605551
 0.000000 -5.000000 -2.000000
 0.000000 -1.000000  2.000000
 0.000000 -9.899495 -7.000000
 0.000000 -7.000000 -4.242641
 0.000000 -7.000000 -4.242641
 0.000000 -10.049876 -7.810250
 0.000000 -8.062258 -5.830952
 0.000000 -6.324555 -4.242641
 0.000000 -13.416408 -11.401754
 0.000000 -10.198039 -8.246211
 0.000000 -8.944272 -7.071068
 0.000000 -5.830952 -4.000000
 0.000000 -11.000000 -9.219544
 0.000000 -6.082763 -4.472136
 0.000000 -8.602325 -7.000000
 0.000000 -10.630146 -9.219544
 0.000000 -6.708204 -5.385165
 0.000000 -6.324555 -5.099020
 0.000000 -12.529964 -11.401754
 0.000000 -6.000000 -5.000000
 0.000000 -6.000000 -5.000000
 0.000000 -14.000000 -13.000000
 0.000000 -13.000000 -12.041595
 0.000000 -8.944272 -8.000000
 0.000000 -3.162278 -2.236068
 0.000000 -9.433981 -8.544004
 0.000000 -9.848858 -9.000000
 0.000000 -6.403124 -5.656854
 0.000000 -6.708204 -6.000000
 0.000000 -6.708204 -6.000000
 0.000000 -6.708204 -6.082763
 0.000000 -14.764823 -14.212670
 0.000000 -7.615773 -7.071068
 0.000000 -13.038405 -12.649111
 0.000000 -7.071068 -6.708204
 0.000000 -12.041595 -11.704700
 0.000000 -13.038405 -12.727922
 0.000000 -8.544004 -8.246211
 0.000000 -7.000000 -6.708204
 0.000000 -13.416408 -13.152946
 0.000000 -11.661904 -11.401754
 0.000000 -4.472136 -4.242641
 0.000000 -4.472136 -4.242641
 0.000000 -9.433981 -9.219544
 0.000000 -9.433981 -9.219544
 0.000000 -7.280110 -7.071068
 0.000000 -7.280110 -7.071068
 0.000000 -8.246211 -8.062258
 0.000000 -8.246211 -8.062258
 0.000000 -11.180340 -11.000000
 0.000000 -5.830952 -5.656854
 0.000000 -9.219544 -9.055385
 0.000000 -13.152946 -13.000000
 0.000000 -10.198039 -10.049876
 0.000000 -7.211103 -7.071068
 0.000000 -6.082763 -6.000000
 0.000000 -12.165525 -12.083046
 0.000000 -6.403124 -6.324555
 0.000000 -13.416408 -13.341664
 0.000000 -7.071068 -7.000000
 0.000000 -8.062258 -8.000000
 0.000000 -8.544004 -8.485281
 0.000000 -9.000000 -8.944272
 0.000000 -9.055385 -9.000000
 0.000000 -11.045361 -11.000000
 0.000000 -12.041595 -12.000000
 0.000000 -13.038405 -13.000000
