 1.000000  6.000000 14.317821
 1.000000 -1.000000  7.211103
 1.000000  2.236068 10.440307
 1.000000 -7.071068  1.000000
 1.000000  6.082763 12.041595
 1.000000  5.000000 10.198039
 1.000000  7.280110 12.165525
 1.000000  3.605551  8.062258
 1.000000  3.162278  7.615773
 1.000000  3.162278  7.615773
 1.000000  8.000000 12.041595
 1.000000  2.000000  6.000000
 1.000000  7.071068 10.295630
 1.000000  1.414214  4.472136
 1.000000  4.000000  7.000000
 1.000000 -1.000000  2.000000
 1.000000  8.062258 11.045361
 1.000000 -1.414214  1.414214
 1.000000  7.810250 10.630146
 1.000000  5.000000  7.810250
 1.000000  8.944272 11.704700
 1.000000  4.242641  7.000000
 1.000000  6.708204  9.219544
 1.000000  4.242641  6.708204
 1.000000  5.656854  7.810250
 1.000000  5.000000  7.071068
 1.000000  8.000000 10.049876
 1.000000 -1.000000  1.000000
 1.000000 -1.000000  1.000000
 1.000000  5.000000  6.708204
 1.000000  2.000000  3.605551
 1.000000  5.656854  7.211103
 1.000000  4.472136  6.000000
 1.000000  3.605551  5.000000
 1.000000  1.000000  2.236068
 1.000000  8.062258  9.219544
 1.000000  7.000000  8.062258
 1.000000  4.000000  5.000000
 1.000000  1.000000  2.000000
 1.000000  6.000000  7.000000
 1.000000  7.280110  8.246211
 1.000000  4.123106  5.000000
 1.000000  3.162278  4.000000
 1.000000  2.000000  2.828427
 1.000000  1.414214  2.236068
 1.000000  2.828427  3.605551
 1.000000  4.242641  5.000000
 1.000000  4.242641  5.000000
 1.000000  5.656854  6.403124
 1.000000  5.656854  6.403124
 1.000000  7.810250  8.485281
 1.000000  6.403124  7.071068
 1.000000  6.403124  7.071068
 1.000000  5.656854  6.324555
 1.000000  5.000000  5.656854
 1.000000  5.000000  5.656854
 1.000000  5.000000  5.656854
 1.000000  3.605551  4.242641
 1.000000  3.000000  3.605551
 1.000000  2.236068  2.828427
 1.000000  2.236068  2.828427
 1.000000  2.236068  2.828427
 1.000000  2.236068  2.828427
 1.000000  2.236068  2.828427
 1.000000  2.236068  2.828427
 1.000000  2.236068  2.828427
 1.000000  2.236068  2.828427
 1.000000  2.236068  2.828427
 1.000000  2.236068  2.828427
 1.000000  2.236068  2.828427
 1.000000  1.414214  2.000000
 1.000000 10.816654 11.401754
 1.000000  5.830952  6.403124
 1.000000  5.830952  6.403124
 1.000000 10.770330 11.313708
 1.000000  8.062258  8.602325
 1.000000  8.062258  8.602325
 1.000000  4.472136  5.000000
 1.000000  4.472136  5.000000
 1.000000  4.472136  5.000000
 1.000000  4.472136  5.000000
 1.000000  4.472136  5.000000
 1.000000  4.472136  5.000000
 1.000000  4.472136  5.000000
 1.000000  4.472136  5.000000
 1.000000  3.605551  4.123106
 1.000000  3.605551  4.123106
 1.000000  3.605551  4.123106
 1.000000  6.708204  7.211103
 1.000000  6.708204  7.211103
 1.000000  6.708204  7.211103
 1.000000  5.830952  6.324555
 1.000000  5.830952  6.324555
 1.000000  8.944272  9.433981
 1.000000  8.944272  9.433981
 1.000000  8.062258  8.544004
 1.000000  4.000000  4.472136
 1.000000  9.848858 10.295630
 1.000000  7.615773  8.062258
 1.000000  7.615773  8.062258
 1.000000  7.615773  8.062258
 1.000000  5.385165  5.830952
 1.000000  5.385165  5.830952
 1.000000  5.385165  5.830952
 1.000000  5.385165  5.830952
 1.000000  5.385165  5.830952
 1.000000  3.162278  3.605551
 1.000000  3.162278  3.605551
 1.000000  3.162278  3.605551
 1.000000  3.162278  3.605551
 1.000000  3.162278  3.605551
 1.000000  3.162278  3.605551
 1.000000  8.062258  8.485281
 1.000000  1.000000  1.414214
 1.000000 10.770330 11.180340
 1.000000 10.770330 11.180340
 1.000000  7.211103  7.615773
 1.000000  7.211103  7.615773
 1.000000  8.544004  8.944272
 1.000000  8.544004  8.944272
 1.000000  8.544004  8.944272
 1.000000  8.544004  8.944272
 1.000000  3.605551  4.000000
 1.000000  5.000000  5.385165
 1.000000  5.000000  5.385165
 1.000000  5.000000  5.385165
 1.000000  5.000000  5.385165
 1.000000  5.000000  5.385165
 1.000000  5.000000  5.385165
 1.000000  5.000000  5.385165
 1.000000  5.000000  5.385165
 1.000000  6.324555  6.708204
 1.000000  6.324555  6.708204
 1.000000  6.324555  6.708204
 1.000000  6.324555  6.708204
 1.000000  9.055385  9.433981
 1.000000 10.816654 11.180340
 1.000000  6.708204  7.071068
 1.000000  6.708204  7.071068
 1.000000  6.708204  7.071068
 1.000000  6.708204  7.071068
 1.000000  6.708204  7.071068
 1.000000  9.486833  9.848858
 1.000000  9.486833  9.848858
 1.000000  4.123106  4.472136
 1.000000  4.123106  4.472136
 1.000000 11.313708 11.661904
 1.000000 11.313708 11.661904
 1.000000  7.280110  7.615773
 1.000000  7.280110  7.615773
 1.000000  7.280110  7.615773
 1.000000  7.280110  7.615773
 1.000000  7.280110  7.615773
 1.000000  7.280110  7.615773
 1.000000  2.828427  3.162278
 1.000000  2.828427  3.162278
 1.000000 10.440307 10.770330
 1.000000 10.440307 10.770330
 1.000000  6.000000  6.324555
 1.000000  6.403124  6.708204
 1.000000  6.403124  6.708204
 1.000000  6.403124  6.708204
 1.000000 11.401754 11.704700
 1.000000  8.246211  8.544004
 1.000000  6.708204  7.000000
 1.000000  5.099020  5.385165
 1.000000  5.099020  5.385165
 1.000000  5.099020  5.385165
 1.000000  5.099020  5.385165
 1.000000  8.944272  9.219544
 1.000000  5.385165  5.656854
 1.000000  5.385165  5.656854
 1.000000  5.385165  5.656854
 1.000000  5.385165  5.656854
 1.000000  5.385165  5.656854
 1.000000  9.219544  9.486833
 1.000000  5.830952  6.082763
 1.000000  8.000000  8.246211
 1.000000  6.082763  6.324555
 1.000000  6.082763  6.324555
 1.000000  6.082763  6.324555
 1.000000  6.082763  6.324555
 1.000000  2.000000  2.236068
 1.000000  2.000000  2.236068
 1.000000  2.000000  2.236068
 1.000000 10.770330 11.000000
 1.000000  4.242641  4.472136
 1.000000  4.242641  4.472136
 1.000000  4.242641  4.472136
 1.000000 11.180340 11.401754
 1.000000  9.000000  9.219544
 1.000000  9.219544  9.433981
 1.000000  9.219544  9.433981
 1.000000  9.219544  9.433981
 1.000000  7.000000  7.211103
 1.000000  7.071068  7.280110
 1.000000  7.071068  7.280110
 1.000000  7.071068  7.280110
 1.000000  7.071068  7.280110
 1.000000 12.165525 12.369317
 1.000000  7.615773  7.810250
 1.000000 10.440307 10.630146
 1.000000 10.630146 10.816654
 1.000000 10.630146 10.816654
 1.000000  8.062258  8.246211
 1.000000  8.062258  8.246211
 1.000000  8.062258  8.246211
 1.000000  8.062258  8.246211
 1.000000  5.656854  5.830952
 1.000000  5.656854  5.830952
 1.000000  5.656854  5.830952
 1.000000  5.656854  5.830952
 1.000000  2.828427  3.000000
 1.000000  5.830952  6.000000
 1.000000  5.830952  6.000000
 1.000000  5.830952  6.000000
 1.000000  5.830952  6.000000
 1.000000  9.055385  9.219544
 1.000000  3.000000  3.162278
 1.000000  3.000000  3.162278
 1.000000  3.000000  3.162278
 1.000000  3.000000  3.162278
 1.000000  3.000000  3.162278
 1.000000 10.049876 10.198039
 1.000000  7.071068  7.211103
 1.000000  7.071068  7.211103
 1.000000  7.071068  7.211103
 1.000000  7.071068  7.211103
 1.000000  7.071068  7.211103
 1.000000  7.071068  7.211103
 1.000000 11.045361 11.180340
 1.000000 11.180340 11.313708
 1.000000 11.180340 11.313708
 1.000000  4.000000  4.123106
 1.000000  4.000000  4.123106
 1.000000  4.000000  4.123106
 1.000000  4.000000  4.123106
 1.000000  4.000000  4.123106
 1.000000  4.000000  4.123106
 1.000000  4.000000  4.123106
 1.000000  4.123106  4.242641
 1.000000  4.123106  4.242641
 1.000000  4.123106  4.242641
 1.000000  4.123106  4.242641
 1.000000  4.123106  4.242641
 1.000000  8.485281  8.602325
 1.000000  8.485281  8.602325
 1.000000  8.485281  8.602325
 1.000000  5.000000  5.099020
 1.000000  5.000000  5.099020
 1.000000  5.000000  5.099020
 1.000000  5.000000  5.099020
 1.000000  5.000000  5.099020
 1.000000  6.000000  6.082763
 1.000000  6.000000  6.082763
 1.000000  6.000000  6.082763
 1.000000  6.000000  6.082763
 1.000000  6.324555  6.403124
 1.000000  6.324555  6.403124
 1.000000  6.324555  6.403124
 1.000000  6.324555  6.403124
 1.000000  6.324555  6.403124
 1.000000  7.000000  7.071068
 1.000000  7.000000  7.071068
 1.000000  8.000000  8.062258
 1.000000  8.000000  8.062258
 1.000000  8.000000  8.062258
 1.000000  8.485281  8.544004
 1.000000  8.485281  8.544004
 1.000000  9.000000  9.055385
 1.000000 10.000000 10.049876
 0.000000 -22.022716       inf
 0.000000 -12.041595  5.385165
 0.000000 -18.601075 -1.414214
 0.000000 -12.000000  5.000000
 0.000000 -13.000000  2.236068
 0.000000 -9.899495  4.472136
 0.000000 -8.602325  4.000000
 0.000000 -9.219544  2.000000
 0.000000 -8.062258  3.000000
 0.000000 -7.615773  3.162278
 0.000000 -8.485281  2.000000
 0.000000 -8.944272  1.000000
 0.000000 -12.649111 -3.605551
 0.000000 -13.892444 -5.000000
 0.000000 -6.708204  2.000000
 0.000000 -9.848858 -1.414214
 0.000000 -6.000000  2.236068
 0.000000 -8.000000 -1.000000
 0.000000 -12.727922 -6.000000
 0.000000 -7.071068 -1.000000
 0.000000 -3.605551  2.236068
 0.000000 -9.000000 -3.605551
 0.000000 -10.000000 -5.000000
 0.000000 -11.045361 -6.082763
 0.000000 -7.000000 -2.236068
 0.000000 -11.401754 -6.708204
 0.000000 -16.000000 -11.401754
 0.000000 -8.000000 -3.605551
 0.000000 -7.211103 -3.162278
 0.000000 -8.246211 -4.242641
 0.000000 -6.708204 -3.162278
 0.000000 -7.000000 -3.605551
 0.000000 -9.000000 -5.656854
 0.000000 -6.324555 -3.000000
 0.000000 -8.246211 -5.385165
 0.000000 -5.656854 -3.000000
 0.000000 -12.041595 -9.433981
 0.000000 -11.401754 -8.944272
 0.000000 -8.544004 -6.324555
 0.000000 -7.071068 -5.000000
 0.000000 -12.041595 -10.049876
 0.000000 -11.000000 -9.055385
 0.000000 -12.041595 -10.198039
 0.000000 -12.041595 -10.198039
 0.000000 -9.899495 -8.062258
 0.000000 -7.810250 -6.000000
 0.000000 -6.708204 -5.000000
 0.000000 -7.000000 -5.385165
 0.000000 -13.601471 -12.369317
 0.000000 -9.000000 -7.810250
 0.000000 -3.000000 -2.000000
 0.000000 -7.000000 -6.000000
 0.000000 -7.211103 -6.324555
 0.000000 -11.401754 -10.630146
 0.000000 -7.810250 -7.071068
 0.000000 -7.000000 -6.324555
 0.000000 -7.000000 -6.324555
 0.000000 -8.485281 -7.810250
 0.000000 -7.071068 -6.403124
 0.000000 -7.000000 -6.403124
 0.000000 -6.324555 -5.830952
 0.000000 -12.649111 -12.165525
 0.000000 -13.453624 -13.038405
 0.000000 -8.944272 -8.544004
 0.000000 -8.000000 -7.615773
 0.000000 -6.708204 -6.324555
 0.000000 -6.708204 -6.324555
 0.000000 -13.416408 -13.038405
 0.000000 -9.848858 -9.486833
 0.000000 -8.944272 -8.602325
 0.000000 -7.615773 -7.280110
 0.000000 -11.704700 -11.401754
 0.000000 -10.295630 -10.000000
 0.000000 -7.000000 -6.708204
 0.000000 -7.000000 -6.708204
 0.000000 -12.649111 -12.369317
 0.000000 -9.219544 -8.944272
 0.000000 -8.062258 -7.810250
 0.000000 -8.246211 -8.000000
 0.000000 -10.440307 -10.198039
 0.000000 -6.324555 -6.082763
 0.000000 -6.324555 -6.082763
 0.000000 -4.472136 -4.242641
 0.000000 -18.248288 -18.027756
 0.000000 -9.433981 -9.219544
 0.000000 -9.433981 -9.219544
 0.000000 -7.211103 -7.000000
 0.000000 -8.246211 -8.062258
 0.000000 -8.246211 -8.062258
 0.000000 -5.830952 -5.656854
 0.000000 -7.211103 -7.071068
 0.000000 -7.211103 -7.071068
 0.000000 -11.401754 -11.313708
 0.000000 -6.082763 -6.000000
 0.000000 -6.403124 -6.324555
 0.000000 -7.071068 -7.000000
 0.000000 -7.071068 -7.000000
 0.000000 -8.062258 -8.000000
 0.000000 -8.602325 -8.544004
 0.000000 -9.055385 -9.000000
 0.000000 -9.486833 -9.433981
 0.000000 -11.704700 -11.661904
 0.000000 -13.038405 -13.000000
