 1.000000 -3.162278 13.453624
 1.000000 -6.082763  3.605551
 1.000000  2.000000 10.440307
 1.000000 -2.828427  4.123106
 1.000000 -3.162278  3.605551
 1.000000  3.605551 10.049876
 1.000000 -3.605551  2.828427
 1.000000  1.414214  7.615773
 1.000000  4.000000 10.198039
 1.000000 -4.123106  2.000000
 1.000000  4.242641  9.899495
 1.000000 -1.414214  3.605551
 1.000000  3.000000  8.000000
 1.000000  7.211103 12.000000
 1.000000  6.403124 11.180340
 1.000000  4.000000  8.602325
 1.000000  8.062258 12.083046
 1.000000  4.000000  8.000000
 1.000000 -1.000000  3.000000
 1.000000 -3.000000  1.000000
 1.000000 -1.000000  2.828427
 1.000000  3.162278  6.708204
 1.000000  5.830952  9.219544
 1.000000  5.830952  9.000000
 1.000000  7.071068 10.198039
 1.000000 -2.000000  1.000000
 1.000000  5.000000  7.810250
 1.000000 -1.000000  1.414214
 1.000000 -1.414214  1.000000
 1.000000  5.000000  7.211103
 1.000000  5.000000  7.000000
 1.000000  3.162278  5.000000
 1.000000  1.000000  2.828427
 1.000000  5.000000  6.403124
 1.000000  6.000000  7.211103
 1.000000  7.280110  8.485281
 1.000000  5.385165  6.403124
 1.000000  6.000000  7.000000
 1.000000  5.385165  6.324555
 1.000000  5.099020  6.000000
 1.000000  3.605551  4.472136
 1.000000  3.162278  4.000000
 1.000000  3.162278  4.000000
 1.000000  2.000000  2.828427
 1.000000  1.414214  2.236068
 1.000000  7.000000  7.810250
 1.000000  4.242641  5.000000
 1.000000  4.242641  5.000000
 1.000000  4.242641  5.000000
 1.000000  4.242641  5.000000
 1.000000  4.242641  5.000000
 1.000000  6.324555  7.071068
 1.000000  7.810250  8.485281
 1.000000  6.403124  7.071068
 1.000000  6.403124  7.071068
 1.000000  6.403124  7.071068
 1.000000  6.403124  7.071068
 1.000000  6.403124  7.071068
 1.000000  3.605551  4.242641
 1.000000  9.219544  9.848858
 1.000000  9.219544  9.848858
 1.000000  8.602325  9.219544
 1.000000  7.000000  7.615773
 1.000000  3.000000  3.605551
 1.000000  7.211103  7.810250
 1.000000  1.414214  2.000000
 1.000000  1.414214  2.000000
 1.000000  1.414214  2.000000
 1.000000  6.708204  7.280110
 1.000000  8.062258  8.602325
 1.000000  4.472136  5.000000
 1.000000  4.472136  5.000000
 1.000000  4.472136  5.000000
 1.000000  4.472136  5.000000
 1.000000  4.472136  5.000000
 1.000000  4.472136  5.000000
 1.000000  4.472136  5.000000
 1.000000  3.605551  4.123106
 1.000000  3.605551  4.123106
 1.000000  3.605551  4.123106
 1.000000  3.605551  4.123106
 1.000000  3.605551  4.123106
 1.000000  3.605551  4.123106
 1.000000  6.708204  7.211103
 1.000000  6.708204  7.211103
 1.000000  6.708204  7.211103
 1.000000  5.830952  6.324555
 1.000000  5.830952  6.324555
 1.000000  8.062258  8.544004
 1.000000  4.000000  4.472136
 1.000000  4.000000  4.472136
 1.000000  8.485281  8.944272
 1.000000  8.485281  8.944272
 1.000000  5.385165  5.830952
 1.000000  5.385165  5.830952
 1.000000  3.162278  3.605551
 1.000000  3.162278  3.605551
 1.000000  3.162278  3.605551
 1.000000  3.162278  3.605551
 1.000000  8.062258  8.485281
 1.000000  8.062258  8.485281
 1.000000  8.062258  8.485281
 1.000000  8.062258  8.485281
 1.000000 10.770330 11.180340
 1.000000  7.211103  7.615773
 1.000000  8.544004  8.944272
 1.000000  3.605551  4.000000
 1.000000  5.000000  5.385165
 1.000000  5.000000  5.385165
 1.000000  5.000000  5.385165
 1.000000  6.324555  6.708204
 1.000000  6.324555  6.708204
 1.000000  6.708204  7.071068
 1.000000  6.708204  7.071068
 1.000000  6.708204  7.071068
 1.000000  6.708204  7.071068
 1.000000  6.708204  7.071068
 1.000000  9.486833  9.848858
 1.000000  4.123106  4.472136
 1.000000  4.123106  4.472136
 1.000000  4.123106  4.472136
 1.000000  4.123106  4.472136
 1.000000  7.280110  7.615773
 1.000000  7.280110  7.615773
 1.000000  7.280110  7.615773
 1.000000  7.280110  7.615773
 1.000000  7.280110  7.615773
 1.000000  7.280110  7.615773
 1.000000  2.828427  3.162278
 1.000000  2.828427  3.162278
 1.000000  6.000000  6.324555
 1.000000  6.403124  6.708204
 1.000000  6.403124  6.708204
 1.000000  6.403124  6.708204
 1.000000  6.403124  6.708204
 1.000000  8.246211  8.544004
 1.000000  8.246211  8.544004
 1.000000  6.708204  7.000000
 1.000000  5.099020  5.385165
 1.000000  5.099020  5.385165
 1.000000  5.099020  5.385165
 1.000000  5.099020  5.385165
 1.000000  5.099020  5.385165
 1.000000  5.099020  5.385165
 1.000000  5.099020  5.385165
 1.000000  8.944272  9.219544
 1.000000  8.944272  9.219544
 1.000000  5.385165  5.656854
 1.000000  5.385165  5.656854
 1.000000  7.810250  8.062258
 1.000000  7.810250  8.062258
 1.000000  7.810250  8.062258
 1.000000 10.049876 10.295630
 1.000000 10.198039 10.440307
 1.000000  6.082763  6.324555
 1.000000  6.082763  6.324555
 1.000000  6.082763  6.324555
 1.000000  6.082763  6.324555
 1.000000  8.246211  8.485281
 1.000000  2.000000  2.236068
 1.000000  2.000000  2.236068
 1.000000  2.000000  2.236068
 1.000000  2.000000  2.236068
 1.000000  2.000000  2.236068
 1.000000  2.000000  2.236068
 1.000000  2.000000  2.236068
 1.000000  2.000000  2.236068
 1.000000  4.242641  4.472136
 1.000000  4.242641  4.472136
 1.000000  4.242641  4.472136
 1.000000  4.242641  4.472136
 1.000000  4.242641  4.472136
 1.000000  4.242641  4.472136
 1.000000  4.242641  4.472136
 1.000000  4.242641  4.472136
 1.000000  9.219544  9.433981
 1.000000  9.219544  9.433981
 1.000000  7.071068  7.280110
 1.000000  7.071068  7.280110
 1.000000  7.615773  7.810250
 1.000000  7.615773  7.810250
 1.000000  7.615773  7.810250
 1.000000  7.615773  7.810250
 1.000000  7.810250  8.000000
 1.000000  8.062258  8.246211
 1.000000  8.062258  8.246211
 1.000000  8.062258  8.246211
 1.000000  8.062258  8.246211
 1.000000 11.000000 11.180340
 1.000000  5.656854  5.830952
 1.000000  5.656854  5.830952
 1.000000  5.656854  5.830952
 1.000000  2.828427  3.000000
 1.000000  9.055385  9.219544
 1.000000  3.000000  3.162278
 1.000000  3.000000  3.162278
 1.000000  3.000000  3.162278
 1.000000  3.000000  3.162278
 1.000000  3.000000  3.162278
 1.000000  7.071068  7.211103
 1.000000  7.071068  7.211103
 1.000000  7.071068  7.211103
 1.000000 11.045361 11.180340
 1.000000 11.045361 11.180340
 1.000000  4.000000  4.123106
 1.000000  4.000000  4.123106
 1.000000  4.000000  4.123106
 1.000000  4.000000  4.123106
 1.000000  4.000000  4.123106
 1.000000  4.000000  4.123106
 1.000000  4.123106  4.242641
 1.000000  4.123106  4.242641
 1.000000  4.123106  4.242641
 1.000000  4.123106  4.242641
 1.000000  8.485281  8.602325
 1.000000  8.485281  8.602325
 1.000000  5.000000  5.099020
 1.000000  5.000000  5.099020
 1.000000  5.000000  5.099020
 1.000000  6.000000  6.082763
 1.000000  6.000000  6.082763
 1.000000  6.000000  6.082763
 1.000000  6.000000  6.082763
 1.000000  6.000000  6.082763
 1.000000  6.324555  6.403124
 1.000000  6.324555  6.403124
 1.000000  6.324555  6.403124
 1.000000  6.324555  6.403124
 1.000000  6.324555  6.403124
 1.000000  7.000000  7.071068
 1.000000  7.000000  7.071068
 1.000000  7.000000  7.071068
 1.000000  7.000000  7.071068
 1.000000  7.000000  7.071068
 1.000000  7.000000  7.071068
 1.000000  7.211103  7.280110
 1.000000  8.000000  8.062258
 1.000000  8.000000  8.062258
 1.000000  8.000000  8.062258
 1.000000  8.000000  8.062258
 1.000000  8.544004  8.602325
 1.000000  9.000000  9.055385
 1.000000  9.000000  9.055385
 1.000000  9.000000  9.055385
 1.000000 12.000000 12.041595
 0.000000 -21.633308       inf
 0.000000 -12.727922  3.000000
 0.000000 -16.970563 -4.000000
 0.000000 -15.620499 -2.828427
 0.000000 -13.416408 -1.000000
 0.000000 -11.180340  1.000000
 0.000000 -12.529964 -1.000000
 0.000000 -7.810250  3.605551
 0.000000 -8.944272  2.236068
 0.000000 -6.708204  3.605551
 0.000000 -8.062258  2.000000
 0.000000 -8.000000  2.000000
 0.000000 -5.385165  4.472136
 0.000000 -5.830952  4.000000
 0.000000 -5.000000  3.605551
 0.000000 -14.866069 -6.324555
 0.000000 -14.317821 -5.830952
 0.000000 -3.162278  5.000000
 0.000000 -8.544004 -1.000000
 0.000000 -10.000000 -3.000000
 0.000000 -8.485281 -2.000000
 0.000000 -10.000000 -4.000000
 0.000000 -9.486833 -4.000000
 0.000000 -9.055385 -3.605551
 0.000000 -11.000000 -6.000000
 0.000000 -9.219544 -4.472136
 0.000000 -8.485281 -4.000000
 0.000000 -11.401754 -7.211103
 0.000000 -2.000000  2.000000
 0.000000 -2.000000  2.000000
 0.000000 -8.944272 -5.000000
 0.000000 -9.899495 -6.000000
 0.000000 -6.708204 -3.162278
 0.000000 -11.313708 -8.062258
 0.000000 -1.000000  2.000000
 0.000000 -8.602325 -6.082763
 0.000000 -11.704700 -9.219544
 0.000000 -10.816654 -8.544004
 0.000000 -7.211103 -5.000000
 0.000000 -7.280110 -5.099020
 0.000000 -10.000000 -8.000000
 0.000000 -5.830952 -4.000000
 0.000000 -10.770330 -8.944272
 0.000000 -8.000000 -6.324555
 0.000000 -6.403124 -5.000000
 0.000000 -10.295630 -8.944272
 0.000000 -7.000000 -5.656854
 0.000000 -8.944272 -7.615773
 0.000000 -6.324555 -5.000000
 0.000000 -6.324555 -5.000000
 0.000000 -9.219544 -8.000000
 0.000000 -7.000000 -5.830952
 0.000000 -6.082763 -5.000000
 0.000000 -7.000000 -6.000000
 0.000000 -13.038405 -12.083046
 0.000000 -6.324555 -5.385165
 0.000000 -7.280110 -6.403124
 0.000000 -14.212670 -13.416408
 0.000000 -7.071068 -6.324555
 0.000000 -11.704700 -11.000000
 0.000000 -6.708204 -6.082763
 0.000000 -2.828427 -2.236068
 0.000000 -10.440307 -9.848858
 0.000000 -14.000000 -13.416408
 0.000000 -8.544004 -8.000000
 0.000000 -11.704700 -11.180340
 0.000000 -7.211103 -6.708204
 0.000000 -6.324555 -5.830952
 0.000000 -7.615773 -7.211103
 0.000000 -7.615773 -7.211103
 0.000000 -6.403124 -6.000000
 0.000000 -6.708204 -6.324555
 0.000000 -6.708204 -6.324555
 0.000000 -8.944272 -8.602325
 0.000000 -7.615773 -7.280110
 0.000000 -7.615773 -7.280110
 0.000000 -6.324555 -6.000000
 0.000000 -6.708204 -6.403124
 0.000000 -7.000000 -6.708204
 0.000000 -13.892444 -13.601471
 0.000000 -13.892444 -13.601471
 0.000000 -5.385165 -5.099020
 0.000000 -5.385165 -5.099020
 0.000000 -10.440307 -10.198039
 0.000000 -10.440307 -10.198039
 0.000000 -16.643317 -16.401219
 0.000000 -6.324555 -6.082763
 0.000000 -6.324555 -6.082763
 0.000000 -6.324555 -6.082763
 0.000000 -11.401754 -11.180340
 0.000000 -9.433981 -9.219544
 0.000000 -9.433981 -9.219544
 0.000000 -7.280110 -7.071068
 0.000000 -7.280110 -7.071068
 0.000000 -7.280110 -7.071068
 0.000000 -8.000000 -7.810250
 0.000000 -8.246211 -8.062258
 0.000000 -11.180340 -11.000000
 0.000000 -14.212670 -14.035669
 0.000000 -5.830952 -5.656854
 0.000000 -9.219544 -9.055385
 0.000000 -9.219544 -9.055385
 0.000000 -3.162278 -3.000000
 0.000000 -12.529964 -12.369317
 0.000000 -12.529964 -12.369317
 0.000000 -16.552945 -16.401219
 0.000000 -10.198039 -10.049876
 0.000000 -10.198039 -10.049876
 0.000000 -7.211103 -7.071068
 0.000000 -7.211103 -7.071068
 0.000000 -4.123106 -4.000000
 0.000000 -10.000000 -9.899495
 0.000000 -6.082763 -6.000000
 0.000000 -8.062258 -8.000000
 0.000000 -8.062258 -8.000000
 0.000000 -8.544004 -8.485281
 0.000000 -8.544004 -8.485281
 0.000000 -8.602325 -8.544004
 0.000000 -8.602325 -8.544004
 0.000000 -14.035669 -14.000000
