 1.000000 -3.000000  8.485281
 1.000000  4.242641 14.866069
 1.000000  1.000000  9.848858
 1.000000  3.000000 11.401754
 1.000000  4.000000 12.000000
 1.000000  1.000000  8.062258
 1.000000  3.000000  9.848858
 1.000000  4.000000 10.295630
 1.000000 -1.000000  4.472136
 1.000000  2.000000  7.280110
 1.000000  3.605551  8.544004
 1.000000  4.123106  8.944272
 1.000000 -3.605551  1.000000
 1.000000  5.000000  9.486833
 1.000000 -2.236068  2.000000
 1.000000  4.000000  8.062258
 1.000000  1.000000  5.000000
 1.000000  4.472136  7.615773
 1.000000  1.414214  4.472136
 1.000000  3.605551  6.324555
 1.000000  8.246211 10.630146
 1.000000  1.414214  3.605551
 1.000000  2.828427  5.000000
 1.000000  6.082763  8.062258
 1.000000  3.162278  5.099020
 1.000000 13.000000 14.866069
 1.000000  6.082763  7.810250
 1.000000  4.472136  6.000000
 1.000000  3.000000  4.472136
 1.000000  1.414214  2.828427
 1.000000  4.472136  5.830952
 1.000000  8.944272 10.198039
 1.000000  8.000000  9.219544
 1.000000  6.708204  7.810250
 1.000000  5.656854  6.708204
 1.000000  3.000000  4.000000
 1.000000  4.000000  5.000000
 1.000000  3.000000  4.000000
 1.000000  8.062258  9.055385
 1.000000  4.123106  5.000000
 1.000000  3.162278  4.000000
 1.000000  3.162278  4.000000
 1.000000  5.000000  5.830952
 1.000000  1.414214  2.236068
 1.000000  1.414214  2.236068
 1.000000  1.414214  2.236068
 1.000000  1.414214  2.236068
 1.000000  1.414214  2.236068
 1.000000  1.414214  2.236068
 1.000000  1.414214  2.236068
 1.000000  1.414214  2.236068
 1.000000  4.242641  5.000000
 1.000000  4.242641  5.000000
 1.000000  9.899495 10.630146
 1.000000  7.280110  8.000000
 1.000000  7.280110  8.000000
 1.000000  8.246211  8.944272
 1.000000  7.810250  8.485281
 1.000000  6.403124  7.071068
 1.000000  5.000000  5.656854
 1.000000 10.000000 10.630146
 1.000000 10.000000 10.630146
 1.000000  8.602325  9.219544
 1.000000  8.602325  9.219544
 1.000000  3.000000  3.605551
 1.000000  2.236068  2.828427
 1.000000  2.236068  2.828427
 1.000000  2.236068  2.828427
 1.000000  2.236068  2.828427
 1.000000  2.236068  2.828427
 1.000000  2.236068  2.828427
 1.000000  2.236068  2.828427
 1.000000  2.236068  2.828427
 1.000000  1.414214  2.000000
 1.000000  1.414214  2.000000
 1.000000  1.414214  2.000000
 1.000000  1.414214  2.000000
 1.000000  1.414214  2.000000
 1.000000  1.414214  2.000000
 1.000000  1.414214  2.000000
 1.000000  1.414214  2.000000
 1.000000  8.062258  8.602325
 1.000000 12.000000 12.529964
 1.000000  4.472136  5.000000
 1.000000  4.472136  5.000000
 1.000000  4.472136  5.000000
 1.000000  4.472136  5.000000
 1.000000  4.472136  5.000000
 1.000000  3.605551  4.123106
 1.000000  6.708204  7.211103
 1.000000  5.830952  6.324555
 1.000000  8.944272  9.433981
 1.000000  8.062258  8.544004
 1.000000 11.180340 11.661904
 1.000000  4.000000  4.472136
 1.000000  5.385165  5.830952
 1.000000  3.162278  3.605551
 1.000000  3.162278  3.605551
 1.000000  3.162278  3.605551
 1.000000  3.162278  3.605551
 1.000000  3.162278  3.605551
 1.000000  3.162278  3.605551
 1.000000  3.162278  3.605551
 1.000000  8.062258  8.485281
 1.000000  8.062258  8.485281
 1.000000  1.000000  1.414214
 1.000000  1.000000  1.414214
 1.000000  1.000000  1.414214
 1.000000  7.211103  7.615773
 1.000000  8.544004  8.944272
 1.000000  9.899495 10.295630
 1.000000  3.605551  4.000000
 1.000000  3.605551  4.000000
 1.000000  3.605551  4.000000
 1.000000  5.000000  5.385165
 1.000000  5.000000  5.385165
 1.000000  5.000000  5.385165
 1.000000  6.324555  6.708204
 1.000000  6.324555  6.708204
 1.000000  6.324555  6.708204
 1.000000  6.324555  6.708204
 1.000000  6.324555  6.708204
 1.000000  9.055385  9.433981
 1.000000 10.816654 11.180340
 1.000000  6.708204  7.071068
 1.000000  6.708204  7.071068
 1.000000  6.708204  7.071068
 1.000000  9.486833  9.848858
 1.000000  4.123106  4.472136
 1.000000  4.123106  4.472136
 1.000000  7.280110  7.615773
 1.000000  7.280110  7.615773
 1.000000  7.280110  7.615773
 1.000000  7.280110  7.615773
 1.000000 10.295630 10.630146
 1.000000 10.295630 10.630146
 1.000000  2.828427  3.162278
 1.000000  6.000000  6.324555
 1.000000 10.000000 10.295630
 1.000000  5.099020  5.385165
 1.000000  5.099020  5.385165
 1.000000  5.099020  5.385165
 1.000000  5.099020  5.385165
 1.000000  8.944272  9.219544
 1.000000  5.385165  5.656854
 1.000000  5.385165  5.656854
 1.000000  5.385165  5.656854
 1.000000  9.219544  9.486833
 1.000000  9.219544  9.486833
 1.000000  9.219544  9.486833
 1.000000  7.810250  8.062258
 1.000000  4.000000  4.242641
 1.000000 14.317821 14.560220
 1.000000  6.082763  6.324555
 1.000000  2.000000  2.236068
 1.000000  2.000000  2.236068
 1.000000  2.000000  2.236068
 1.000000  2.000000  2.236068
 1.000000  2.000000  2.236068
 1.000000  2.000000  2.236068
 1.000000  2.000000  2.236068
 1.000000  2.000000  2.236068
 1.000000  2.000000  2.236068
 1.000000  2.000000  2.236068
 1.000000  2.000000  2.236068
 1.000000  2.000000  2.236068
 1.000000  2.000000  2.236068
 1.000000  2.000000  2.236068
 1.000000  2.000000  2.236068
 1.000000  2.000000  2.236068
 1.000000  4.242641  4.472136
 1.000000  4.242641  4.472136
 1.000000  4.242641  4.472136
 1.000000  4.242641  4.472136
 1.000000  4.242641  4.472136
 1.000000 11.180340 11.401754
 1.000000  9.219544  9.433981
 1.000000  7.071068  7.280110
 1.000000  7.071068  7.280110
 1.000000  7.071068  7.280110
 1.000000 10.440307 10.630146
 1.000000 10.630146 10.816654
 1.000000  5.656854  5.830952
 1.000000  5.656854  5.830952
 1.000000  2.828427  3.000000
 1.000000  2.828427  3.000000
 1.000000  2.828427  3.000000
 1.000000  5.830952  6.000000
 1.000000  5.830952  6.000000
 1.000000  9.055385  9.219544
 1.000000  3.000000  3.162278
 1.000000  3.000000  3.162278
 1.000000  3.000000  3.162278
 1.000000 13.000000 13.152946
 1.000000  9.848858 10.000000
 1.000000 10.049876 10.198039
 1.000000  7.071068  7.211103
 1.000000  7.071068  7.211103
 1.000000  4.000000  4.123106
 1.000000  4.000000  4.123106
 1.000000  4.000000  4.123106
 1.000000  4.000000  4.123106
 1.000000  4.000000  4.123106
 1.000000  4.000000  4.123106
 1.000000  4.123106  4.242641
 1.000000  4.123106  4.242641
 1.000000  5.000000  5.099020
 1.000000  5.000000  5.099020
 1.000000  5.000000  5.099020
 1.000000  5.000000  5.099020
 1.000000  5.000000  5.099020
 1.000000  6.000000  6.082763
 1.000000 13.928388 14.000000
 1.000000  7.000000  7.071068
 1.000000  7.000000  7.071068
 1.000000  7.000000  7.071068
 1.000000  7.000000  7.071068
 1.000000  7.211103  7.280110
 1.000000  8.000000  8.062258
 1.000000  8.000000  8.062258
 1.000000  8.000000  8.062258
 1.000000  8.000000  8.062258
 1.000000  8.485281  8.544004
 1.000000  8.944272  9.000000
 1.000000  9.000000  9.055385
 1.000000  9.433981  9.486833
 1.000000 10.000000 10.049876
 1.000000 12.000000 12.041595
 1.000000 15.000000 15.033296
 0.000000 -19.000000       inf
 0.000000 -15.033296  2.000000
 0.000000 -18.681542 -2.000000
 0.000000 -11.180340  2.000000
 0.000000 -10.295630  2.000000
 0.000000 -8.944272  2.000000
 0.000000 -8.544004  2.236068
 0.000000 -8.000000  2.236068
 0.000000 -11.180340 -1.000000
 0.000000 -15.620499 -5.830952
 0.000000 -14.764823 -5.000000
 0.000000 -8.602325  1.000000
 0.000000 -11.401754 -2.236068
 0.000000 -5.656854  3.000000
 0.000000 -11.313708 -3.162278
 0.000000 -6.000000  2.000000
 0.000000 -9.000000 -1.414214
 0.000000 -15.132746 -7.810250
 0.000000 -9.899495 -3.162278
 0.000000 -10.198039 -3.605551
 0.000000 -8.544004 -2.236068
 0.000000 -13.341664 -7.071068
 0.000000 -9.848858 -3.605551
 0.000000 -7.615773 -1.414214
 0.000000 -8.062258 -2.000000
 0.000000 -9.219544 -3.605551
 0.000000 -3.000000  2.236068
 0.000000 -12.041595 -7.000000
 0.000000 -8.000000 -3.162278
 0.000000 -6.082763 -1.414214
 0.000000 -9.899495 -5.656854
 0.000000 -2.828427  1.414214
 0.000000 -12.041595 -7.810250
 0.000000 -6.324555 -2.236068
 0.000000 -9.848858 -5.830952
 0.000000 -5.000000 -2.000000
 0.000000 -8.000000 -5.099020
 0.000000 -9.899495 -7.000000
 0.000000 -9.899495 -7.000000
 0.000000 -5.830952 -3.000000
 0.000000 -7.280110 -4.472136
 0.000000 -8.246211 -6.000000
 0.000000 -9.848858 -7.615773
 0.000000 -10.198039 -8.062258
 0.000000 -6.082763 -4.000000
 0.000000 -7.000000 -5.000000
 0.000000 -10.295630 -8.485281
 0.000000 -7.810250 -6.000000
 0.000000 -6.403124 -5.000000
 0.000000 -6.403124 -5.000000
 0.000000 -9.433981 -8.062258
 0.000000 -6.708204 -5.385165
 0.000000 -6.324555 -5.099020
 0.000000 -7.211103 -6.082763
 0.000000 -6.403124 -5.385165
 0.000000 -8.000000 -7.000000
 0.000000 -8.944272 -8.062258
 0.000000 -5.830952 -5.000000
 0.000000 -11.045361 -10.295630
 0.000000 -7.071068 -6.324555
 0.000000 -7.000000 -6.324555
 0.000000 -6.324555 -5.656854
 0.000000 -6.324555 -5.656854
 0.000000 -9.848858 -9.219544
 0.000000 -10.000000 -9.486833
 0.000000 -7.211103 -6.708204
 0.000000 -9.899495 -9.433981
 0.000000 -10.440307 -10.000000
 0.000000 -5.385165 -5.000000
 0.000000 -7.071068 -6.708204
 0.000000 -9.848858 -9.486833
 0.000000 -6.324555 -6.000000
 0.000000 -14.212670 -13.892444
 0.000000 -5.385165 -5.099020
 0.000000 -5.385165 -5.099020
 0.000000 -9.219544 -8.944272
 0.000000 -8.062258 -7.810250
 0.000000 -6.082763 -5.830952
 0.000000 -6.324555 -6.082763
 0.000000 -9.433981 -9.219544
 0.000000 -7.211103 -7.000000
 0.000000 -10.816654 -10.630146
 0.000000 -8.246211 -8.062258
 0.000000 -8.246211 -8.062258
 0.000000 -8.246211 -8.062258
 0.000000 -5.830952 -5.656854
 0.000000 -5.830952 -5.656854
 0.000000 -9.219544 -9.055385
 0.000000 -10.198039 -10.049876
 0.000000 -7.211103 -7.071068
 0.000000 -7.211103 -7.071068
 0.000000 -7.211103 -7.071068
 0.000000 -7.211103 -7.071068
 0.000000 -5.099020 -5.000000
 0.000000 -6.082763 -6.000000
 0.000000 -7.071068 -7.000000
 0.000000 -7.071068 -7.000000
 0.000000 -7.071068 -7.000000
 0.000000 -7.071068 -7.000000
 0.000000 -7.071068 -7.000000
 0.000000 -8.062258 -8.000000
 0.000000 -8.544004 -8.485281
 0.000000 -8.544004 -8.485281
 0.000000 -8.602325 -8.544004
 0.000000 -8.602325 -8.544004
 0.000000 -9.055385 -9.000000
 0.000000 -10.049876 -10.000000
 0.000000 -15.033296 -15.000000
