 1.000000 -4.472136 10.770330
 1.000000 -5.000000  8.485281
 1.000000  3.000000 16.155494
 1.000000 -3.000000  9.219544
 1.000000 -4.000000  6.000000
 1.000000  4.472136 14.422205
 1.000000  4.123106 14.000000
 1.000000 -1.000000  7.000000
 1.000000 -5.099020  1.414214
 1.000000 -1.000000  5.000000
 1.000000 -1.414214  4.123106
 1.000000  7.071068 12.165525
 1.000000  1.000000  6.000000
 1.000000  5.385165 10.198039
 1.000000  7.280110 12.000000
 1.000000  7.615773 12.000000
 1.000000  7.000000  9.899495
 1.000000 -1.414214  1.414214
 1.000000  3.000000  5.656854
 1.000000  4.242641  6.708204
 1.000000  2.236068  4.472136
 1.000000  1.000000  3.162278
 1.000000  2.000000  4.123106
 1.000000  5.000000  7.071068
 1.000000  7.071068  8.944272
 1.000000 13.892444 15.524175
 1.000000  2.000000  3.605551
 1.000000  4.123106  5.656854
 1.000000  2.828427  4.242641
 1.000000  9.219544 10.440307
 1.000000  8.000000  9.219544
 1.000000  4.000000  5.000000
 1.000000  7.615773  8.602325
 1.000000  2.236068  3.162278
 1.000000  4.123106  5.000000
 1.000000  3.162278  4.000000
 1.000000  3.162278  4.000000
 1.000000  3.162278  4.000000
 1.000000  2.000000  2.828427
 1.000000  9.055385  9.848858
 1.000000  4.242641  5.000000
 1.000000  5.656854  6.403124
 1.000000  7.071068  7.810250
 1.000000  9.219544  9.899495
 1.000000  5.656854  6.324555
 1.000000  3.605551  4.242641
 1.000000  3.605551  4.242641
 1.000000  3.605551  4.242641
 1.000000  3.605551  4.242641
 1.000000  3.605551  4.242641
 1.000000  8.602325  9.219544
 1.000000  8.602325  9.219544
 1.000000  7.211103  7.810250
 1.000000  7.211103  7.810250
 1.000000  6.403124  7.000000
 1.000000  2.236068  2.828427
 1.000000  2.236068  2.828427
 1.000000  2.236068  2.828427
 1.000000  2.236068  2.828427
 1.000000  2.236068  2.828427
 1.000000  2.236068  2.828427
 1.000000  2.236068  2.828427
 1.000000  2.236068  2.828427
 1.000000  2.236068  2.828427
 1.000000  2.236068  2.828427
 1.000000  2.236068  2.828427
 1.000000  2.236068  2.828427
 1.000000  1.414214  2.000000
 1.000000  1.414214  2.000000
 1.000000 10.816654 11.401754
 1.000000  5.830952  6.403124
 1.000000  5.830952  6.403124
 1.000000  4.472136  5.000000
 1.000000  4.472136  5.000000
 1.000000  4.472136  5.000000
 1.000000  3.605551  4.123106
 1.000000  3.605551  4.123106
 1.000000  6.708204  7.211103
 1.000000  5.830952  6.324555
 1.000000  5.830952  6.324555
 1.000000  5.830952  6.324555
 1.000000  5.830952  6.324555
 1.000000  4.000000  4.472136
 1.000000  9.433981  9.899495
 1.000000  9.433981  9.899495
 1.000000 14.317821 14.764823
 1.000000 14.317821 14.764823
 1.000000  5.385165  5.830952
 1.000000  3.162278  3.605551
 1.000000  3.162278  3.605551
 1.000000  3.162278  3.605551
 1.000000  3.162278  3.605551
 1.000000  1.000000  1.414214
 1.000000  1.000000  1.414214
 1.000000  1.000000  1.414214
 1.000000  1.000000  1.414214
 1.000000  1.000000  1.414214
 1.000000  1.000000  1.414214
 1.000000  1.000000  1.414214
 1.000000  1.000000  1.414214
 1.000000  1.000000  1.414214
 1.000000  1.000000  1.414214
 1.000000 10.770330 11.180340
 1.000000  8.544004  8.944272
 1.000000  8.544004  8.944272
 1.000000  5.000000  5.385165
 1.000000  7.615773  8.000000
 1.000000  6.324555  6.708204
 1.000000 10.816654 11.180340
 1.000000 10.816654 11.180340
 1.000000 10.816654 11.180340
 1.000000  6.708204  7.071068
 1.000000  9.486833  9.848858
 1.000000  9.486833  9.848858
 1.000000  9.848858 10.198039
 1.000000  4.123106  4.472136
 1.000000  4.123106  4.472136
 1.000000 11.704700 12.041595
 1.000000  2.828427  3.162278
 1.000000  2.828427  3.162278
 1.000000  6.000000  6.324555
 1.000000  6.000000  6.324555
 1.000000  6.403124  6.708204
 1.000000  6.403124  6.708204
 1.000000  6.403124  6.708204
 1.000000 11.401754 11.704700
 1.000000  8.246211  8.544004
 1.000000  6.708204  7.000000
 1.000000  5.099020  5.385165
 1.000000  5.099020  5.385165
 1.000000  8.944272  9.219544
 1.000000  5.385165  5.656854
 1.000000  5.385165  5.656854
 1.000000  9.219544  9.486833
 1.000000 11.401754 11.661904
 1.000000  7.810250  8.062258
 1.000000 10.198039 10.440307
 1.000000 10.198039 10.440307
 1.000000  6.082763  6.324555
 1.000000  6.082763  6.324555
 1.000000  8.246211  8.485281
 1.000000  8.246211  8.485281
 1.000000  2.000000  2.236068
 1.000000  2.000000  2.236068
 1.000000  2.000000  2.236068
 1.000000  4.242641  4.472136
 1.000000  4.242641  4.472136
 1.000000  4.242641  4.472136
 1.000000 15.297059 15.524175
 1.000000 11.180340 11.401754
 1.000000 11.180340 11.401754
 1.000000 11.180340 11.401754
 1.000000  9.219544  9.433981
 1.000000 14.212670 14.422205
 1.000000 14.212670 14.422205
 1.000000  7.071068  7.280110
 1.000000  7.071068  7.280110
 1.000000  7.071068  7.280110
 1.000000  7.615773  7.810250
 1.000000  7.615773  7.810250
 1.000000 13.152946 13.341664
 1.000000 13.152946 13.341664
 1.000000  8.062258  8.246211
 1.000000  8.062258  8.246211
 1.000000  8.062258  8.246211
 1.000000 11.000000 11.180340
 1.000000  5.656854  5.830952
 1.000000  5.656854  5.830952
 1.000000  5.656854  5.830952
 1.000000  5.656854  5.830952
 1.000000  2.828427  3.000000
 1.000000  2.828427  3.000000
 1.000000  5.830952  6.000000
 1.000000  3.000000  3.162278
 1.000000  3.000000  3.162278
 1.000000  3.000000  3.162278
 1.000000  3.000000  3.162278
 1.000000  3.000000  3.162278
 1.000000  3.000000  3.162278
 1.000000  3.000000  3.162278
 1.000000  3.000000  3.162278
 1.000000  9.848858 10.000000
 1.000000 10.630146 10.770330
 1.000000  7.071068  7.211103
 1.000000  7.071068  7.211103
 1.000000 12.041595 12.165525
 1.000000  4.000000  4.123106
 1.000000  4.000000  4.123106
 1.000000  4.000000  4.123106
 1.000000  4.000000  4.123106
 1.000000  4.123106  4.242641
 1.000000 12.529964 12.649111
 1.000000 15.033296 15.132746
 1.000000  5.000000  5.099020
 1.000000  5.000000  5.099020
 1.000000  5.000000  5.099020
 1.000000 10.198039 10.295630
 1.000000 11.313708 11.401754
 1.000000  6.000000  6.082763
 1.000000  6.000000  6.082763
 1.000000  6.000000  6.082763
 1.000000  6.324555  6.403124
 1.000000  6.324555  6.403124
 1.000000  6.324555  6.403124
 1.000000  6.324555  6.403124
 1.000000  6.324555  6.403124
 1.000000  7.000000  7.071068
 1.000000  7.000000  7.071068
 1.000000  7.211103  7.280110
 1.000000  8.000000  8.062258
 1.000000  8.000000  8.062258
 1.000000  8.000000  8.062258
 1.000000  8.944272  9.000000
 1.000000  9.848858  9.899495
 1.000000 11.000000 11.045361
 1.000000 11.000000 11.045361
 1.000000 14.000000 14.035669
 0.000000 -19.697716       inf
 0.000000 -16.124515  2.000000
 0.000000 -14.142136  2.000000
 0.000000 -17.000000 -4.242641
 0.000000 -8.000000  4.000000
 0.000000 -15.620499 -4.000000
 0.000000 -8.485281  3.000000
 0.000000 -15.811388 -5.000000
 0.000000 -13.000000 -3.000000
 0.000000 -8.485281  1.414214
 0.000000 -7.810250  2.000000
 0.000000 -8.602325  1.000000
 0.000000 -12.529964 -4.000000
 0.000000 -15.556349 -7.071068
 0.000000 -7.211103  1.000000
 0.000000 -5.656854  2.236068
 0.000000 -9.219544 -1.414214
 0.000000 -10.440307 -3.000000
 0.000000 -12.529964 -5.099020
 0.000000 -13.000000 -5.656854
 0.000000 -6.000000  1.000000
 0.000000 -5.830952  1.000000
 0.000000 -5.830952  1.000000
 0.000000 -11.704700 -5.000000
 0.000000 -9.000000 -3.605551
 0.000000 -11.000000 -5.830952
 0.000000 -10.440307 -5.385165
 0.000000 -10.295630 -6.000000
 0.000000 -9.219544 -5.000000
 0.000000 -8.000000 -4.242641
 0.000000 -9.000000 -5.830952
 0.000000 -6.324555 -3.162278
 0.000000 -10.816654 -8.000000
 0.000000 -9.848858 -7.280110
 0.000000 -6.708204 -4.472136
 0.000000 -8.062258 -6.000000
 0.000000 -9.055385 -7.000000
 0.000000 -1.000000  1.000000
 0.000000 -8.000000 -6.000000
 0.000000 -5.830952 -4.000000
 0.000000 -9.848858 -8.062258
 0.000000 -5.656854 -4.123106
 0.000000 -7.810250 -6.324555
 0.000000 -8.544004 -7.071068
 0.000000 -10.000000 -8.544004
 0.000000 -12.083046 -10.630146
 0.000000 -5.656854 -4.242641
 0.000000 -6.324555 -5.000000
 0.000000 -6.403124 -5.099020
 0.000000 -8.485281 -7.280110
 0.000000 -7.071068 -6.000000
 0.000000 -16.278821 -15.231546
 0.000000 -11.313708 -10.295630
 0.000000 -13.000000 -12.000000
 0.000000 -8.000000 -7.000000
 0.000000 -8.062258 -7.071068
 0.000000 -12.206556 -11.313708
 0.000000 -5.830952 -5.000000
 0.000000 -8.000000 -7.211103
 0.000000 -10.770330 -10.000000
 0.000000 -7.071068 -6.324555
 0.000000 -5.830952 -5.099020
 0.000000 -12.041595 -11.401754
 0.000000 -8.246211 -7.615773
 0.000000 -13.892444 -13.341664
 0.000000 -7.615773 -7.071068
 0.000000 -7.615773 -7.071068
 0.000000 -8.602325 -8.062258
 0.000000 -7.810250 -7.280110
 0.000000 -9.486833 -9.000000
 0.000000 -9.433981 -9.000000
 0.000000 -9.433981 -9.000000
 0.000000 -1.414214 -1.000000
 0.000000 -11.180340 -10.770330
 0.000000 -12.041595 -11.661904
 0.000000 -15.231546 -14.866069
 0.000000 -7.071068 -6.708204
 0.000000 -8.944272 -8.602325
 0.000000 -8.944272 -8.602325
 0.000000 -8.944272 -8.602325
 0.000000 -7.615773 -7.280110
 0.000000 -6.708204 -6.403124
 0.000000 -6.708204 -6.403124
 0.000000 -8.544004 -8.246211
 0.000000 -5.385165 -5.099020
 0.000000 -5.385165 -5.099020
 0.000000 -5.385165 -5.099020
 0.000000 -5.656854 -5.385165
 0.000000 -13.601471 -13.341664
 0.000000 -8.062258 -7.810250
 0.000000 -4.472136 -4.242641
 0.000000 -15.524175 -15.297059
 0.000000 -9.219544 -9.000000
 0.000000 -9.433981 -9.219544
 0.000000 -7.280110 -7.071068
 0.000000 -7.280110 -7.071068
 0.000000 -8.000000 -7.810250
 0.000000 -13.341664 -13.152946
 0.000000 -8.246211 -8.062258
 0.000000 -8.246211 -8.062258
 0.000000 -5.830952 -5.656854
 0.000000 -5.830952 -5.656854
 0.000000 -9.219544 -9.055385
 0.000000 -7.211103 -7.071068
 0.000000 -15.000000 -14.866069
 0.000000 -12.165525 -12.041595
 0.000000 -5.099020 -5.000000
 0.000000 -11.401754 -11.313708
 0.000000 -11.401754 -11.313708
 0.000000 -6.082763 -6.000000
 0.000000 -6.082763 -6.000000
 0.000000 -7.071068 -7.000000
 0.000000 -7.071068 -7.000000
 0.000000 -7.071068 -7.000000
 0.000000 -7.280110 -7.211103
 0.000000 -8.062258 -8.000000
 0.000000 -8.062258 -8.000000
 0.000000 -8.602325 -8.544004
 0.000000 -8.602325 -8.544004
 0.000000 -9.055385 -9.000000
 0.000000 -9.055385 -9.000000
 0.000000 -11.045361 -11.000000
 0.000000 -12.041595 -12.000000
