 1.000000 -6.403124  2.828427
 1.000000  1.000000  9.219544
 1.000000  1.414214  9.219544
 1.000000  4.242641 11.661904
 1.000000  6.082763 13.453624
 1.000000  4.000000 10.770330
 1.000000 -4.000000  2.236068
 1.000000 -4.000000  2.236068
 1.000000 -2.828427  2.828427
 1.000000  4.123106  9.219544
 1.000000  4.242641  9.219544
 1.000000  3.000000  7.280110
 1.000000  5.656854  9.848858
 1.000000 -1.000000  3.000000
 1.000000  1.000000  5.000000
 1.000000  6.324555 10.198039
 1.000000  5.000000  8.246211
 1.000000  4.472136  7.615773
 1.000000  3.605551  6.708204
 1.000000  4.123106  7.211103
 1.000000  7.000000 10.049876
 1.000000  5.000000  7.810250
 1.000000  2.236068  5.000000
 1.000000  6.000000  8.246211
 1.000000  2.828427  5.000000
 1.000000  1.000000  3.000000
 1.000000 -1.000000  1.000000
 1.000000 -1.000000  1.000000
 1.000000  7.071068  9.000000
 1.000000  2.236068  4.000000
 1.000000  5.385165  7.000000
 1.000000  5.656854  7.211103
 1.000000  3.605551  5.099020
 1.000000  3.605551  5.000000
 1.000000  5.099020  6.403124
 1.000000  5.000000  6.082763
 1.000000  5.000000  6.000000
 1.000000  2.236068  3.162278
 1.000000  3.162278  4.000000
 1.000000  5.000000  5.830952
 1.000000  5.000000  5.830952
 1.000000  2.236068  3.000000
 1.000000  4.242641  5.000000
 1.000000  4.242641  5.000000
 1.000000  4.242641  5.000000
 1.000000  4.242641  5.000000
 1.000000  4.242641  5.000000
 1.000000  5.656854  6.403124
 1.000000  5.656854  6.403124
 1.000000  5.656854  6.403124
 1.000000  7.071068  7.810250
 1.000000  7.071068  7.810250
 1.000000  8.246211  8.944272
 1.000000  7.810250  8.485281
 1.000000  5.000000  5.656854
 1.000000  5.000000  5.656854
 1.000000  5.000000  5.656854
 1.000000  5.000000  5.656854
 1.000000  3.605551  4.242641
 1.000000  3.605551  4.242641
 1.000000 10.000000 10.630146
 1.000000  7.211103  7.810250
 1.000000  7.211103  7.810250
 1.000000  2.236068  2.828427
 1.000000  2.236068  2.828427
 1.000000  2.236068  2.828427
 1.000000  2.236068  2.828427
 1.000000  2.236068  2.828427
 1.000000  2.236068  2.828427
 1.000000  2.236068  2.828427
 1.000000  2.236068  2.828427
 1.000000  1.414214  2.000000
 1.000000  1.414214  2.000000
 1.000000  5.830952  6.403124
 1.000000  5.830952  6.403124
 1.000000  5.830952  6.403124
 1.000000  5.830952  6.403124
 1.000000  8.062258  8.602325
 1.000000  4.472136  5.000000
 1.000000  4.472136  5.000000
 1.000000  4.472136  5.000000
 1.000000  4.472136  5.000000
 1.000000  4.472136  5.000000
 1.000000  4.472136  5.000000
 1.000000  4.472136  5.000000
 1.000000  4.472136  5.000000
 1.000000  4.472136  5.000000
 1.000000  4.472136  5.000000
 1.000000  4.472136  5.000000
 1.000000  4.472136  5.000000
 1.000000  3.605551  4.123106
 1.000000  3.605551  4.123106
 1.000000  3.605551  4.123106
 1.000000  3.605551  4.123106
 1.000000  3.605551  4.123106
 1.000000  5.830952  6.324555
 1.000000  5.830952  6.324555
 1.000000  8.062258  8.544004
 1.000000  8.062258  8.544004
 1.000000  8.062258  8.544004
 1.000000  8.062258  8.544004
 1.000000  7.615773  8.062258
 1.000000  3.162278  3.605551
 1.000000  3.162278  3.605551
 1.000000  3.162278  3.605551
 1.000000  3.162278  3.605551
 1.000000  3.162278  3.605551
 1.000000  3.162278  3.605551
 1.000000 10.198039 10.630146
 1.000000  8.062258  8.485281
 1.000000  8.062258  8.485281
 1.000000  9.433981  9.848858
 1.000000  1.000000  1.414214
 1.000000  1.000000  1.414214
 1.000000  1.000000  1.414214
 1.000000  7.211103  7.615773
 1.000000  7.211103  7.615773
 1.000000  6.000000  6.403124
 1.000000  6.000000  6.403124
 1.000000  3.605551  4.000000
 1.000000  5.000000  5.385165
 1.000000  5.000000  5.385165
 1.000000  5.000000  5.385165
 1.000000  5.000000  5.385165
 1.000000  5.000000  5.385165
 1.000000  7.615773  8.000000
 1.000000  6.324555  6.708204
 1.000000  6.324555  6.708204
 1.000000  6.324555  6.708204
 1.000000  9.486833  9.848858
 1.000000  4.123106  4.472136
 1.000000  4.123106  4.472136
 1.000000  4.123106  4.472136
 1.000000  4.123106  4.472136
 1.000000  4.123106  4.472136
 1.000000  7.280110  7.615773
 1.000000  7.280110  7.615773
 1.000000  2.828427  3.162278
 1.000000  2.828427  3.162278
 1.000000  2.828427  3.162278
 1.000000  6.403124  6.708204
 1.000000  6.403124  6.708204
 1.000000  8.246211  8.544004
 1.000000 10.000000 10.295630
 1.000000  5.099020  5.385165
 1.000000  5.099020  5.385165
 1.000000  5.099020  5.385165
 1.000000  5.099020  5.385165
 1.000000  7.000000  7.280110
 1.000000  7.000000  7.280110
 1.000000  8.944272  9.219544
 1.000000  5.385165  5.656854
 1.000000  5.385165  5.656854
 1.000000  5.385165  5.656854
 1.000000  5.385165  5.656854
 1.000000  6.082763  6.324555
 1.000000  6.082763  6.324555
 1.000000  2.000000  2.236068
 1.000000  2.000000  2.236068
 1.000000 12.806248 13.038405
 1.000000  4.242641  4.472136
 1.000000  4.242641  4.472136
 1.000000  4.242641  4.472136
 1.000000  4.242641  4.472136
 1.000000  4.242641  4.472136
 1.000000  4.242641  4.472136
 1.000000  4.242641  4.472136
 1.000000  4.242641  4.472136
 1.000000  9.219544  9.433981
 1.000000  9.219544  9.433981
 1.000000  7.000000  7.211103
 1.000000  7.071068  7.280110
 1.000000  7.071068  7.280110
 1.000000  7.615773  7.810250
 1.000000  7.615773  7.810250
 1.000000 12.806248 13.000000
 1.000000  8.062258  8.246211
 1.000000  8.062258  8.246211
 1.000000 10.816654 11.000000
 1.000000  5.656854  5.830952
 1.000000  5.656854  5.830952
 1.000000  2.828427  3.000000
 1.000000  5.830952  6.000000
 1.000000  9.055385  9.219544
 1.000000  9.055385  9.219544
 1.000000  3.000000  3.162278
 1.000000  3.000000  3.162278
 1.000000  3.000000  3.162278
 1.000000  3.000000  3.162278
 1.000000  7.071068  7.211103
 1.000000  7.071068  7.211103
 1.000000  4.000000  4.123106
 1.000000  4.000000  4.123106
 1.000000  4.000000  4.123106
 1.000000  4.000000  4.123106
 1.000000  4.000000  4.123106
 1.000000  4.000000  4.123106
 1.000000  4.123106  4.242641
 1.000000  4.123106  4.242641
 1.000000  4.123106  4.242641
 1.000000  4.123106  4.242641
 1.000000  4.123106  4.242641
 1.000000  4.123106  4.242641
 1.000000  4.123106  4.242641
 1.000000  5.000000  5.099020
 1.000000  5.000000  5.099020
 1.000000  5.000000  5.099020
 1.000000  5.000000  5.099020
 1.000000 16.031220 16.124515
 1.000000  6.000000  6.082763
 1.000000  6.000000  6.082763
 1.000000  6.000000  6.082763
 1.000000  6.000000  6.082763
 1.000000  6.000000  6.082763
 1.000000  6.000000  6.082763
 1.000000  6.324555  6.403124
 1.000000  7.000000  7.071068
 1.000000  7.000000  7.071068
 1.000000  7.000000  7.071068
 1.000000  7.000000  7.071068
 1.000000  8.000000  8.062258
 1.000000  8.000000  8.062258
 1.000000  8.485281  8.544004
 1.000000  8.485281  8.544004
 1.000000  8.485281  8.544004
 1.000000  8.485281  8.544004
 1.000000  9.000000  9.055385
 1.000000 10.000000 10.049876
 1.000000 10.000000 10.049876
 0.000000 -16.278821       inf
 0.000000 -10.440307  3.605551
 0.000000 -9.219544  3.605551
 0.000000 -9.055385  2.000000
 0.000000 -15.231546 -5.000000
 0.000000 -8.944272  1.000000
 0.000000 -7.810250  2.000000
 0.000000 -7.280110  2.236068
 0.000000 -6.324555  2.236068
 0.000000 -5.656854  2.236068
 0.000000 -14.560220 -6.708204
 0.000000 -6.324555  1.414214
 0.000000 -4.000000  3.605551
 0.000000 -5.000000  2.000000
 0.000000 -7.615773 -1.000000
 0.000000 -3.000000  3.605551
 0.000000 -14.035669 -7.615773
 0.000000 -13.892444 -7.810250
 0.000000 -12.000000 -6.000000
 0.000000 -10.000000 -4.242641
 0.000000 -12.041595 -6.403124
 0.000000 -11.000000 -5.385165
 0.000000 -6.708204 -1.414214
 0.000000 -15.000000 -9.848858
 0.000000 -14.000000 -8.944272
 0.000000 -9.433981 -4.472136
 0.000000 -7.810250 -3.000000
 0.000000 -8.246211 -4.242641
 0.000000 -13.000000 -9.055385
 0.000000 -10.770330 -7.000000
 0.000000 -10.630146 -7.000000
 0.000000 -9.899495 -6.324555
 0.000000 -6.403124 -2.828427
 0.000000 -13.928388 -10.630146
 0.000000 -12.649111 -9.899495
 0.000000 -8.602325 -6.000000
 0.000000 -8.944272 -6.403124
 0.000000 -1.414214  1.000000
 0.000000 -13.038405 -10.630146
 0.000000 -8.062258 -5.656854
 0.000000 -6.000000 -3.605551
 0.000000 -6.000000 -3.605551
 0.000000 -7.280110 -5.000000
 0.000000 -8.602325 -6.324555
 0.000000 -6.324555 -4.472136
 0.000000 -11.661904 -9.899495
 0.000000 -6.708204 -5.000000
 0.000000 -8.485281 -7.000000
 0.000000 -8.062258 -6.708204
 0.000000 -6.324555 -5.099020
 0.000000 -12.041595 -10.816654
 0.000000 -6.403124 -5.385165
 0.000000 -6.000000 -5.000000
 0.000000 -2.000000 -1.000000
 0.000000 -6.000000 -5.099020
 0.000000 -8.485281 -7.615773
 0.000000 -13.000000 -12.165525
 0.000000 -7.810250 -7.000000
 0.000000 -8.000000 -7.211103
 0.000000 -8.000000 -7.280110
 0.000000 -6.708204 -6.000000
 0.000000 -7.000000 -6.324555
 0.000000 -7.071068 -6.403124
 0.000000 -5.656854 -5.000000
 0.000000 -6.403124 -5.830952
 0.000000 -8.062258 -7.615773
 0.000000 -8.062258 -7.615773
 0.000000 -9.486833 -9.055385
 0.000000 -8.485281 -8.062258
 0.000000 -8.944272 -8.544004
 0.000000 -6.708204 -6.324555
 0.000000 -11.180340 -10.816654
 0.000000 -9.848858 -9.486833
 0.000000 -8.944272 -8.602325
 0.000000 -7.615773 -7.280110
 0.000000 -7.615773 -7.280110
 0.000000 -6.708204 -6.403124
 0.000000 -7.000000 -6.708204
 0.000000 -7.280110 -7.000000
 0.000000 -7.280110 -7.000000
 0.000000 -8.062258 -7.810250
 0.000000 -8.062258 -7.810250
 0.000000 -8.246211 -8.000000
 0.000000 -10.295630 -10.049876
 0.000000 -6.324555 -6.082763
 0.000000 -11.401754 -11.180340
 0.000000 -9.433981 -9.219544
 0.000000 -9.433981 -9.219544
 0.000000 -7.280110 -7.071068
 0.000000 -12.369317 -12.165525
 0.000000 -13.000000 -12.806248
 0.000000 -13.341664 -13.152946
 0.000000 -8.246211 -8.062258
 0.000000 -5.830952 -5.656854
 0.000000 -9.219544 -9.055385
 0.000000 -3.162278 -3.000000
 0.000000 -12.806248 -12.649111
 0.000000 -10.198039 -10.049876
 0.000000 -10.440307 -10.295630
 0.000000 -10.440307 -10.295630
 0.000000 -7.211103 -7.071068
 0.000000 -7.211103 -7.071068
 0.000000 -7.211103 -7.071068
 0.000000 -7.211103 -7.071068
 0.000000 -11.180340 -11.045361
 0.000000 -15.000000 -14.866069
 0.000000 -12.206556 -12.083046
 0.000000 -12.206556 -12.083046
 0.000000 -8.602325 -8.485281
 0.000000 -13.152946 -13.038405
 0.000000 -10.000000 -9.899495
 0.000000 -10.000000 -9.899495
 0.000000 -10.000000 -9.899495
 0.000000 -5.099020 -5.000000
 0.000000 -5.099020 -5.000000
 0.000000 -10.295630 -10.198039
 0.000000 -11.401754 -11.313708
 0.000000 -11.401754 -11.313708
 0.000000 -6.082763 -6.000000
 0.000000 -6.082763 -6.000000
 0.000000 -7.071068 -7.000000
 0.000000 -7.280110 -7.211103
 0.000000 -8.062258 -8.000000
 0.000000 -8.062258 -8.000000
 0.000000 -8.062258 -8.000000
 0.000000 -8.544004 -8.485281
 0.000000 -9.055385 -9.000000
