 1.000000 -4.000000  7.211103
 1.000000  2.000000 12.206556
 1.000000 -2.236068  7.071068
 1.000000  1.000000  9.000000
 1.000000  2.000000  9.486833
 1.000000 -2.000000  5.000000
 1.000000 -2.000000  5.000000
 1.000000 -3.605551  2.828427
 1.000000  4.000000  9.848858
 1.000000  4.242641  9.848858
 1.000000 -3.605551  2.000000
 1.000000  2.828427  8.000000
 1.000000 -3.162278  2.000000
 1.000000 -2.236068  2.828427
 1.000000 -1.000000  4.000000
 1.000000  3.000000  7.810250
 1.000000 -3.605551  1.000000
 1.000000 -2.236068  2.236068
 1.000000  7.615773 12.083046
 1.000000 10.198039 14.422205
 1.000000  2.236068  6.403124
 1.000000 -3.000000  1.000000
 1.000000  3.162278  6.708204
 1.000000  4.000000  7.280110
 1.000000  1.000000  4.242641
 1.000000  1.000000  4.123106
 1.000000 -2.000000  1.000000
 1.000000  4.000000  7.000000
 1.000000  3.605551  6.403124
 1.000000  4.242641  7.000000
 1.000000  9.219544 11.704700
 1.000000 -1.000000  1.414214
 1.000000  1.000000  3.162278
 1.000000  1.000000  3.162278
 1.000000 -1.000000  1.000000
 1.000000 -1.000000  1.000000
 1.000000  3.000000  5.000000
 1.000000  3.000000  5.000000
 1.000000  5.830952  7.810250
 1.000000  2.236068  4.000000
 1.000000  1.414214  2.828427
 1.000000  5.000000  6.324555
 1.000000  1.000000  2.236068
 1.000000  8.000000  9.219544
 1.000000  6.403124  7.615773
 1.000000  4.472136  5.656854
 1.000000  2.000000  3.162278
 1.000000  3.000000  4.123106
 1.000000  8.000000  9.000000
 1.000000  4.000000  5.000000
 1.000000  1.000000  2.000000
 1.000000  1.000000  2.000000
 1.000000  5.385165  6.324555
 1.000000  3.605551  4.472136
 1.000000  3.162278  4.000000
 1.000000  1.414214  2.236068
 1.000000  2.236068  3.000000
 1.000000  4.242641  5.000000
 1.000000  4.242641  5.000000
 1.000000  4.242641  5.000000
 1.000000  4.242641  5.000000
 1.000000  5.385165  6.082763
 1.000000  9.219544  9.899495
 1.000000  5.000000  5.656854
 1.000000  3.605551  4.242641
 1.000000  3.605551  4.242641
 1.000000  3.605551  4.242641
 1.000000  7.615773  8.246211
 1.000000  7.615773  8.246211
 1.000000  3.000000  3.605551
 1.000000  2.236068  2.828427
 1.000000  2.236068  2.828427
 1.000000  2.236068  2.828427
 1.000000  2.236068  2.828427
 1.000000  2.236068  2.828427
 1.000000  2.236068  2.828427
 1.000000  2.236068  2.828427
 1.000000  2.236068  2.828427
 1.000000  2.236068  2.828427
 1.000000  2.236068  2.828427
 1.000000  1.414214  2.000000
 1.000000  1.414214  2.000000
 1.000000  1.414214  2.000000
 1.000000  1.414214  2.000000
 1.000000  1.414214  2.000000
 1.000000  1.414214  2.000000
 1.000000  1.414214  2.000000
 1.000000  1.414214  2.000000
 1.000000  1.414214  2.000000
 1.000000  5.830952  6.403124
 1.000000  5.830952  6.403124
 1.000000  4.472136  5.000000
 1.000000  4.472136  5.000000
 1.000000  4.472136  5.000000
 1.000000  4.472136  5.000000
 1.000000  4.472136  5.000000
 1.000000  4.472136  5.000000
 1.000000  4.472136  5.000000
 1.000000  4.472136  5.000000
 1.000000  4.472136  5.000000
 1.000000 10.295630 10.816654
 1.000000  3.605551  4.123106
 1.000000  3.605551  4.123106
 1.000000  3.605551  4.123106
 1.000000  3.605551  4.123106
 1.000000  3.605551  4.123106
 1.000000  8.544004  9.055385
 1.000000  6.708204  7.211103
 1.000000  6.708204  7.211103
 1.000000  5.830952  6.324555
 1.000000  5.830952  6.324555
 1.000000  5.830952  6.324555
 1.000000 10.295630 10.770330
 1.000000  9.433981  9.899495
 1.000000  9.433981  9.899495
 1.000000  7.615773  8.062258
 1.000000  7.615773  8.062258
 1.000000  3.162278  3.605551
 1.000000  3.162278  3.605551
 1.000000  3.162278  3.605551
 1.000000  3.162278  3.605551
 1.000000  5.656854  6.082763
 1.000000 11.661904 12.083046
 1.000000  9.433981  9.848858
 1.000000  1.000000  1.414214
 1.000000  1.000000  1.414214
 1.000000  1.000000  1.414214
 1.000000  1.000000  1.414214
 1.000000  1.000000  1.414214
 1.000000  1.000000  1.414214
 1.000000  1.000000  1.414214
 1.000000  3.605551  4.000000
 1.000000  3.605551  4.000000
 1.000000  5.000000  5.385165
 1.000000  6.324555  6.708204
 1.000000 11.661904 12.041595
 1.000000  6.708204  7.071068
 1.000000  6.708204  7.071068
 1.000000  4.123106  4.472136
 1.000000  4.123106  4.472136
 1.000000  8.602325  8.944272
 1.000000  2.828427  3.162278
 1.000000  6.000000  6.324555
 1.000000  6.403124  6.708204
 1.000000  6.403124  6.708204
 1.000000  6.708204  7.000000
 1.000000  5.099020  5.385165
 1.000000  5.099020  5.385165
 1.000000  5.099020  5.385165
 1.000000  5.099020  5.385165
 1.000000  5.099020  5.385165
 1.000000  5.099020  5.385165
 1.000000  5.099020  5.385165
 1.000000  5.099020  5.385165
 1.000000  5.385165  5.656854
 1.000000  5.385165  5.656854
 1.000000  5.385165  5.656854
 1.000000  5.830952  6.082763
 1.000000  6.082763  6.324555
 1.000000  6.082763  6.324555
 1.000000  6.082763  6.324555
 1.000000  6.082763  6.324555
 1.000000  2.000000  2.236068
 1.000000  2.000000  2.236068
 1.000000  2.000000  2.236068
 1.000000  2.000000  2.236068
 1.000000  4.242641  4.472136
 1.000000  4.242641  4.472136
 1.000000  4.242641  4.472136
 1.000000  4.242641  4.472136
 1.000000  4.242641  4.472136
 1.000000  9.000000  9.219544
 1.000000  9.219544  9.433981
 1.000000  9.219544  9.433981
 1.000000  7.071068  7.280110
 1.000000  7.071068  7.280110
 1.000000 10.000000 10.198039
 1.000000  8.062258  8.246211
 1.000000  8.062258  8.246211
 1.000000 11.000000 11.180340
 1.000000  5.656854  5.830952
 1.000000  5.656854  5.830952
 1.000000  5.656854  5.830952
 1.000000  5.656854  5.830952
 1.000000  5.656854  5.830952
 1.000000  5.656854  5.830952
 1.000000  2.828427  3.000000
 1.000000  2.828427  3.000000
 1.000000  2.828427  3.000000
 1.000000  5.830952  6.000000
 1.000000  5.830952  6.000000
 1.000000  3.000000  3.162278
 1.000000  3.000000  3.162278
 1.000000  3.000000  3.162278
 1.000000  3.000000  3.162278
 1.000000  3.000000  3.162278
 1.000000  3.000000  3.162278
 1.000000  3.000000  3.162278
 1.000000  9.848858 10.000000
 1.000000  9.848858 10.000000
 1.000000 10.630146 10.770330
 1.000000  7.071068  7.211103
 1.000000  7.071068  7.211103
 1.000000 11.180340 11.313708
 1.000000  4.000000  4.123106
 1.000000  4.000000  4.123106
 1.000000  4.000000  4.123106
 1.000000  4.000000  4.123106
 1.000000  4.000000  4.123106
 1.000000  4.000000  4.123106
 1.000000  4.000000  4.123106
 1.000000  4.123106  4.242641
 1.000000  4.123106  4.242641
 1.000000  4.123106  4.242641
 1.000000  4.123106  4.242641
 1.000000  8.485281  8.602325
 1.000000  5.000000  5.099020
 1.000000  5.000000  5.099020
 1.000000  5.000000  5.099020
 1.000000  5.000000  5.099020
 1.000000  5.000000  5.099020
 1.000000  6.000000  6.082763
 1.000000  6.000000  6.082763
 1.000000  6.000000  6.082763
 1.000000  6.324555  6.403124
 1.000000  7.000000  7.071068
 1.000000  8.000000  8.062258
 1.000000  8.000000  8.062258
 1.000000  8.000000  8.062258
 1.000000  8.000000  8.062258
 1.000000  9.000000  9.055385
 1.000000 11.000000 11.045361
 1.000000 12.000000 12.041595
 1.000000 14.000000 14.035669
 0.000000 -17.720045       inf
 0.000000 -15.524175  3.605551
 0.000000 -16.970563  1.000000
 0.000000 -12.000000  2.828427
 0.000000 -11.180340  2.000000
 0.000000 -11.180340  1.000000
 0.000000 -15.231546 -4.123106
 0.000000 -4.123106  6.708204
 0.000000 -14.866069 -5.099020
 0.000000 -11.661904 -2.236068
 0.000000 -12.165525 -3.000000
 0.000000 -14.212670 -5.385165
 0.000000 -6.000000  1.000000
 0.000000 -8.544004 -2.000000
 0.000000 -9.433981 -3.000000
 0.000000 -9.219544 -3.162278
 0.000000 -15.231546 -9.219544
 0.000000 -1.000000  5.000000
 0.000000 -10.000000 -4.242641
 0.000000 -7.810250 -2.236068
 0.000000 -8.944272 -3.605551
 0.000000 -7.071068 -2.236068
 0.000000 -10.440307 -5.656854
 0.000000 -9.000000 -4.242641
 0.000000 -10.630146 -6.000000
 0.000000 -8.062258 -3.605551
 0.000000 -10.000000 -5.656854
 0.000000 -5.656854 -1.414214
 0.000000 -9.219544 -5.000000
 0.000000 -2.000000  2.000000
 0.000000 -5.830952 -2.000000
 0.000000 -9.486833 -5.656854
 0.000000 -9.848858 -6.403124
 0.000000 -6.000000 -2.828427
 0.000000 -8.062258 -5.000000
 0.000000 -10.816654 -8.000000
 0.000000 -9.219544 -6.708204
 0.000000 -6.708204 -4.242641
 0.000000 -9.433981 -7.000000
 0.000000 -9.219544 -7.000000
 0.000000 -7.071068 -5.000000
 0.000000 -7.000000 -5.000000
 0.000000 -5.830952 -4.000000
 0.000000 -5.830952 -4.242641
 0.000000 -8.485281 -7.000000
 0.000000 -5.385165 -4.000000
 0.000000 -6.324555 -5.000000
 0.000000 -8.000000 -6.708204
 0.000000 -7.615773 -6.324555
 0.000000 -7.071068 -5.830952
 0.000000 -6.324555 -5.099020
 0.000000 -13.928388 -12.806248
 0.000000 -8.062258 -7.000000
 0.000000 -8.602325 -7.615773
 0.000000 -11.401754 -10.440307
 0.000000 -6.324555 -5.385165
 0.000000 -11.180340 -10.295630
 0.000000 -7.280110 -6.403124
 0.000000 -5.000000 -4.123106
 0.000000 -8.485281 -7.615773
 0.000000 -7.211103 -6.403124
 0.000000 -7.000000 -6.324555
 0.000000 -9.219544 -8.602325
 0.000000 -7.810250 -7.211103
 0.000000 -6.403124 -5.830952
 0.000000 -7.211103 -6.708204
 0.000000 -10.770330 -10.295630
 0.000000 -8.062258 -7.615773
 0.000000 -9.848858 -9.433981
 0.000000 -9.848858 -9.433981
 0.000000 -7.615773 -7.211103
 0.000000 -10.440307 -10.049876
 0.000000 -5.385165 -5.000000
 0.000000 -6.708204 -6.324555
 0.000000 -7.071068 -6.708204
 0.000000 -7.615773 -7.280110
 0.000000 -10.630146 -10.295630
 0.000000 -10.770330 -10.440307
 0.000000 -6.324555 -6.000000
 0.000000 -6.324555 -6.000000
 0.000000 -6.708204 -6.403124
 0.000000 -8.544004 -8.246211
 0.000000 -8.544004 -8.246211
 0.000000 -7.000000 -6.708204
 0.000000 -5.385165 -5.099020
 0.000000 -13.416408 -13.152946
 0.000000 -17.720045 -17.464249
 0.000000 -8.246211 -8.000000
 0.000000 -10.440307 -10.198039
 0.000000 -6.324555 -6.082763
 0.000000 -9.433981 -9.219544
 0.000000 -14.422205 -14.212670
 0.000000 -7.280110 -7.071068
 0.000000 -7.280110 -7.071068
 0.000000 -7.280110 -7.071068
 0.000000 -12.369317 -12.165525
 0.000000 -10.198039 -10.000000
 0.000000 -8.000000 -7.810250
 0.000000 -13.341664 -13.152946
 0.000000 -8.246211 -8.062258
 0.000000 -8.246211 -8.062258
 0.000000 -8.246211 -8.062258
 0.000000 -5.830952 -5.656854
 0.000000 -5.830952 -5.656854
 0.000000 -12.206556 -12.041595
 0.000000 -3.162278 -3.000000
 0.000000 -7.211103 -7.071068
 0.000000 -7.211103 -7.071068
 0.000000 -7.211103 -7.071068
 0.000000 -12.206556 -12.083046
 0.000000 -14.317821 -14.212670
 0.000000 -5.099020 -5.000000
 0.000000 -6.082763 -6.000000
 0.000000 -7.071068 -7.000000
 0.000000 -7.071068 -7.000000
 0.000000 -7.280110 -7.211103
 0.000000 -8.062258 -8.000000
 0.000000 -8.062258 -8.000000
 0.000000 -8.062258 -8.000000
 0.000000 -8.062258 -8.000000
 0.000000 -8.062258 -8.000000
 0.000000 -8.544004 -8.485281
 0.000000 -8.544004 -8.485281
 0.000000 -8.602325 -8.544004
 0.000000 -11.045361 -11.000000
 0.000000 -11.045361 -11.000000
 0.000000 -11.045361 -11.000000
 0.000000 -12.083046 -12.041595
