 1.000000 -3.162278 11.180340
 1.000000  3.162278 13.928388
 1.000000 -6.000000  4.000000
 1.000000 -3.000000  6.324555
 1.000000  3.000000 12.000000
 1.000000  5.000000 13.416408
 1.000000 -6.000000  1.000000
 1.000000  5.656854 12.369317
 1.000000 -5.656854  1.000000
 1.000000 10.000000 15.556349
 1.000000  2.000000  7.071068
 1.000000 -2.000000  2.828427
 1.000000 -2.236068  2.236068
 1.000000 -2.000000  2.000000
 1.000000  2.000000  5.830952
 1.000000  4.000000  7.810250
 1.000000  8.000000 11.704700
 1.000000 -2.236068  1.414214
 1.000000 -2.236068  1.414214
 1.000000 -2.236068  1.414214
 1.000000  5.385165  9.000000
 1.000000 -1.414214  2.000000
 1.000000  1.000000  4.242641
 1.000000  5.830952  9.000000
 1.000000  4.472136  7.615773
 1.000000 -1.000000  2.000000
 1.000000 -1.414214  1.414214
 1.000000  2.236068  5.000000
 1.000000  3.162278  5.830952
 1.000000  6.082763  8.544004
 1.000000 -1.000000  1.414214
 1.000000  5.000000  7.211103
 1.000000  2.828427  5.000000
 1.000000  5.656854  7.810250
 1.000000 -1.000000  1.000000
 1.000000 -1.000000  1.000000
 1.000000  2.000000  4.000000
 1.000000 -1.000000  1.000000
 1.000000  1.000000  2.828427
 1.000000  1.000000  2.828427
 1.000000  6.708204  8.485281
 1.000000  5.385165  6.708204
 1.000000  5.099020  6.403124
 1.000000  5.830952  7.000000
 1.000000  3.000000  4.123106
 1.000000  1.000000  2.000000
 1.000000  1.000000  2.000000
 1.000000  1.000000  2.000000
 1.000000  1.000000  2.000000
 1.000000  4.000000  5.000000
 1.000000  4.000000  5.000000
 1.000000  1.000000  2.000000
 1.000000  2.000000  3.000000
 1.000000  4.123106  5.099020
 1.000000  8.246211  9.219544
 1.000000  4.472136  5.385165
 1.000000  4.123106  5.000000
 1.000000  6.403124  7.211103
 1.000000  4.242641  5.000000
 1.000000  5.099020  5.830952
 1.000000 12.041595 12.727922
 1.000000 12.041595 12.727922
 1.000000  7.810250  8.485281
 1.000000 11.704700 12.369317
 1.000000  3.605551  4.242641
 1.000000  7.000000  7.615773
 1.000000 12.206556 12.806248
 1.000000  2.236068  2.828427
 1.000000  2.236068  2.828427
 1.000000  2.236068  2.828427
 1.000000  2.236068  2.828427
 1.000000  2.236068  2.828427
 1.000000  2.236068  2.828427
 1.000000  2.236068  2.828427
 1.000000  1.414214  2.000000
 1.000000  1.414214  2.000000
 1.000000  6.708204  7.280110
 1.000000  7.071068  7.615773
 1.000000  4.472136  5.000000
 1.000000  4.472136  5.000000
 1.000000  4.472136  5.000000
 1.000000  4.472136  5.000000
 1.000000  3.605551  4.123106
 1.000000 12.529964 13.038405
 1.000000  6.708204  7.211103
 1.000000  6.708204  7.211103
 1.000000  5.830952  6.324555
 1.000000  5.830952  6.324555
 1.000000  5.830952  6.324555
 1.000000  5.830952  6.324555
 1.000000 12.041595 12.529964
 1.000000  7.615773  8.062258
 1.000000  5.385165  5.830952
 1.000000  5.385165  5.830952
 1.000000  5.385165  5.830952
 1.000000  5.385165  5.830952
 1.000000  3.162278  3.605551
 1.000000  3.162278  3.605551
 1.000000  3.162278  3.605551
 1.000000  3.162278  3.605551
 1.000000  3.162278  3.605551
 1.000000  3.162278  3.605551
 1.000000  3.162278  3.605551
 1.000000  3.162278  3.605551
 1.000000 13.000000 13.416408
 1.000000  1.000000  1.414214
 1.000000  1.000000  1.414214
 1.000000  1.000000  1.414214
 1.000000  1.000000  1.414214
 1.000000  1.000000  1.414214
 1.000000  1.000000  1.414214
 1.000000  1.000000  1.414214
 1.000000  7.211103  7.615773
 1.000000  7.211103  7.615773
 1.000000  8.544004  8.944272
 1.000000  3.605551  4.000000
 1.000000  6.324555  6.708204
 1.000000  6.708204  7.071068
 1.000000  6.708204  7.071068
 1.000000  4.123106  4.472136
 1.000000 13.000000 13.341664
 1.000000  7.280110  7.615773
 1.000000  2.828427  3.162278
 1.000000  2.828427  3.162278
 1.000000  2.828427  3.162278
 1.000000  2.828427  3.162278
 1.000000 12.727922 13.038405
 1.000000  6.403124  6.708204
 1.000000  6.403124  6.708204
 1.000000  6.403124  6.708204
 1.000000  6.403124  6.708204
 1.000000  8.246211  8.544004
 1.000000  8.246211  8.544004
 1.000000  6.708204  7.000000
 1.000000  5.099020  5.385165
 1.000000  5.099020  5.385165
 1.000000 12.369317 12.649111
 1.000000 12.369317 12.649111
 1.000000  8.944272  9.219544
 1.000000  5.385165  5.656854
 1.000000  5.830952  6.082763
 1.000000  5.830952  6.082763
 1.000000  6.082763  6.324555
 1.000000  6.082763  6.324555
 1.000000  6.082763  6.324555
 1.000000  6.082763  6.324555
 1.000000  6.082763  6.324555
 1.000000  6.082763  6.324555
 1.000000  6.082763  6.324555
 1.000000  6.082763  6.324555
 1.000000  6.082763  6.324555
 1.000000  6.082763  6.324555
 1.000000  8.246211  8.485281
 1.000000  2.000000  2.236068
 1.000000  2.000000  2.236068
 1.000000  2.000000  2.236068
 1.000000  2.000000  2.236068
 1.000000  2.000000  2.236068
 1.000000  7.000000  7.211103
 1.000000  7.071068  7.280110
 1.000000  7.071068  7.280110
 1.000000  7.071068  7.280110
 1.000000  7.615773  7.810250
 1.000000  7.615773  7.810250
 1.000000  7.810250  8.000000
 1.000000 13.416408 13.601471
 1.000000  8.062258  8.246211
 1.000000 14.142136 14.317821
 1.000000  5.656854  5.830952
 1.000000  5.656854  5.830952
 1.000000  5.656854  5.830952
 1.000000  5.656854  5.830952
 1.000000  5.656854  5.830952
 1.000000  2.828427  3.000000
 1.000000  2.828427  3.000000
 1.000000 12.000000 12.165525
 1.000000  3.000000  3.162278
 1.000000  3.000000  3.162278
 1.000000  3.000000  3.162278
 1.000000  3.000000  3.162278
 1.000000  3.000000  3.162278
 1.000000  3.000000  3.162278
 1.000000  3.000000  3.162278
 1.000000  3.000000  3.162278
 1.000000  3.000000  3.162278
 1.000000  3.000000  3.162278
 1.000000  3.000000  3.162278
 1.000000 10.049876 10.198039
 1.000000 10.049876 10.198039
 1.000000  7.071068  7.211103
 1.000000  7.071068  7.211103
 1.000000  7.071068  7.211103
 1.000000  7.071068  7.211103
 1.000000  7.071068  7.211103
 1.000000 11.180340 11.313708
 1.000000  4.000000  4.123106
 1.000000  4.000000  4.123106
 1.000000  4.000000  4.123106
 1.000000  4.000000  4.123106
 1.000000  4.000000  4.123106
 1.000000  4.000000  4.123106
 1.000000  4.000000  4.123106
 1.000000  4.000000  4.123106
 1.000000  4.000000  4.123106
 1.000000  4.000000  4.123106
 1.000000  4.000000  4.123106
 1.000000  4.000000  4.123106
 1.000000  4.000000  4.123106
 1.000000  4.000000  4.123106
 1.000000 13.038405 13.152946
 1.000000  5.000000  5.099020
 1.000000  5.000000  5.099020
 1.000000  5.000000  5.099020
 1.000000  5.000000  5.099020
 1.000000  6.000000  6.082763
 1.000000  6.000000  6.082763
 1.000000  6.324555  6.403124
 1.000000  6.324555  6.403124
 1.000000  6.324555  6.403124
 1.000000  6.324555  6.403124
 1.000000 12.727922 12.806248
 1.000000  7.000000  7.071068
 1.000000  7.000000  7.071068
 1.000000  7.000000  7.071068
 1.000000  7.000000  7.071068
 1.000000  7.000000  7.071068
 1.000000  7.000000  7.071068
 1.000000  9.000000  9.055385
 1.000000  9.433981  9.486833
 1.000000 10.000000 10.049876
 1.000000 15.000000 15.033296
 0.000000 -18.439089       inf
 0.000000 -17.804494  2.828427
 0.000000 -14.422205  2.000000
 0.000000 -8.944272  3.000000
 0.000000 -8.000000  3.162278
 0.000000 -8.246211  2.000000
 0.000000 -7.000000  2.828427
 0.000000 -15.652476 -6.000000
 0.000000 -7.615773  2.000000
 0.000000 -13.453624 -4.000000
 0.000000 -7.211103  2.000000
 0.000000 -12.727922 -5.099020
 0.000000 -15.231546 -7.810250
 0.000000 -11.704700 -5.000000
 0.000000 -12.369317 -6.000000
 0.000000 -7.211103 -1.000000
 0.000000 -7.071068 -1.000000
 0.000000 -7.071068 -1.000000
 0.000000 -9.000000 -3.162278
 0.000000 -1.414214  4.000000
 0.000000 -7.071068 -2.000000
 0.000000 -5.830952 -1.000000
 0.000000 -13.000000 -8.485281
 0.000000 -8.485281 -4.000000
 0.000000 -11.180340 -7.000000
 0.000000 -6.324555 -2.236068
 0.000000 -6.324555 -2.236068
 0.000000 -3.000000  1.000000
 0.000000 -7.000000 -3.162278
 0.000000 -10.630146 -7.000000
 0.000000 -6.708204 -3.162278
 0.000000 -9.000000 -5.656854
 0.000000 -9.000000 -5.656854
 0.000000 -9.000000 -5.830952
 0.000000 -7.000000 -4.000000
 0.000000 -9.899495 -7.000000
 0.000000 -8.544004 -5.656854
 0.000000 -8.944272 -6.324555
 0.000000 -5.385165 -3.000000
 0.000000 -8.544004 -6.324555
 0.000000 -6.082763 -4.000000
 0.000000 -11.000000 -9.000000
 0.000000 -5.830952 -4.000000
 0.000000 -5.830952 -4.000000
 0.000000 -9.848858 -8.062258
 0.000000 -10.000000 -8.246211
 0.000000 -8.062258 -6.403124
 0.000000 -8.000000 -6.403124
 0.000000 -5.830952 -4.472136
 0.000000 -6.082763 -5.000000
 0.000000 -6.082763 -5.000000
 0.000000 -6.708204 -5.656854
 0.000000 -10.000000 -9.000000
 0.000000 -10.000000 -9.000000
 0.000000 -10.000000 -9.055385
 0.000000 -8.944272 -8.000000
 0.000000 -8.000000 -7.071068
 0.000000 -11.045361 -10.295630
 0.000000 -7.810250 -7.071068
 0.000000 -9.899495 -9.219544
 0.000000 -7.000000 -6.324555
 0.000000 -7.000000 -6.324555
 0.000000 -6.708204 -6.082763
 0.000000 -10.049876 -9.433981
 0.000000 -6.403124 -5.830952
 0.000000 -6.403124 -5.830952
 0.000000 -7.280110 -6.708204
 0.000000 -9.055385 -8.544004
 0.000000 -7.211103 -6.708204
 0.000000 -7.211103 -6.708204
 0.000000 -8.246211 -7.810250
 0.000000 -11.180340 -10.770330
 0.000000 -8.944272 -8.544004
 0.000000 -8.944272 -8.544004
 0.000000 -6.708204 -6.324555
 0.000000 -6.708204 -6.324555
 0.000000 -7.071068 -6.708204
 0.000000 -16.155494 -15.811388
 0.000000 -6.000000 -5.656854
 0.000000 -6.708204 -6.403124
 0.000000 -6.708204 -6.403124
 0.000000 -6.708204 -6.403124
 0.000000 -8.544004 -8.246211
 0.000000 -8.544004 -8.246211
 0.000000 -11.401754 -11.180340
 0.000000 -9.219544 -9.000000
 0.000000 -10.198039 -10.000000
 0.000000 -8.246211 -8.062258
 0.000000 -8.246211 -8.062258
 0.000000 -8.246211 -8.062258
 0.000000 -11.180340 -11.000000
 0.000000 -5.830952 -5.656854
 0.000000 -5.830952 -5.656854
 0.000000 -16.278821 -16.124515
 0.000000 -14.142136 -14.000000
 0.000000 -7.211103 -7.071068
 0.000000 -7.211103 -7.071068
 0.000000 -14.560220 -14.422205
 0.000000 -11.180340 -11.045361
 0.000000 -15.000000 -14.866069
 0.000000 -4.123106 -4.000000
 0.000000 -4.123106 -4.000000
 0.000000 -10.000000 -9.899495
 0.000000 -5.099020 -5.000000
 0.000000 -6.082763 -6.000000
 0.000000 -6.082763 -6.000000
 0.000000 -6.082763 -6.000000
 0.000000 -7.071068 -7.000000
 0.000000 -7.071068 -7.000000
 0.000000 -7.071068 -7.000000
 0.000000 -7.071068 -7.000000
 0.000000 -14.212670 -14.142136
 0.000000 -7.280110 -7.211103
 0.000000 -7.280110 -7.211103
 0.000000 -8.062258 -8.000000
 0.000000 -8.062258 -8.000000
 0.000000 -8.062258 -8.000000
 0.000000 -8.544004 -8.485281
 0.000000 -8.602325 -8.544004
 0.000000 -9.055385 -9.000000
 0.000000 -9.055385 -9.000000
 0.000000 -12.041595 -12.000000
