 1.000000 -4.472136  7.000000
 1.000000 -2.236068  9.219544
 1.000000  4.123106 12.727922
 1.000000  2.000000 10.198039
 1.000000 -5.000000  3.000000
 1.000000  4.123106 10.440307
 1.000000  2.236068  8.485281
 1.000000  1.000000  7.071068
 1.000000  1.000000  7.000000
 1.000000  2.000000  7.810250
 1.000000  5.000000 10.000000
 1.000000 -2.000000  2.828427
 1.000000  6.708204 11.000000
 1.000000  1.000000  5.000000
 1.000000  2.000000  5.830952
 1.000000  4.472136  8.000000
 1.000000 -1.000000  2.000000
 1.000000 11.180340 14.000000
 1.000000  4.472136  7.211103
 1.000000  3.000000  5.656854
 1.000000  4.242641  6.708204
 1.000000 -1.414214  1.000000
 1.000000  7.071068  9.433981
 1.000000  3.605551  5.830952
 1.000000  2.000000  4.000000
 1.000000  4.472136  6.403124
 1.000000  1.000000  2.828427
 1.000000  3.605551  5.385165
 1.000000 10.000000 11.704700
 1.000000  2.000000  3.605551
 1.000000 14.142136 15.652476
 1.000000  2.828427  4.242641
 1.000000  1.414214  2.828427
 1.000000  5.000000  6.403124
 1.000000  7.615773  8.944272
 1.000000  2.000000  3.162278
 1.000000  2.000000  3.162278
 1.000000  4.242641  5.385165
 1.000000  5.000000  6.000000
 1.000000  1.000000  2.000000
 1.000000  3.000000  4.000000
 1.000000  4.000000  5.000000
 1.000000  3.605551  4.472136
 1.000000  9.000000  9.848858
 1.000000  3.162278  4.000000
 1.000000  3.162278  4.000000
 1.000000  1.414214  2.236068
 1.000000  1.414214  2.236068
 1.000000  7.810250  8.602325
 1.000000  2.828427  3.605551
 1.000000  2.828427  3.605551
 1.000000  2.236068  3.000000
 1.000000  4.242641  5.000000
 1.000000  7.810250  8.544004
 1.000000  6.000000  6.708204
 1.000000  7.810250  8.485281
 1.000000  5.000000  5.656854
 1.000000  5.000000  5.656854
 1.000000  5.000000  5.656854
 1.000000  5.000000  5.656854
 1.000000  3.605551  4.242641
 1.000000  3.605551  4.242641
 1.000000  8.602325  9.219544
 1.000000  7.211103  7.810250
 1.000000  2.236068  2.828427
 1.000000  2.236068  2.828427
 1.000000  2.236068  2.828427
 1.000000  2.236068  2.828427
 1.000000  2.236068  2.828427
 1.000000  2.236068  2.828427
 1.000000  2.236068  2.828427
 1.000000  2.236068  2.828427
 1.000000  2.236068  2.828427
 1.000000  2.236068  2.828427
 1.000000  1.414214  2.000000
 1.000000  1.414214  2.000000
 1.000000  4.472136  5.000000
 1.000000  4.472136  5.000000
 1.000000  4.472136  5.000000
 1.000000  4.472136  5.000000
 1.000000  4.472136  5.000000
 1.000000  4.472136  5.000000
 1.000000  4.472136  5.000000
 1.000000  4.472136  5.000000
 1.000000  3.605551  4.123106
 1.000000  3.605551  4.123106
 1.000000  3.605551  4.123106
 1.000000  5.830952  6.324555
 1.000000  5.830952  6.324555
 1.000000  8.944272  9.433981
 1.000000  8.062258  8.544004
 1.000000 11.180340 11.661904
 1.000000  4.000000  4.472136
 1.000000  4.000000  4.472136
 1.000000  5.385165  5.830952
 1.000000  5.385165  5.830952
 1.000000  3.162278  3.605551
 1.000000  3.162278  3.605551
 1.000000  3.162278  3.605551
 1.000000  3.162278  3.605551
 1.000000  3.162278  3.605551
 1.000000  3.162278  3.605551
 1.000000 12.206556 12.649111
 1.000000  8.062258  8.485281
 1.000000  8.062258  8.485281
 1.000000  8.062258  8.485281
 1.000000  8.062258  8.485281
 1.000000  1.000000  1.414214
 1.000000  1.000000  1.414214
 1.000000  1.000000  1.414214
 1.000000  1.000000  1.414214
 1.000000  1.000000  1.414214
 1.000000  1.000000  1.414214
 1.000000  1.000000  1.414214
 1.000000 10.770330 11.180340
 1.000000  7.211103  7.615773
 1.000000  8.544004  8.944272
 1.000000  3.605551  4.000000
 1.000000  5.000000  5.385165
 1.000000  5.000000  5.385165
 1.000000  5.000000  5.385165
 1.000000  5.000000  5.385165
 1.000000  5.000000  5.385165
 1.000000  5.000000  5.385165
 1.000000  6.324555  6.708204
 1.000000  9.486833  9.848858
 1.000000  9.486833  9.848858
 1.000000 12.649111 13.000000
 1.000000  4.123106  4.472136
 1.000000  4.123106  4.472136
 1.000000  4.123106  4.472136
 1.000000  4.123106  4.472136
 1.000000 13.000000 13.341664
 1.000000  7.280110  7.615773
 1.000000  7.280110  7.615773
 1.000000 10.295630 10.630146
 1.000000  2.828427  3.162278
 1.000000  2.828427  3.162278
 1.000000  2.828427  3.162278
 1.000000  6.000000  6.324555
 1.000000 11.401754 11.704700
 1.000000 11.401754 11.704700
 1.000000 10.000000 10.295630
 1.000000  5.099020  5.385165
 1.000000  5.099020  5.385165
 1.000000  5.099020  5.385165
 1.000000  5.099020  5.385165
 1.000000  5.099020  5.385165
 1.000000  7.000000  7.280110
 1.000000  8.944272  9.219544
 1.000000  8.944272  9.219544
 1.000000  8.944272  9.219544
 1.000000  8.944272  9.219544
 1.000000  8.944272  9.219544
 1.000000  5.385165  5.656854
 1.000000  5.385165  5.656854
 1.000000  5.385165  5.656854
 1.000000  5.385165  5.656854
 1.000000  7.810250  8.062258
 1.000000  7.810250  8.062258
 1.000000 10.198039 10.440307
 1.000000 10.198039 10.440307
 1.000000  6.082763  6.324555
 1.000000  6.082763  6.324555
 1.000000  6.082763  6.324555
 1.000000  8.246211  8.485281
 1.000000  2.000000  2.236068
 1.000000  2.000000  2.236068
 1.000000  2.000000  2.236068
 1.000000  2.000000  2.236068
 1.000000  2.000000  2.236068
 1.000000  2.000000  2.236068
 1.000000  4.242641  4.472136
 1.000000  4.242641  4.472136
 1.000000  4.242641  4.472136
 1.000000  4.242641  4.472136
 1.000000  4.242641  4.472136
 1.000000  4.242641  4.472136
 1.000000 11.180340 11.401754
 1.000000 11.180340 11.401754
 1.000000  7.071068  7.280110
 1.000000  7.071068  7.280110
 1.000000 10.000000 10.198039
 1.000000  7.615773  7.810250
 1.000000 10.440307 10.630146
 1.000000  8.062258  8.246211
 1.000000  8.062258  8.246211
 1.000000  8.062258  8.246211
 1.000000  5.656854  5.830952
 1.000000  5.656854  5.830952
 1.000000  5.656854  5.830952
 1.000000  5.656854  5.830952
 1.000000  2.828427  3.000000
 1.000000  5.830952  6.000000
 1.000000  3.000000  3.162278
 1.000000  3.000000  3.162278
 1.000000  3.000000  3.162278
 1.000000  3.000000  3.162278
 1.000000  3.000000  3.162278
 1.000000  3.000000  3.162278
 1.000000  3.000000  3.162278
 1.000000 10.630146 10.770330
 1.000000  7.071068  7.211103
 1.000000 11.045361 11.180340
 1.000000 11.045361 11.180340
 1.000000 11.045361 11.180340
 1.000000 12.041595 12.165525
 1.000000 12.041595 12.165525
 1.000000  4.000000  4.123106
 1.000000  4.000000  4.123106
 1.000000  4.000000  4.123106
 1.000000  4.000000  4.123106
 1.000000  4.000000  4.123106
 1.000000  4.000000  4.123106
 1.000000  4.000000  4.123106
 1.000000  4.000000  4.123106
 1.000000  4.000000  4.123106
 1.000000  4.000000  4.123106
 1.000000  4.123106  4.242641
 1.000000  4.123106  4.242641
 1.000000  4.123106  4.242641
 1.000000  4.123106  4.242641
 1.000000 13.038405 13.152946
 1.000000  5.000000  5.099020
 1.000000  5.000000  5.099020
 1.000000  5.000000  5.099020
 1.000000  5.000000  5.099020
 1.000000  5.000000  5.099020
 1.000000  5.000000  5.099020
 1.000000 10.198039 10.295630
 1.000000  6.000000  6.082763
 1.000000  6.000000  6.082763
 1.000000  7.000000  7.071068
 1.000000  7.000000  7.071068
 1.000000  7.000000  7.071068
 1.000000  7.000000  7.071068
 1.000000  8.000000  8.062258
 1.000000  8.485281  8.544004
 1.000000  9.848858  9.899495
 1.000000 12.000000 12.041595
 0.000000 -17.492856       inf
 0.000000 -17.000000  2.828427
 0.000000 -11.704700  1.000000
 0.000000 -8.944272  2.000000
 0.000000 -13.000000 -2.236068
 0.000000 -7.071068  3.605551
 0.000000 -7.211103  3.000000
 0.000000 -8.000000  2.000000
 0.000000 -12.206556 -2.236068
 0.000000 -6.000000  3.162278
 0.000000 -6.082763  3.000000
 0.000000 -13.453624 -5.000000
 0.000000 -11.401754 -3.000000
 0.000000 -6.324555  2.000000
 0.000000 -7.000000  1.000000
 0.000000 -3.162278  4.472136
 0.000000 -8.944272 -1.414214
 0.000000 -9.219544 -2.000000
 0.000000 -12.000000 -5.000000
 0.000000 -5.656854  1.000000
 0.000000 -10.049876 -3.605551
 0.000000 -12.206556 -6.000000
 0.000000 -3.000000  3.000000
 0.000000 -4.000000  1.000000
 0.000000 -11.000000 -6.403124
 0.000000 -8.485281 -4.000000
 0.000000 -14.317821 -9.848858
 0.000000 -9.848858 -5.385165
 0.000000 -1.414214  2.828427
 0.000000 -9.219544 -5.000000
 0.000000 -7.615773 -3.605551
 0.000000 -8.062258 -4.123106
 0.000000 -6.403124 -2.828427
 0.000000 -7.615773 -4.123106
 0.000000 -2.000000  1.414214
 0.000000 -7.211103 -4.000000
 0.000000 -9.433981 -6.403124
 0.000000 -8.944272 -6.000000
 0.000000 -8.485281 -5.830952
 0.000000 -8.544004 -6.000000
 0.000000 -4.472136 -2.000000
 0.000000 -9.486833 -7.071068
 0.000000 -8.062258 -5.656854
 0.000000 -15.556349 -13.341664
 0.000000 -6.324555 -4.123106
 0.000000 -11.180340 -9.000000
 0.000000 -8.062258 -6.000000
 0.000000 -9.055385 -7.000000
 0.000000 -11.180340 -9.219544
 0.000000 -6.403124 -4.472136
 0.000000 -11.401754 -9.486833
 0.000000 -7.000000 -5.099020
 0.000000 -6.000000 -4.242641
 0.000000 -8.944272 -7.211103
 0.000000 -7.000000 -5.385165
 0.000000 -6.324555 -5.000000
 0.000000 -7.071068 -5.830952
 0.000000 -3.162278 -2.000000
 0.000000 -10.295630 -9.219544
 0.000000 -6.708204 -5.656854
 0.000000 -9.486833 -8.485281
 0.000000 -10.000000 -9.000000
 0.000000 -8.944272 -8.000000
 0.000000 -10.816654 -9.899495
 0.000000 -9.848858 -9.000000
 0.000000 -7.211103 -6.403124
 0.000000 -8.000000 -7.280110
 0.000000 -6.708204 -6.000000
 0.000000 -7.071068 -6.403124
 0.000000 -7.071068 -6.403124
 0.000000 -2.000000 -1.414214
 0.000000 -11.401754 -10.816654
 0.000000 -7.615773 -7.071068
 0.000000 -8.544004 -8.000000
 0.000000 -10.295630 -9.848858
 0.000000 -8.062258 -7.615773
 0.000000 -7.615773 -7.211103
 0.000000 -5.385165 -5.000000
 0.000000 -12.083046 -11.704700
 0.000000 -12.083046 -11.704700
 0.000000 -11.180340 -10.816654
 0.000000 -9.848858 -9.486833
 0.000000 -7.615773 -7.280110
 0.000000 -7.615773 -7.280110
 0.000000 -7.615773 -7.280110
 0.000000 -6.324555 -6.000000
 0.000000 -6.403124 -6.082763
 0.000000 -14.317821 -14.000000
 0.000000 -17.492856 -17.204651
 0.000000 -13.601471 -13.341664
 0.000000 -17.464249 -17.204651
 0.000000 -8.062258 -7.810250
 0.000000 -8.062258 -7.810250
 0.000000 -8.062258 -7.810250
 0.000000 -6.082763 -5.830952
 0.000000 -6.324555 -6.082763
 0.000000 -8.485281 -8.246211
 0.000000 -9.219544 -9.000000
 0.000000 -7.280110 -7.071068
 0.000000 -7.280110 -7.071068
 0.000000 -8.000000 -7.810250
 0.000000 -8.246211 -8.062258
 0.000000 -8.246211 -8.062258
 0.000000 -5.830952 -5.656854
 0.000000 -5.830952 -5.656854
 0.000000 -6.000000 -5.830952
 0.000000 -3.162278 -3.000000
 0.000000 -10.198039 -10.049876
 0.000000 -7.211103 -7.071068
 0.000000 -7.211103 -7.071068
 0.000000 -11.180340 -11.045361
 0.000000 -10.000000 -9.899495
 0.000000 -10.000000 -9.899495
 0.000000 -5.099020 -5.000000
 0.000000 -5.099020 -5.000000
 0.000000 -10.295630 -10.198039
 0.000000 -10.295630 -10.198039
 0.000000 -11.401754 -11.313708
 0.000000 -6.082763 -6.000000
 0.000000 -6.082763 -6.000000
 0.000000 -7.071068 -7.000000
 0.000000 -7.280110 -7.211103
 0.000000 -7.280110 -7.211103
 0.000000 -7.280110 -7.211103
 0.000000 -9.055385 -9.000000
 0.000000 -10.049876 -10.000000
 0.000000 -10.049876 -10.000000
 0.000000 -10.049876 -10.000000
 0.000000 -10.049876 -10.000000
 0.000000 -10.816654 -10.770330
 0.000000 -12.206556 -12.165525
 0.000000 -12.206556 -12.165525
