 1.000000  5.000000 17.029386
 1.000000  2.236068 12.083046
 1.000000 -1.000000  7.810250
 1.000000 -1.414214  7.000000
 1.000000 -5.000000  2.000000
 1.000000 -5.000000  1.414214
 1.000000  2.236068  8.544004
 1.000000  2.236068  8.485281
 1.000000 -5.000000  1.000000
 1.000000  3.162278  8.944272
 1.000000  4.123106  9.848858
 1.000000  3.605551  9.219544
 1.000000  3.000000  8.000000
 1.000000  9.000000 13.892444
 1.000000  5.656854 10.295630
 1.000000 -3.605551  1.000000
 1.000000  4.000000  8.000000
 1.000000  2.000000  6.000000
 1.000000  4.472136  8.000000
 1.000000  3.605551  6.708204
 1.000000  7.000000  9.899495
 1.000000  4.000000  6.403124
 1.000000  5.000000  7.280110
 1.000000  4.123106  6.324555
 1.000000  3.000000  5.099020
 1.000000 10.000000 12.083046
 1.000000  4.000000  6.000000
 1.000000  4.472136  6.324555
 1.000000  2.000000  3.605551
 1.000000  2.000000  3.605551
 1.000000  7.000000  8.246211
 1.000000  6.000000  7.211103
 1.000000  2.000000  3.162278
 1.000000  5.000000  6.082763
 1.000000  5.656854  6.708204
 1.000000  4.000000  5.000000
 1.000000  5.000000  6.000000
 1.000000  6.000000  7.000000
 1.000000  4.123106  5.000000
 1.000000  3.162278  4.000000
 1.000000  3.162278  4.000000
 1.000000  1.414214  2.236068
 1.000000  2.828427  3.605551
 1.000000  2.828427  3.605551
 1.000000  2.828427  3.605551
 1.000000  4.242641  5.000000
 1.000000  5.656854  6.403124
 1.000000  9.899495 10.630146
 1.000000  7.810250  8.485281
 1.000000  6.403124  7.071068
 1.000000  6.403124  7.071068
 1.000000  5.656854  6.324555
 1.000000  5.000000  5.656854
 1.000000  5.000000  5.656854
 1.000000  5.000000  5.656854
 1.000000  5.000000  5.656854
 1.000000 10.000000 10.630146
 1.000000  5.385165  6.000000
 1.000000  3.000000  3.605551
 1.000000  3.000000  3.605551
 1.000000  2.236068  2.828427
 1.000000  2.236068  2.828427
 1.000000  2.236068  2.828427
 1.000000  2.236068  2.828427
 1.000000  1.414214  2.000000
 1.000000  1.414214  2.000000
 1.000000  1.414214  2.000000
 1.000000  4.472136  5.000000
 1.000000  4.472136  5.000000
 1.000000  4.472136  5.000000
 1.000000  4.472136  5.000000
 1.000000  4.472136  5.000000
 1.000000  4.472136  5.000000
 1.000000  4.472136  5.000000
 1.000000  4.472136  5.000000
 1.000000  4.472136  5.000000
 1.000000  3.605551  4.123106
 1.000000  5.830952  6.324555
 1.000000  5.830952  6.324555
 1.000000  5.830952  6.324555
 1.000000  5.830952  6.324555
 1.000000 10.295630 10.770330
 1.000000  7.615773  8.062258
 1.000000  7.615773  8.062258
 1.000000  7.615773  8.062258
 1.000000  5.385165  5.830952
 1.000000  5.385165  5.830952
 1.000000  3.162278  3.605551
 1.000000  3.162278  3.605551
 1.000000  3.162278  3.605551
 1.000000  3.162278  3.605551
 1.000000  3.162278  3.605551
 1.000000  9.433981  9.848858
 1.000000  1.000000  1.414214
 1.000000 10.770330 11.180340
 1.000000  9.899495 10.295630
 1.000000  3.605551  4.000000
 1.000000  3.605551  4.000000
 1.000000  5.000000  5.385165
 1.000000  5.000000  5.385165
 1.000000  6.324555  6.708204
 1.000000 11.661904 12.041595
 1.000000  6.708204  7.071068
 1.000000  4.123106  4.472136
 1.000000  4.123106  4.472136
 1.000000 10.295630 10.630146
 1.000000  2.828427  3.162278
 1.000000 10.440307 10.770330
 1.000000  6.000000  6.324555
 1.000000  6.403124  6.708204
 1.000000  6.403124  6.708204
 1.000000  6.403124  6.708204
 1.000000  6.403124  6.708204
 1.000000  6.403124  6.708204
 1.000000 11.401754 11.704700
 1.000000  8.246211  8.544004
 1.000000  8.246211  8.544004
 1.000000 10.000000 10.295630
 1.000000  5.099020  5.385165
 1.000000  5.099020  5.385165
 1.000000  7.000000  7.280110
 1.000000  5.385165  5.656854
 1.000000  5.385165  5.656854
 1.000000  5.385165  5.656854
 1.000000  5.385165  5.656854
 1.000000  5.385165  5.656854
 1.000000  5.385165  5.656854
 1.000000  5.385165  5.656854
 1.000000  7.810250  8.062258
 1.000000  6.082763  6.324555
 1.000000  6.082763  6.324555
 1.000000  6.082763  6.324555
 1.000000  6.082763  6.324555
 1.000000  6.082763  6.324555
 1.000000  6.082763  6.324555
 1.000000  8.246211  8.485281
 1.000000  2.000000  2.236068
 1.000000  2.000000  2.236068
 1.000000  2.000000  2.236068
 1.000000  2.000000  2.236068
 1.000000  2.000000  2.236068
 1.000000  2.000000  2.236068
 1.000000  2.000000  2.236068
 1.000000  2.000000  2.236068
 1.000000  4.242641  4.472136
 1.000000  4.242641  4.472136
 1.000000  4.242641  4.472136
 1.000000  4.242641  4.472136
 1.000000  4.242641  4.472136
 1.000000  4.242641  4.472136
 1.000000  4.242641  4.472136
 1.000000  4.242641  4.472136
 1.000000 15.297059 15.524175
 1.000000  7.071068  7.280110
 1.000000 12.165525 12.369317
 1.000000  7.615773  7.810250
 1.000000  8.062258  8.246211
 1.000000  8.062258  8.246211
 1.000000  8.062258  8.246211
 1.000000 11.000000 11.180340
 1.000000 11.000000 11.180340
 1.000000  5.656854  5.830952
 1.000000  5.656854  5.830952
 1.000000  5.656854  5.830952
 1.000000  5.656854  5.830952
 1.000000  5.656854  5.830952
 1.000000  5.656854  5.830952
 1.000000  5.656854  5.830952
 1.000000  5.656854  5.830952
 1.000000  5.656854  5.830952
 1.000000  5.656854  5.830952
 1.000000  2.828427  3.000000
 1.000000  2.828427  3.000000
 1.000000  5.830952  6.000000
 1.000000  5.830952  6.000000
 1.000000  9.055385  9.219544
 1.000000  3.000000  3.162278
 1.000000  3.000000  3.162278
 1.000000  3.000000  3.162278
 1.000000  3.000000  3.162278
 1.000000  3.000000  3.162278
 1.000000  4.000000  4.123106
 1.000000  4.000000  4.123106
 1.000000  4.000000  4.123106
 1.000000  4.000000  4.123106
 1.000000  4.000000  4.123106
 1.000000  4.000000  4.123106
 1.000000  4.000000  4.123106
 1.000000  4.000000  4.123106
 1.000000 13.038405 13.152946
 1.000000  9.899495 10.000000
 1.000000  5.000000  5.099020
 1.000000  5.000000  5.099020
 1.000000  5.000000  5.099020
 1.000000  5.000000  5.099020
 1.000000  5.000000  5.099020
 1.000000  5.000000  5.099020
 1.000000  5.000000  5.099020
 1.000000  6.000000  6.082763
 1.000000  6.000000  6.082763
 1.000000  6.000000  6.082763
 1.000000  6.000000  6.082763
 1.000000  6.324555  6.403124
 1.000000  6.324555  6.403124
 1.000000  6.324555  6.403124
 1.000000  7.000000  7.071068
 1.000000  7.000000  7.071068
 1.000000  7.000000  7.071068
 1.000000  8.000000  8.062258
 1.000000  8.485281  8.544004
 1.000000  9.000000  9.055385
 1.000000  9.848858  9.899495
 1.000000 12.000000 12.041595
 1.000000 15.000000 15.033296
 0.000000 -16.278821       inf
 0.000000 -14.422205  3.162278
 0.000000 -14.317821  2.000000
 0.000000 -13.038405  2.828427
 0.000000 -7.810250  4.242641
 0.000000 -10.816654  1.000000
 0.000000 -9.848858  1.414214
 0.000000 -6.708204  4.472136
 0.000000 -8.944272  2.000000
 0.000000 -14.000000 -3.162278
 0.000000 -12.806248 -2.000000
 0.000000 -12.083046 -2.000000
 0.000000 -6.708204  2.000000
 0.000000 -7.000000  1.000000
 0.000000 -10.770330 -2.828427
 0.000000 -5.099020  2.828427
 0.000000 -5.656854  2.000000
 0.000000 -6.324555  1.000000
 0.000000 -8.544004 -1.414214
 0.000000 -8.944272 -2.000000
 0.000000 -14.866069 -8.485281
 0.000000 -8.000000 -2.828427
 0.000000 -8.485281 -3.605551
 0.000000 -10.295630 -5.656854
 0.000000 -6.000000 -1.414214
 0.000000 -9.486833 -5.099020
 0.000000 -2.000000  2.000000
 0.000000 -8.000000 -4.000000
 0.000000 -5.830952 -2.000000
 0.000000 -7.211103 -3.605551
 0.000000 -6.708204 -3.162278
 0.000000 -6.324555 -3.000000
 0.000000 -10.000000 -7.071068
 0.000000 -9.899495 -7.071068
 0.000000 -10.770330 -8.000000
 0.000000 -8.544004 -5.830952
 0.000000 -12.000000 -9.486833
 0.000000 -4.472136 -2.000000
 0.000000 -6.708204 -4.242641
 0.000000 -6.324555 -4.000000
 0.000000 -8.602325 -6.324555
 0.000000 -12.041595 -9.848858
 0.000000 -1.000000  1.000000
 0.000000 -7.071068 -5.099020
 0.000000 -10.630146 -8.944272
 0.000000 -7.615773 -6.000000
 0.000000 -8.000000 -6.403124
 0.000000 -6.000000 -4.472136
 0.000000 -9.219544 -7.810250
 0.000000 -6.403124 -5.000000
 0.000000 -7.000000 -5.656854
 0.000000 -13.000000 -11.661904
 0.000000 -6.708204 -5.385165
 0.000000 -7.615773 -6.324555
 0.000000 -12.083046 -10.816654
 0.000000 -11.401754 -10.295630
 0.000000 -13.038405 -12.000000
 0.000000 -9.486833 -8.544004
 0.000000 -7.615773 -6.708204
 0.000000 -9.848858 -8.944272
 0.000000 -9.848858 -9.055385
 0.000000 -8.000000 -7.211103
 0.000000 -8.000000 -7.280110
 0.000000 -8.000000 -7.280110
 0.000000 -7.000000 -6.324555
 0.000000 -7.071068 -6.403124
 0.000000 -7.280110 -6.708204
 0.000000 -8.062258 -7.615773
 0.000000 -5.830952 -5.385165
 0.000000 -12.083046 -11.661904
 0.000000 -11.180340 -10.770330
 0.000000 -8.944272 -8.544004
 0.000000 -6.708204 -6.324555
 0.000000 -6.708204 -6.324555
 0.000000 -12.083046 -11.704700
 0.000000 -11.180340 -10.816654
 0.000000 -11.180340 -10.816654
 0.000000 -7.071068 -6.708204
 0.000000 -7.071068 -6.708204
 0.000000 -9.848858 -9.486833
 0.000000 -7.615773 -7.280110
 0.000000 -7.615773 -7.280110
 0.000000 -6.708204 -6.403124
 0.000000 -6.708204 -6.403124
 0.000000 -6.708204 -6.403124
 0.000000 -6.708204 -6.403124
 0.000000 -13.341664 -13.038405
 0.000000 -10.295630 -10.000000
 0.000000 -7.000000 -6.708204
 0.000000 -5.385165 -5.099020
 0.000000 -5.656854 -5.385165
 0.000000 -6.082763 -5.830952
 0.000000 -8.246211 -8.000000
 0.000000 -6.324555 -6.082763
 0.000000 -8.485281 -8.246211
 0.000000 -2.236068 -2.000000
 0.000000 -9.219544 -9.000000
 0.000000 -9.433981 -9.219544
 0.000000 -7.280110 -7.071068
 0.000000 -8.000000 -7.810250
 0.000000 -6.000000 -5.830952
 0.000000 -3.162278 -3.000000
 0.000000 -10.000000 -9.848858
 0.000000 -10.770330 -10.630146
 0.000000 -10.770330 -10.630146
 0.000000 -7.211103 -7.071068
 0.000000 -7.211103 -7.071068
 0.000000 -7.211103 -7.071068
 0.000000 -7.211103 -7.071068
 0.000000 -7.211103 -7.071068
 0.000000 -7.211103 -7.071068
 0.000000 -7.211103 -7.071068
 0.000000 -7.211103 -7.071068
 0.000000 -4.123106 -4.000000
 0.000000 -10.000000 -9.899495
 0.000000 -10.000000 -9.899495
 0.000000 -5.099020 -5.000000
 0.000000 -10.295630 -10.198039
 0.000000 -10.295630 -10.198039
 0.000000 -11.401754 -11.313708
 0.000000 -11.401754 -11.313708
 0.000000 -11.401754 -11.313708
 0.000000 -12.083046 -12.000000
 0.000000 -7.071068 -7.000000
 0.000000 -7.071068 -7.000000
 0.000000 -7.280110 -7.211103
 0.000000 -8.062258 -8.000000
 0.000000 -8.062258 -8.000000
 0.000000 -8.062258 -8.000000
 0.000000 -8.602325 -8.544004
 0.000000 -9.055385 -9.000000
 0.000000 -9.055385 -9.000000
 0.000000 -9.486833 -9.433981
 0.000000 -12.083046 -12.041595
 0.000000 -12.083046 -12.041595
