 1.000000 -2.236068 12.000000
 1.000000 -2.828427  8.062258
 1.000000  5.000000 15.620499
 1.000000 -7.071068  1.414214
 1.000000 -4.242641  4.242641
 1.000000 -2.236068  6.000000
 1.000000 -4.000000  4.123106
 1.000000  3.605551 11.180340
 1.000000  4.123106 11.045361
 1.000000 -1.414214  5.000000
 1.000000  5.000000 11.180340
 1.000000 -3.000000  3.162278
 1.000000 -2.236068  2.828427
 1.000000 -2.236068  2.828427
 1.000000  5.385165 10.295630
 1.000000  4.000000  8.602325
 1.000000  5.000000  9.000000
 1.000000 -2.000000  1.414214
 1.000000 -1.414214  2.000000
 1.000000  3.000000  6.403124
 1.000000  2.000000  5.385165
 1.000000 -2.000000  1.000000
 1.000000  3.162278  6.000000
 1.000000  8.000000 10.440307
 1.000000  4.000000  6.082763
 1.000000  6.403124  8.485281
 1.000000  2.000000  4.000000
 1.000000  3.000000  5.000000
 1.000000  5.830952  7.615773
 1.000000  5.000000  6.708204
 1.000000  4.000000  5.656854
 1.000000  7.000000  8.544004
 1.000000  9.219544 10.630146
 1.000000 11.180340 12.369317
 1.000000 15.000000 16.000000
 1.000000  1.000000  2.000000
 1.000000 10.198039 11.180340
 1.000000  7.071068  8.000000
 1.000000 13.038405 13.892444
 1.000000  3.162278  4.000000
 1.000000  3.162278  4.000000
 1.000000  5.000000  5.830952
 1.000000  5.000000  5.830952
 1.000000 11.704700 12.369317
 1.000000  3.605551  4.242641
 1.000000  3.605551  4.242641
 1.000000  3.605551  4.242641
 1.000000 10.000000 10.630146
 1.000000  7.211103  7.810250
 1.000000  7.211103  7.810250
 1.000000  2.236068  2.828427
 1.000000  2.236068  2.828427
 1.000000  2.236068  2.828427
 1.000000  2.236068  2.828427
 1.000000  1.414214  2.000000
 1.000000  1.414214  2.000000
 1.000000  1.414214  2.000000
 1.000000  7.071068  7.615773
 1.000000  4.472136  5.000000
 1.000000  4.472136  5.000000
 1.000000  4.472136  5.000000
 1.000000  4.472136  5.000000
 1.000000  6.708204  7.211103
 1.000000  5.830952  6.324555
 1.000000  8.944272  9.433981
 1.000000  9.433981  9.899495
 1.000000  9.433981  9.899495
 1.000000  5.385165  5.830952
 1.000000  5.385165  5.830952
 1.000000  3.162278  3.605551
 1.000000  3.162278  3.605551
 1.000000  3.162278  3.605551
 1.000000  3.162278  3.605551
 1.000000  3.162278  3.605551
 1.000000 13.453624 13.892444
 1.000000  8.062258  8.485281
 1.000000  9.433981  9.848858
 1.000000  1.000000  1.414214
 1.000000  1.000000  1.414214
 1.000000  1.000000  1.414214
 1.000000  1.000000  1.414214
 1.000000  1.000000  1.414214
 1.000000  1.000000  1.414214
 1.000000  8.544004  8.944272
 1.000000  9.899495 10.295630
 1.000000  9.899495 10.295630
 1.000000  9.899495 10.295630
 1.000000  3.605551  4.000000
 1.000000  5.000000  5.385165
 1.000000  5.000000  5.385165
 1.000000  5.000000  5.385165
 1.000000  5.000000  5.385165
 1.000000  5.000000  5.385165
 1.000000  7.615773  8.000000
 1.000000  6.324555  6.708204
 1.000000  6.324555  6.708204
 1.000000  6.324555  6.708204
 1.000000  6.324555  6.708204
 1.000000  6.324555  6.708204
 1.000000 11.704700 12.083046
 1.000000 11.704700 12.083046
 1.000000 10.440307 10.816654
 1.000000 10.630146 11.000000
 1.000000  9.486833  9.848858
 1.000000  9.486833  9.848858
 1.000000  4.123106  4.472136
 1.000000  4.123106  4.472136
 1.000000  4.123106  4.472136
 1.000000  4.123106  4.472136
 1.000000  4.123106  4.472136
 1.000000  4.123106  4.472136
 1.000000  4.123106  4.472136
 1.000000  8.602325  8.944272
 1.000000 11.661904 12.000000
 1.000000  7.280110  7.615773
 1.000000  7.280110  7.615773
 1.000000  7.280110  7.615773
 1.000000  7.280110  7.615773
 1.000000 10.295630 10.630146
 1.000000  2.828427  3.162278
 1.000000  6.000000  6.324555
 1.000000  6.000000  6.324555
 1.000000  6.403124  6.708204
 1.000000  6.403124  6.708204
 1.000000  6.403124  6.708204
 1.000000 11.401754 11.704700
 1.000000  8.246211  8.544004
 1.000000  8.246211  8.544004
 1.000000  6.708204  7.000000
 1.000000  5.099020  5.385165
 1.000000 13.928388 14.212670
 1.000000 12.369317 12.649111
 1.000000  8.944272  9.219544
 1.000000  5.385165  5.656854
 1.000000  5.385165  5.656854
 1.000000  5.385165  5.656854
 1.000000  5.385165  5.656854
 1.000000  7.810250  8.062258
 1.000000 10.198039 10.440307
 1.000000  6.082763  6.324555
 1.000000  6.082763  6.324555
 1.000000  2.000000  2.236068
 1.000000  2.000000  2.236068
 1.000000  2.000000  2.236068
 1.000000  2.000000  2.236068
 1.000000  2.000000  2.236068
 1.000000  4.242641  4.472136
 1.000000  4.242641  4.472136
 1.000000  4.242641  4.472136
 1.000000  4.242641  4.472136
 1.000000  9.000000  9.219544
 1.000000  9.219544  9.433981
 1.000000  9.219544  9.433981
 1.000000  7.615773  7.810250
 1.000000 10.440307 10.630146
 1.000000  7.810250  8.000000
 1.000000 10.630146 10.816654
 1.000000 10.630146 10.816654
 1.000000 13.416408 13.601471
 1.000000 13.416408 13.601471
 1.000000 11.000000 11.180340
 1.000000  5.656854  5.830952
 1.000000  5.656854  5.830952
 1.000000  5.656854  5.830952
 1.000000 15.132746 15.297059
 1.000000  9.055385  9.219544
 1.000000  3.000000  3.162278
 1.000000  3.000000  3.162278
 1.000000  9.848858 10.000000
 1.000000  9.848858 10.000000
 1.000000 13.453624 13.601471
 1.000000  7.071068  7.211103
 1.000000  7.071068  7.211103
 1.000000  7.071068  7.211103
 1.000000 11.045361 11.180340
 1.000000 11.045361 11.180340
 1.000000 12.041595 12.165525
 1.000000  4.000000  4.123106
 1.000000  4.000000  4.123106
 1.000000  4.000000  4.123106
 1.000000  4.000000  4.123106
 1.000000  4.000000  4.123106
 1.000000  4.000000  4.123106
 1.000000  4.123106  4.242641
 1.000000  4.123106  4.242641
 1.000000  4.123106  4.242641
 1.000000  4.123106  4.242641
 1.000000 13.038405 13.152946
 1.000000  9.899495 10.000000
 1.000000  9.899495 10.000000
 1.000000  5.000000  5.099020
 1.000000  5.000000  5.099020
 1.000000  5.000000  5.099020
 1.000000  5.000000  5.099020
 1.000000  5.000000  5.099020
 1.000000 12.000000 12.083046
 1.000000  6.000000  6.082763
 1.000000  6.000000  6.082763
 1.000000  7.000000  7.071068
 1.000000  7.000000  7.071068
 1.000000  7.000000  7.071068
 1.000000  8.000000  8.062258
 1.000000  8.000000  8.062258
 1.000000  8.485281  8.544004
 1.000000  9.000000  9.055385
 1.000000  9.000000  9.055385
 1.000000  9.000000  9.055385
 1.000000  9.848858  9.899495
 1.000000 11.000000 11.045361
 0.000000 -22.000000       inf
 0.000000 -15.652476  4.123106
 0.000000 -11.180340  2.828427
 0.000000 -12.083046  1.000000
 0.000000 -12.000000  1.000000
 0.000000 -9.219544  3.000000
 0.000000 -15.620499 -4.123106
 0.000000 -8.062258  3.000000
 0.000000 -13.601471 -2.828427
 0.000000 -6.324555  4.242641
 0.000000 -6.324555  4.000000
 0.000000 -7.615773  2.236068
 0.000000 -12.000000 -3.000000
 0.000000 -5.385165  3.605551
 0.000000 -7.615773  1.000000
 0.000000 -11.045361 -3.000000
 0.000000 -12.649111 -5.000000
 0.000000 -10.816654 -5.000000
 0.000000 -9.848858 -4.242641
 0.000000 -4.472136  1.000000
 0.000000 -4.472136  1.000000
 0.000000 -10.440307 -5.000000
 0.000000 -12.083046 -6.708204
 0.000000 -2.000000  3.000000
 0.000000 -5.830952 -1.000000
 0.000000 -13.453624 -9.000000
 0.000000 -10.198039 -5.830952
 0.000000 -11.313708 -7.071068
 0.000000 -9.219544 -5.000000
 0.000000 -7.810250 -3.605551
 0.000000 -7.615773 -3.605551
 0.000000 -10.000000 -6.000000
 0.000000 -5.830952 -2.000000
 0.000000 -1.000000  2.000000
 0.000000 -5.830952 -3.000000
 0.000000 -12.000000 -9.219544
 0.000000 -9.433981 -7.000000
 0.000000 -9.433981 -7.000000
 0.000000 -10.000000 -7.615773
 0.000000 -10.440307 -8.062258
 0.000000 -10.440307 -8.062258
 0.000000 -5.830952 -3.605551
 0.000000 -8.000000 -6.000000
 0.000000 -11.000000 -9.000000
 0.000000 -6.000000 -4.000000
 0.000000 -1.000000  1.000000
 0.000000 -8.000000 -6.082763
 0.000000 -10.440307 -8.602325
 0.000000 -10.770330 -9.055385
 0.000000 -6.708204 -5.000000
 0.000000 -6.708204 -5.000000
 0.000000 -11.661904 -10.000000
 0.000000 -9.486833 -8.000000
 0.000000 -6.403124 -5.000000
 0.000000 -12.206556 -11.000000
 0.000000 -6.000000 -5.000000
 0.000000 -12.000000 -11.000000
 0.000000 -6.000000 -5.000000
 0.000000 -10.000000 -9.000000
 0.000000 -6.000000 -5.000000
 0.000000 -5.000000 -4.000000
 0.000000 -8.944272 -8.000000
 0.000000 -9.899495 -9.000000
 0.000000 -5.099020 -4.242641
 0.000000 -10.770330 -10.049876
 0.000000 -6.324555 -5.656854
 0.000000 -9.848858 -9.219544
 0.000000 -13.416408 -12.806248
 0.000000 -10.770330 -10.198039
 0.000000 -7.615773 -7.071068
 0.000000 -9.000000 -8.485281
 0.000000 -15.033296 -14.560220
 0.000000 -9.899495 -9.433981
 0.000000 -9.486833 -9.055385
 0.000000 -7.615773 -7.211103
 0.000000 -7.615773 -7.211103
 0.000000 -8.944272 -8.544004
 0.000000 -8.944272 -8.544004
 0.000000 -15.620499 -15.231546
 0.000000 -8.602325 -8.246211
 0.000000 -4.472136 -4.123106
 0.000000 -8.944272 -8.602325
 0.000000 -7.615773 -7.280110
 0.000000 -6.324555 -6.000000
 0.000000 -6.324555 -6.000000
 0.000000 -11.704700 -11.401754
 0.000000 -8.544004 -8.246211
 0.000000 -8.544004 -8.246211
 0.000000 -8.544004 -8.246211
 0.000000 -5.385165 -5.099020
 0.000000 -5.385165 -5.099020
 0.000000 -12.649111 -12.369317
 0.000000 -11.661904 -11.401754
 0.000000 -6.324555 -6.082763
 0.000000 -2.236068 -2.000000
 0.000000 -13.038405 -12.806248
 0.000000 -15.524175 -15.297059
 0.000000 -15.524175 -15.297059
 0.000000 -9.219544 -9.000000
 0.000000 -9.219544 -9.000000
 0.000000 -10.816654 -10.630146
 0.000000 -13.601471 -13.416408
 0.000000 -3.162278 -3.000000
 0.000000 -3.162278 -3.000000
 0.000000 -10.198039 -10.049876
 0.000000 -10.770330 -10.630146
 0.000000 -11.180340 -11.045361
 0.000000 -4.123106 -4.000000
 0.000000 -8.602325 -8.485281
 0.000000 -10.000000 -9.899495
 0.000000 -5.099020 -5.000000
 0.000000 -5.099020 -5.000000
 0.000000 -5.099020 -5.000000
 0.000000 -7.280110 -7.211103
 0.000000 -7.280110 -7.211103
 0.000000 -7.280110 -7.211103
 0.000000 -8.062258 -8.000000
 0.000000 -8.062258 -8.000000
 0.000000 -8.062258 -8.000000
 0.000000 -8.062258 -8.000000
 0.000000 -8.062258 -8.000000
 0.000000 -8.544004 -8.485281
 0.000000 -9.055385 -9.000000
 0.000000 -9.055385 -9.000000
 0.000000 -9.055385 -9.000000
 0.000000 -9.486833 -9.433981
 0.000000 -9.486833 -9.433981
 0.000000 -15.033296 -15.000000
