 1.000000  3.000000 14.000000
 1.000000 -3.162278  6.324555
 1.000000 -2.236068  7.000000
 1.000000 -1.000000  8.000000
 1.000000 -4.000000  3.162278
 1.000000  2.000000  9.000000
 1.000000 -4.000000  2.828427
 1.000000  1.000000  7.211103
 1.000000  1.414214  7.615773
 1.000000  4.472136 10.630146
 1.000000 -4.000000  2.000000
 1.000000  1.414214  7.280110
 1.000000 -2.236068  2.828427
 1.000000 -3.605551  1.414214
 1.000000  1.414214  6.000000
 1.000000 -2.000000  2.000000
 1.000000  1.414214  5.099020
 1.000000  4.000000  7.615773
 1.000000  3.000000  6.000000
 1.000000  2.000000  5.000000
 1.000000  4.472136  7.280110
 1.000000  1.414214  4.123106
 1.000000  4.472136  7.071068
 1.000000 -1.000000  1.414214
 1.000000  5.000000  7.280110
 1.000000  5.830952  8.062258
 1.000000  3.605551  5.830952
 1.000000  5.099020  7.211103
 1.000000  4.000000  6.082763
 1.000000  3.000000  5.000000
 1.000000  2.000000  4.000000
 1.000000  5.000000  7.000000
 1.000000  7.000000  8.944272
 1.000000  4.000000  5.656854
 1.000000  2.000000  3.605551
 1.000000  2.828427  4.242641
 1.000000  3.605551  5.000000
 1.000000  3.605551  5.000000
 1.000000  4.000000  5.385165
 1.000000  2.236068  3.605551
 1.000000  2.236068  3.605551
 1.000000  1.000000  2.236068
 1.000000  6.082763  7.280110
 1.000000  2.828427  4.000000
 1.000000  2.000000  3.162278
 1.000000  4.242641  5.385165
 1.000000  5.656854  6.708204
 1.000000  5.385165  6.403124
 1.000000  5.385165  6.403124
 1.000000  4.000000  5.000000
 1.000000  3.000000  4.000000
 1.000000  1.000000  2.000000
 1.000000  1.000000  2.000000
 1.000000  6.082763  7.000000
 1.000000  6.082763  7.000000
 1.000000  6.403124  7.280110
 1.000000  5.000000  5.830952
 1.000000  2.828427  3.605551
 1.000000  2.236068  3.000000
 1.000000  4.242641  5.000000
 1.000000  4.242641  5.000000
 1.000000  4.242641  5.000000
 1.000000  6.324555  7.071068
 1.000000  6.000000  6.708204
 1.000000  6.403124  7.071068
 1.000000  6.403124  7.071068
 1.000000  5.656854  6.324555
 1.000000  5.000000  5.656854
 1.000000  5.000000  5.656854
 1.000000  5.000000  5.656854
 1.000000  3.605551  4.242641
 1.000000  3.605551  4.242641
 1.000000  3.605551  4.242641
 1.000000 10.000000 10.630146
 1.000000  5.385165  6.000000
 1.000000  5.385165  6.000000
 1.000000  3.000000  3.605551
 1.000000  3.000000  3.605551
 1.000000  2.236068  2.828427
 1.000000  2.236068  2.828427
 1.000000  2.236068  2.828427
 1.000000  2.236068  2.828427
 1.000000  2.236068  2.828427
 1.000000  2.236068  2.828427
 1.000000  2.236068  2.828427
 1.000000  1.414214  2.000000
 1.000000  1.414214  2.000000
 1.000000  1.414214  2.000000
 1.000000  1.414214  2.000000
 1.000000  5.830952  6.403124
 1.000000  5.830952  6.403124
 1.000000  5.830952  6.403124
 1.000000  9.433981 10.000000
 1.000000  4.472136  5.000000
 1.000000  4.472136  5.000000
 1.000000  4.472136  5.000000
 1.000000  4.472136  5.000000
 1.000000  4.472136  5.000000
 1.000000  4.472136  5.000000
 1.000000  4.472136  5.000000
 1.000000  4.472136  5.000000
 1.000000  4.472136  5.000000
 1.000000  4.472136  5.000000
 1.000000  4.472136  5.000000
 1.000000  3.605551  4.123106
 1.000000  3.605551  4.123106
 1.000000  3.605551  4.123106
 1.000000  3.605551  4.123106
 1.000000  3.605551  4.123106
 1.000000  3.605551  4.123106
 1.000000  6.708204  7.211103
 1.000000  6.708204  7.211103
 1.000000  5.830952  6.324555
 1.000000  5.830952  6.324555
 1.000000  4.000000  4.472136
 1.000000  4.000000  4.472136
 1.000000  4.000000  4.472136
 1.000000  7.615773  8.062258
 1.000000  5.385165  5.830952
 1.000000  5.385165  5.830952
 1.000000  5.385165  5.830952
 1.000000  3.162278  3.605551
 1.000000  3.162278  3.605551
 1.000000  3.162278  3.605551
 1.000000  3.162278  3.605551
 1.000000  3.162278  3.605551
 1.000000  3.162278  3.605551
 1.000000  3.162278  3.605551
 1.000000  8.062258  8.485281
 1.000000 13.000000 13.416408
 1.000000  9.433981  9.848858
 1.000000  1.000000  1.414214
 1.000000  1.000000  1.414214
 1.000000  1.000000  1.414214
 1.000000  1.000000  1.414214
 1.000000  3.605551  4.000000
 1.000000  3.605551  4.000000
 1.000000  3.605551  4.000000
 1.000000  5.000000  5.385165
 1.000000  5.000000  5.385165
 1.000000  5.000000  5.385165
 1.000000  5.000000  5.385165
 1.000000  6.324555  6.708204
 1.000000  6.324555  6.708204
 1.000000  6.324555  6.708204
 1.000000  6.324555  6.708204
 1.000000  6.708204  7.071068
 1.000000  6.708204  7.071068
 1.000000  9.486833  9.848858
 1.000000  4.123106  4.472136
 1.000000  7.280110  7.615773
 1.000000  7.280110  7.615773
 1.000000  2.828427  3.162278
 1.000000  2.828427  3.162278
 1.000000  6.000000  6.324555
 1.000000  6.000000  6.324555
 1.000000  6.403124  6.708204
 1.000000  9.899495 10.198039
 1.000000  6.708204  7.000000
 1.000000  6.708204  7.000000
 1.000000  6.708204  7.000000
 1.000000  5.099020  5.385165
 1.000000  5.099020  5.385165
 1.000000  5.099020  5.385165
 1.000000  7.000000  7.280110
 1.000000  5.385165  5.656854
 1.000000  5.385165  5.656854
 1.000000  5.385165  5.656854
 1.000000  5.385165  5.656854
 1.000000  7.810250  8.062258
 1.000000  5.830952  6.082763
 1.000000 18.439089 18.681542
 1.000000  6.082763  6.324555
 1.000000  6.082763  6.324555
 1.000000  6.082763  6.324555
 1.000000  8.246211  8.485281
 1.000000  2.000000  2.236068
 1.000000  2.000000  2.236068
 1.000000  2.000000  2.236068
 1.000000  2.000000  2.236068
 1.000000  2.000000  2.236068
 1.000000  2.000000  2.236068
 1.000000  2.000000  2.236068
 1.000000  2.000000  2.236068
 1.000000  4.242641  4.472136
 1.000000  4.242641  4.472136
 1.000000  4.242641  4.472136
 1.000000  4.242641  4.472136
 1.000000  4.242641  4.472136
 1.000000  4.242641  4.472136
 1.000000  4.242641  4.472136
 1.000000  4.242641  4.472136
 1.000000  4.242641  4.472136
 1.000000  4.242641  4.472136
 1.000000  7.071068  7.280110
 1.000000 17.000000 17.204651
 1.000000 10.440307 10.630146
 1.000000  7.810250  8.000000
 1.000000  8.062258  8.246211
 1.000000  5.656854  5.830952
 1.000000  5.656854  5.830952
 1.000000  5.656854  5.830952
 1.000000  5.656854  5.830952
 1.000000  2.828427  3.000000
 1.000000  2.828427  3.000000
 1.000000  2.828427  3.000000
 1.000000  5.830952  6.000000
 1.000000  3.000000  3.162278
 1.000000  3.000000  3.162278
 1.000000  3.000000  3.162278
 1.000000  3.000000  3.162278
 1.000000  3.000000  3.162278
 1.000000  3.000000  3.162278
 1.000000  3.000000  3.162278
 1.000000  3.000000  3.162278
 1.000000  3.000000  3.162278
 1.000000  7.071068  7.211103
 1.000000  7.071068  7.211103
 1.000000  7.071068  7.211103
 1.000000  7.071068  7.211103
 1.000000  4.000000  4.123106
 1.000000  4.000000  4.123106
 1.000000  4.000000  4.123106
 1.000000  4.000000  4.123106
 1.000000  4.000000  4.123106
 1.000000  4.000000  4.123106
 1.000000  4.000000  4.123106
 1.000000  4.000000  4.123106
 1.000000  4.000000  4.123106
 1.000000  4.000000  4.123106
 1.000000  4.000000  4.123106
 1.000000  4.000000  4.123106
 1.000000  4.123106  4.242641
 1.000000  4.123106  4.242641
 1.000000  4.123106  4.242641
 1.000000  4.123106  4.242641
 1.000000  4.123106  4.242641
 1.000000  4.123106  4.242641
 1.000000  4.123106  4.242641
 1.000000  4.123106  4.242641
 1.000000  8.485281  8.602325
 1.000000 13.038405 13.152946
 1.000000  5.000000  5.099020
 1.000000  5.000000  5.099020
 1.000000  5.000000  5.099020
 1.000000  5.000000  5.099020
 1.000000  5.000000  5.099020
 1.000000  5.000000  5.099020
 1.000000  5.000000  5.099020
 1.000000  5.000000  5.099020
 1.000000  5.000000  5.099020
 1.000000  6.324555  6.403124
 1.000000  6.324555  6.403124
 1.000000  6.324555  6.403124
 1.000000  6.324555  6.403124
 1.000000  6.324555  6.403124
 1.000000 12.727922 12.806248
 1.000000  7.000000  7.071068
 1.000000  7.000000  7.071068
 1.000000  7.000000  7.071068
 1.000000  8.544004  8.602325
 1.000000  9.000000  9.055385
 1.000000 12.000000 12.041595
 1.000000 17.464249 17.492856
 1.000000 19.000000 19.026298
 0.000000 -19.697716       inf
 0.000000 -13.892444  2.236068
 0.000000 -12.529964  3.000000
 0.000000 -18.027756 -3.000000
 0.000000 -13.038405  1.414214
 0.000000 -11.045361  3.000000
 0.000000 -7.071068  4.123106
 0.000000 -10.000000  1.000000
 0.000000 -9.219544  1.414214
 0.000000 -13.601471 -3.000000
 0.000000 -12.206556 -2.236068
 0.000000 -7.810250  1.000000
 0.000000 -11.000000 -2.236068
 0.000000 -6.403124  2.236068
 0.000000 -11.401754 -3.000000
 0.000000 -6.708204  1.414214
 0.000000 -11.180340 -3.162278
 0.000000 -6.000000  2.000000
 0.000000 -4.000000  3.605551
 0.000000 -11.313708 -4.242641
 0.000000 -12.165525 -5.385165
 0.000000 -10.770330 -4.123106
 0.000000 -5.385165  1.000000
 0.000000 -10.198039 -4.000000
 0.000000 -10.000000 -4.242641
 0.000000 -9.219544 -4.000000
 0.000000 -12.165525 -7.071068
 0.000000 -9.848858 -5.000000
 0.000000 -8.944272 -4.242641
 0.000000 -8.485281 -4.000000
 0.000000 -10.440307 -6.000000
 0.000000 -5.000000 -1.000000
 0.000000 -6.708204 -2.828427
 0.000000 -5.385165 -2.000000
 0.000000 -5.099020 -2.000000
 0.000000 -7.280110 -4.242641
 0.000000 -7.071068 -4.123106
 0.000000 -8.544004 -5.656854
 0.000000 -7.071068 -4.242641
 0.000000 -7.810250 -5.000000
 0.000000 -8.000000 -5.656854
 0.000000 -6.324555 -4.000000
 0.000000 -6.082763 -4.000000
 0.000000 -10.000000 -8.000000
 0.000000 -10.000000 -8.062258
 0.000000 -8.000000 -6.082763
 0.000000 -9.899495 -8.000000
 0.000000 -5.830952 -4.000000
 0.000000 -6.000000 -4.242641
 0.000000 -6.708204 -5.000000
 0.000000 -10.000000 -8.544004
 0.000000 -5.656854 -4.242641
 0.000000 -7.810250 -6.403124
 0.000000 -6.403124 -5.000000
 0.000000 -6.324555 -5.000000
 0.000000 -11.180340 -10.000000
 0.000000 -7.000000 -5.830952
 0.000000 -7.000000 -5.830952
 0.000000 -6.000000 -5.000000
 0.000000 -6.000000 -5.000000
 0.000000 -6.000000 -5.000000
 0.000000 -4.000000 -3.000000
 0.000000 -9.000000 -8.062258
 0.000000 -8.000000 -7.071068
 0.000000 -5.099020 -4.242641
 0.000000 -7.071068 -6.324555
 0.000000 -6.708204 -6.000000
 0.000000 -6.708204 -6.000000
 0.000000 -7.071068 -6.403124
 0.000000 -6.708204 -6.082763
 0.000000 -9.055385 -8.544004
 0.000000 -16.124515 -15.620499
 0.000000 -7.211103 -6.708204
 0.000000 -8.944272 -8.485281
 0.000000 -8.944272 -8.485281
 0.000000 -9.848858 -9.433981
 0.000000 -11.180340 -10.770330
 0.000000 -8.944272 -8.544004
 0.000000 -8.000000 -7.615773
 0.000000 -7.071068 -6.708204
 0.000000 -8.944272 -8.602325
 0.000000 -16.124515 -15.811388
 0.000000 -6.708204 -6.403124
 0.000000 -9.219544 -8.944272
 0.000000 -9.219544 -8.944272
 0.000000 -9.219544 -8.944272
 0.000000 -8.062258 -7.810250
 0.000000 -6.324555 -6.082763
 0.000000 -6.324555 -6.082763
 0.000000 -4.472136 -4.242641
 0.000000 -4.472136 -4.242641
 0.000000 -4.472136 -4.242641
 0.000000 -9.219544 -9.000000
 0.000000 -9.433981 -9.219544
 0.000000 -9.433981 -9.219544
 0.000000 -9.433981 -9.219544
 0.000000 -10.816654 -10.630146
 0.000000 -8.246211 -8.062258
 0.000000 -15.811388 -15.652476
 0.000000 -7.211103 -7.071068
 0.000000 -11.180340 -11.045361
 0.000000 -11.180340 -11.045361
 0.000000 -16.401219 -16.278821
 0.000000 -12.649111 -12.529964
 0.000000 -8.602325 -8.485281
 0.000000 -8.602325 -8.485281
 0.000000 -8.602325 -8.485281
 0.000000 -5.099020 -5.000000
 0.000000 -5.099020 -5.000000
 0.000000 -6.082763 -6.000000
 0.000000 -7.071068 -7.000000
 0.000000 -7.071068 -7.000000
 0.000000 -7.071068 -7.000000
 0.000000 -8.062258 -8.000000
 0.000000 -8.062258 -8.000000
 0.000000 -8.062258 -8.000000
 0.000000 -8.062258 -8.000000
 0.000000 -8.602325 -8.544004
 0.000000 -15.652476 -15.620499
