 1.000000  2.236068 13.928388
 1.000000 -3.162278  6.000000
 1.000000 -5.000000  4.123106
 1.000000 -3.000000  6.082763
 1.000000 -5.099020  3.605551
 1.000000 -2.236068  6.403124
 1.000000  5.000000 13.038405
 1.000000 -5.656854  2.236068
 1.000000 -2.236068  5.656854
 1.000000 -2.828427  5.000000
 1.000000 -1.414214  6.082763
 1.000000  7.211103 14.560220
 1.000000  4.000000 11.180340
 1.000000 -2.000000  5.000000
 1.000000 -2.000000  5.000000
 1.000000 -3.000000  3.162278
 1.000000 -2.236068  3.162278
 1.000000 -3.000000  2.236068
 1.000000  5.000000 10.049876
 1.000000 -3.162278  1.000000
 1.000000  1.414214  4.472136
 1.000000  1.414214  4.472136
 1.000000  9.000000 12.000000
 1.000000 -2.000000  1.000000
 1.000000  7.810250 10.770330
 1.000000  1.414214  4.000000
 1.000000  2.000000  4.472136
 1.000000  7.071068  9.486833
 1.000000  4.000000  6.403124
 1.000000  6.082763  8.246211
 1.000000  5.000000  7.000000
 1.000000  4.000000  6.000000
 1.000000 -1.000000  1.000000
 1.000000  5.000000  7.000000
 1.000000  2.000000  4.000000
 1.000000  8.062258 10.000000
 1.000000  3.162278  5.099020
 1.000000  1.000000  2.828427
 1.000000  9.433981 11.180340
 1.000000  6.324555  8.000000
 1.000000  3.605551  5.099020
 1.000000  1.414214  2.828427
 1.000000  5.000000  6.403124
 1.000000  7.615773  9.000000
 1.000000  4.472136  5.656854
 1.000000  2.828427  4.000000
 1.000000  9.848858 11.000000
 1.000000  6.000000  7.071068
 1.000000  3.000000  4.000000
 1.000000  4.000000  5.000000
 1.000000  1.000000  2.000000
 1.000000  5.099020  6.000000
 1.000000  2.000000  2.828427
 1.000000  1.414214  2.236068
 1.000000  1.414214  2.236068
 1.000000  1.414214  2.236068
 1.000000  1.414214  2.236068
 1.000000  1.414214  2.236068
 1.000000  1.414214  2.236068
 1.000000  7.211103  8.000000
 1.000000 10.000000 10.770330
 1.000000  4.242641  5.000000
 1.000000  4.242641  5.000000
 1.000000  4.242641  5.000000
 1.000000  4.242641  5.000000
 1.000000  9.219544  9.899495
 1.000000 12.806248 13.453624
 1.000000  3.605551  4.242641
 1.000000  3.605551  4.242641
 1.000000  3.605551  4.242641
 1.000000 10.000000 10.630146
 1.000000  4.472136  5.099020
 1.000000  7.000000  7.615773
 1.000000  3.000000  3.605551
 1.000000  3.000000  3.605551
 1.000000  2.236068  2.828427
 1.000000  2.236068  2.828427
 1.000000  2.236068  2.828427
 1.000000  2.236068  2.828427
 1.000000  2.236068  2.828427
 1.000000  2.236068  2.828427
 1.000000  2.236068  2.828427
 1.000000  2.236068  2.828427
 1.000000  2.236068  2.828427
 1.000000  2.236068  2.828427
 1.000000  2.236068  2.828427
 1.000000  2.236068  2.828427
 1.000000  2.236068  2.828427
 1.000000  2.236068  2.828427
 1.000000  1.414214  2.000000
 1.000000  1.414214  2.000000
 1.000000  1.414214  2.000000
 1.000000  1.414214  2.000000
 1.000000  8.062258  8.602325
 1.000000  4.472136  5.000000
 1.000000  4.472136  5.000000
 1.000000  4.472136  5.000000
 1.000000  4.472136  5.000000
 1.000000  4.472136  5.000000
 1.000000  4.472136  5.000000
 1.000000  3.605551  4.123106
 1.000000  3.605551  4.123106
 1.000000  3.605551  4.123106
 1.000000  5.830952  6.324555
 1.000000  8.062258  8.544004
 1.000000  9.433981  9.899495
 1.000000  9.848858 10.295630
 1.000000  5.385165  5.830952
 1.000000  3.162278  3.605551
 1.000000  3.162278  3.605551
 1.000000  3.162278  3.605551
 1.000000  3.162278  3.605551
 1.000000  3.162278  3.605551
 1.000000  8.062258  8.485281
 1.000000 13.038405 13.453624
 1.000000  1.000000  1.414214
 1.000000  1.000000  1.414214
 1.000000  1.000000  1.414214
 1.000000  1.000000  1.414214
 1.000000  1.000000  1.414214
 1.000000 10.770330 11.180340
 1.000000 10.770330 11.180340
 1.000000  7.211103  7.615773
 1.000000  7.211103  7.615773
 1.000000  3.605551  4.000000
 1.000000  3.605551  4.000000
 1.000000  3.605551  4.000000
 1.000000  3.605551  4.000000
 1.000000  3.605551  4.000000
 1.000000  5.000000  5.385165
 1.000000  5.000000  5.385165
 1.000000  6.324555  6.708204
 1.000000  6.324555  6.708204
 1.000000  9.486833  9.848858
 1.000000  9.486833  9.848858
 1.000000  7.280110  7.615773
 1.000000  7.280110  7.615773
 1.000000 10.440307 10.770330
 1.000000 10.440307 10.770330
 1.000000  6.403124  6.708204
 1.000000 11.401754 11.704700
 1.000000  9.899495 10.198039
 1.000000  8.246211  8.544004
 1.000000  8.246211  8.544004
 1.000000  6.708204  7.000000
 1.000000  6.708204  7.000000
 1.000000  5.099020  5.385165
 1.000000  5.099020  5.385165
 1.000000  5.099020  5.385165
 1.000000  7.000000  7.280110
 1.000000  5.385165  5.656854
 1.000000  5.385165  5.656854
 1.000000  9.219544  9.486833
 1.000000  7.810250  8.062258
 1.000000  7.810250  8.062258
 1.000000  7.810250  8.062258
 1.000000 10.049876 10.295630
 1.000000  4.000000  4.242641
 1.000000  4.000000  4.242641
 1.000000 10.198039 10.440307
 1.000000 10.198039 10.440307
 1.000000 10.198039 10.440307
 1.000000  6.082763  6.324555
 1.000000  6.082763  6.324555
 1.000000  6.082763  6.324555
 1.000000  8.246211  8.485281
 1.000000  8.246211  8.485281
 1.000000  2.000000  2.236068
 1.000000  2.000000  2.236068
 1.000000  2.000000  2.236068
 1.000000  2.000000  2.236068
 1.000000  2.000000  2.236068
 1.000000  2.000000  2.236068
 1.000000  2.000000  2.236068
 1.000000  2.000000  2.236068
 1.000000  2.000000  2.236068
 1.000000  2.000000  2.236068
 1.000000  2.000000  2.236068
 1.000000  2.000000  2.236068
 1.000000  2.000000  2.236068
 1.000000  2.000000  2.236068
 1.000000  2.000000  2.236068
 1.000000  2.000000  2.236068
 1.000000  2.000000  2.236068
 1.000000  2.000000  2.236068
 1.000000  4.242641  4.472136
 1.000000  4.242641  4.472136
 1.000000  4.242641  4.472136
 1.000000  4.242641  4.472136
 1.000000  4.242641  4.472136
 1.000000  4.242641  4.472136
 1.000000  4.242641  4.472136
 1.000000  4.242641  4.472136
 1.000000 11.180340 11.401754
 1.000000  7.071068  7.280110
 1.000000  7.615773  7.810250
 1.000000  7.615773  7.810250
 1.000000  8.062258  8.246211
 1.000000  5.656854  5.830952
 1.000000  5.656854  5.830952
 1.000000  2.828427  3.000000
 1.000000  2.828427  3.000000
 1.000000  9.055385  9.219544
 1.000000  9.055385  9.219544
 1.000000  9.055385  9.219544
 1.000000  3.000000  3.162278
 1.000000  3.000000  3.162278
 1.000000  3.000000  3.162278
 1.000000  3.000000  3.162278
 1.000000  3.000000  3.162278
 1.000000  3.000000  3.162278
 1.000000  3.000000  3.162278
 1.000000  9.848858 10.000000
 1.000000  9.848858 10.000000
 1.000000  7.071068  7.211103
 1.000000 11.180340 11.313708
 1.000000  4.000000  4.123106
 1.000000  4.000000  4.123106
 1.000000  4.000000  4.123106
 1.000000  4.000000  4.123106
 1.000000  4.000000  4.123106
 1.000000  4.000000  4.123106
 1.000000  4.000000  4.123106
 1.000000  4.123106  4.242641
 1.000000  4.123106  4.242641
 1.000000  4.123106  4.242641
 1.000000  4.123106  4.242641
 1.000000  8.485281  8.602325
 1.000000  8.944272  9.055385
 1.000000  5.000000  5.099020
 1.000000  5.000000  5.099020
 1.000000  5.000000  5.099020
 1.000000  5.000000  5.099020
 1.000000  5.000000  5.099020
 1.000000  5.000000  5.099020
 1.000000  5.000000  5.099020
 1.000000  5.000000  5.099020
 1.000000  6.000000  6.082763
 1.000000  6.000000  6.082763
 1.000000  6.000000  6.082763
 1.000000  7.000000  7.071068
 1.000000  7.000000  7.071068
 1.000000  8.485281  8.544004
 1.000000  9.000000  9.055385
 1.000000  9.000000  9.055385
 1.000000  9.000000  9.055385
 1.000000 10.000000 10.049876
 1.000000 11.000000 11.045361
 1.000000 13.416408 13.453624
 1.000000 13.892444 13.928388
 0.000000 -18.384776       inf
 0.000000 -10.630146  4.242641
 0.000000 -10.295630  2.000000
 0.000000 -8.000000  4.242641
 0.000000 -9.000000  2.828427
 0.000000 -13.601471 -2.236068
 0.000000 -7.071068  3.162278
 0.000000 -6.082763  4.000000
 0.000000 -13.038405 -3.162278
 0.000000 -7.280110  2.000000
 0.000000 -2.828427  6.000000
 0.000000 -6.000000  2.828427
 0.000000 -7.000000  1.414214
 0.000000 -6.000000  2.000000
 0.000000 -5.000000  3.000000
 0.000000 -12.083046 -4.242641
 0.000000 -5.830952  2.000000
 0.000000 -5.000000  2.828427
 0.000000 -6.000000  1.414214
 0.000000 -8.062258 -1.000000
 0.000000 -12.000000 -5.000000
 0.000000 -11.180340 -5.000000
 0.000000 -7.071068 -1.000000
 0.000000 -11.401754 -5.385165
 0.000000 -8.000000 -2.000000
 0.000000 -7.810250 -2.000000
 0.000000 -10.198039 -5.656854
 0.000000 -9.486833 -5.000000
 0.000000 -7.615773 -3.162278
 0.000000 -10.630146 -6.403124
 0.000000 -11.180340 -7.000000
 0.000000 -7.071068 -3.000000
 0.000000 -5.830952 -2.236068
 0.000000 -5.830952 -2.236068
 0.000000 -9.486833 -6.082763
 0.000000 -7.000000 -3.605551
 0.000000 -7.615773 -4.242641
 0.000000 -7.211103 -4.242641
 0.000000 -11.401754 -8.485281
 0.000000 -8.602325 -6.000000
 0.000000 -11.401754 -9.000000
 0.000000 -8.544004 -6.324555
 0.000000 -9.219544 -7.071068
 0.000000 -10.049876 -8.000000
 0.000000 -7.071068 -5.099020
 0.000000 -9.000000 -7.071068
 0.000000 -8.000000 -6.082763
 0.000000 -9.848858 -8.000000
 0.000000 -8.544004 -6.708204
 0.000000 -5.385165 -3.605551
 0.000000 -8.062258 -6.324555
 0.000000 -9.486833 -7.810250
 0.000000 -3.605551 -2.000000
 0.000000 -3.605551 -2.000000
 0.000000 -10.440307 -9.000000
 0.000000 -8.000000 -6.708204
 0.000000 -10.295630 -9.055385
 0.000000 -10.440307 -9.219544
 0.000000 -11.180340 -10.000000
 0.000000 -8.944272 -7.810250
 0.000000 -9.055385 -8.000000
 0.000000 -6.000000 -5.000000
 0.000000 -7.000000 -6.000000
 0.000000 -7.071068 -6.082763
 0.000000 -10.770330 -9.899495
 0.000000 -8.485281 -7.615773
 0.000000 -7.211103 -6.403124
 0.000000 -10.000000 -9.219544
 0.000000 -6.708204 -6.000000
 0.000000 -9.848858 -9.219544
 0.000000 -8.602325 -8.000000
 0.000000 -7.000000 -6.403124
 0.000000 -7.810250 -7.280110
 0.000000 -7.810250 -7.280110
 0.000000 -5.000000 -4.472136
 0.000000 -7.211103 -6.708204
 0.000000 -7.211103 -6.708204
 0.000000 -7.211103 -6.708204
 0.000000 -8.544004 -8.062258
 0.000000 -9.000000 -8.544004
 0.000000 -6.082763 -5.656854
 0.000000 -9.848858 -9.433981
 0.000000 -9.848858 -9.433981
 0.000000 -6.403124 -6.000000
 0.000000 -8.944272 -8.544004
 0.000000 -5.385165 -5.000000
 0.000000 -7.071068 -6.708204
 0.000000 -13.341664 -13.000000
 0.000000 -7.615773 -7.280110
 0.000000 -7.615773 -7.280110
 0.000000 -6.324555 -6.000000
 0.000000 -10.295630 -10.000000
 0.000000 -10.295630 -10.000000
 0.000000 -7.000000 -6.708204
 0.000000 -9.219544 -8.944272
 0.000000 -8.062258 -7.810250
 0.000000 -6.082763 -5.830952
 0.000000 -6.324555 -6.082763
 0.000000 -6.324555 -6.082763
 0.000000 -9.219544 -9.000000
 0.000000 -9.433981 -9.219544
 0.000000 -10.198039 -10.000000
 0.000000 -8.000000 -7.810250
 0.000000 -8.246211 -8.062258
 0.000000 -5.830952 -5.656854
 0.000000 -5.830952 -5.656854
 0.000000 -6.000000 -5.830952
 0.000000 -14.142136 -14.000000
 0.000000 -7.211103 -7.071068
 0.000000 -7.211103 -7.071068
 0.000000 -7.211103 -7.071068
 0.000000 -7.211103 -7.071068
 0.000000 -11.313708 -11.180340
 0.000000 -10.000000 -9.899495
 0.000000 -10.000000 -9.899495
 0.000000 -6.082763 -6.000000
 0.000000 -6.082763 -6.000000
 0.000000 -7.071068 -7.000000
 0.000000 -7.280110 -7.211103
 0.000000 -8.062258 -8.000000
 0.000000 -9.055385 -9.000000
 0.000000 -10.049876 -10.000000
 0.000000 -10.049876 -10.000000
 0.000000 -13.038405 -13.000000
 0.000000 -13.038405 -13.000000
