 1.000000 -5.656854 10.770330
 1.000000  2.000000 16.552945
 1.000000  5.000000 14.317821
 1.000000  4.123106 13.416408
 1.000000 -2.236068  2.828427
 1.000000  5.000000 10.049876
 1.000000  5.000000 10.000000
 1.000000  6.000000 10.770330
 1.000000  3.605551  7.810250
 1.000000  1.000000  5.000000
 1.000000  6.000000  9.848858
 1.000000 -2.236068  1.414214
 1.000000  6.403124  9.899495
 1.000000  5.000000  8.485281
 1.000000  3.605551  7.071068
 1.000000  7.071068 10.000000
 1.000000  7.071068  9.848858
 1.000000  1.414214  4.000000
 1.000000 -1.414214  1.000000
 1.000000  4.123106  6.403124
 1.000000  4.123106  6.324555
 1.000000  3.000000  5.000000
 1.000000  5.385165  7.071068
 1.000000 12.000000 13.601471
 1.000000  7.000000  8.544004
 1.000000  3.605551  5.000000
 1.000000  2.236068  3.605551
 1.000000  5.000000  6.324555
 1.000000  4.000000  5.099020
 1.000000  4.000000  5.000000
 1.000000  1.000000  2.000000
 1.000000  1.000000  2.000000
 1.000000  6.082763  7.071068
 1.000000  6.324555  7.280110
 1.000000  4.472136  5.385165
 1.000000  4.123106  5.000000
 1.000000  2.000000  2.828427
 1.000000  7.280110  8.062258
 1.000000 10.000000 10.770330
 1.000000  4.242641  5.000000
 1.000000  4.242641  5.000000
 1.000000  5.656854  6.403124
 1.000000  5.099020  5.830952
 1.000000 13.416408 14.142136
 1.000000  6.000000  6.708204
 1.000000  5.385165  6.082763
 1.000000  9.219544  9.899495
 1.000000  9.219544  9.899495
 1.000000  9.219544  9.899495
 1.000000  9.219544  9.899495
 1.000000  5.656854  6.324555
 1.000000  5.000000  5.656854
 1.000000  5.000000  5.656854
 1.000000  5.000000  5.656854
 1.000000  3.605551  4.242641
 1.000000  3.605551  4.242641
 1.000000  9.219544  9.848858
 1.000000  5.385165  6.000000
 1.000000  3.000000  3.605551
 1.000000  3.000000  3.605551
 1.000000  7.211103  7.810250
 1.000000  7.211103  7.810250
 1.000000  2.236068  2.828427
 1.000000  2.236068  2.828427
 1.000000  2.236068  2.828427
 1.000000  2.236068  2.828427
 1.000000  2.236068  2.828427
 1.000000  2.236068  2.828427
 1.000000  1.414214  2.000000
 1.000000 10.198039 10.770330
 1.000000  5.830952  6.403124
 1.000000  5.830952  6.403124
 1.000000  5.830952  6.403124
 1.000000  8.000000  8.544004
 1.000000  4.472136  5.000000
 1.000000  4.472136  5.000000
 1.000000  4.472136  5.000000
 1.000000  4.472136  5.000000
 1.000000  4.472136  5.000000
 1.000000  4.472136  5.000000
 1.000000  3.605551  4.123106
 1.000000  3.605551  4.123106
 1.000000  3.605551  4.123106
 1.000000 14.764823 15.264338
 1.000000 13.416408 13.892444
 1.000000 10.295630 10.770330
 1.000000  4.000000  4.472136
 1.000000  9.848858 10.295630
 1.000000  5.385165  5.830952
 1.000000  5.385165  5.830952
 1.000000  5.385165  5.830952
 1.000000  5.385165  5.830952
 1.000000  5.385165  5.830952
 1.000000  5.385165  5.830952
 1.000000  3.162278  3.605551
 1.000000  3.162278  3.605551
 1.000000  5.656854  6.082763
 1.000000 13.000000 13.416408
 1.000000  9.433981  9.848858
 1.000000  9.433981  9.848858
 1.000000  9.433981  9.848858
 1.000000  1.000000  1.414214
 1.000000  1.000000  1.414214
 1.000000  1.000000  1.414214
 1.000000  1.000000  1.414214
 1.000000  1.000000  1.414214
 1.000000  7.211103  7.615773
 1.000000  3.605551  4.000000
 1.000000  5.000000  5.385165
 1.000000  5.000000  5.385165
 1.000000  5.000000  5.385165
 1.000000  5.000000  5.385165
 1.000000  6.324555  6.708204
 1.000000 11.704700 12.083046
 1.000000 12.165525 12.529964
 1.000000  6.708204  7.071068
 1.000000  6.708204  7.071068
 1.000000  4.123106  4.472136
 1.000000  4.123106  4.472136
 1.000000  4.123106  4.472136
 1.000000  4.123106  4.472136
 1.000000  4.123106  4.472136
 1.000000  4.123106  4.472136
 1.000000  4.123106  4.472136
 1.000000  4.123106  4.472136
 1.000000  5.656854  6.000000
 1.000000  7.280110  7.615773
 1.000000  7.280110  7.615773
 1.000000  7.280110  7.615773
 1.000000  7.280110  7.615773
 1.000000  7.280110  7.615773
 1.000000  2.828427  3.162278
 1.000000  2.828427  3.162278
 1.000000 10.440307 10.770330
 1.000000 13.601471 13.928388
 1.000000 13.601471 13.928388
 1.000000  6.000000  6.324555
 1.000000  6.000000  6.324555
 1.000000 14.000000 14.317821
 1.000000 12.727922 13.038405
 1.000000 12.727922 13.038405
 1.000000  6.403124  6.708204
 1.000000  8.246211  8.544004
 1.000000  5.099020  5.385165
 1.000000  5.099020  5.385165
 1.000000  5.099020  5.385165
 1.000000  5.099020  5.385165
 1.000000  5.099020  5.385165
 1.000000  8.944272  9.219544
 1.000000  5.385165  5.656854
 1.000000  5.385165  5.656854
 1.000000  5.385165  5.656854
 1.000000  5.385165  5.656854
 1.000000  5.385165  5.656854
 1.000000  5.385165  5.656854
 1.000000  5.385165  5.656854
 1.000000  5.385165  5.656854
 1.000000 15.000000 15.264338
 1.000000  5.830952  6.082763
 1.000000  8.000000  8.246211
 1.000000  4.000000  4.242641
 1.000000  4.000000  4.242641
 1.000000  6.082763  6.324555
 1.000000  6.082763  6.324555
 1.000000  6.082763  6.324555
 1.000000  6.082763  6.324555
 1.000000  2.000000  2.236068
 1.000000  2.000000  2.236068
 1.000000  2.000000  2.236068
 1.000000  4.242641  4.472136
 1.000000  4.242641  4.472136
 1.000000  7.071068  7.280110
 1.000000  7.615773  7.810250
 1.000000  7.615773  7.810250
 1.000000  7.615773  7.810250
 1.000000  7.615773  7.810250
 1.000000  7.615773  7.810250
 1.000000  8.062258  8.246211
 1.000000  8.062258  8.246211
 1.000000  8.062258  8.246211
 1.000000  8.062258  8.246211
 1.000000  8.062258  8.246211
 1.000000  5.656854  5.830952
 1.000000  2.828427  3.000000
 1.000000 12.041595 12.206556
 1.000000 12.206556 12.369317
 1.000000  3.000000  3.162278
 1.000000  3.000000  3.162278
 1.000000  3.000000  3.162278
 1.000000 16.124515 16.278821
 1.000000 10.049876 10.198039
 1.000000  7.071068  7.211103
 1.000000  7.071068  7.211103
 1.000000  7.071068  7.211103
 1.000000  7.071068  7.211103
 1.000000  7.071068  7.211103
 1.000000 14.866069 15.000000
 1.000000  4.000000  4.123106
 1.000000  4.000000  4.123106
 1.000000  4.000000  4.123106
 1.000000  4.000000  4.123106
 1.000000  4.000000  4.123106
 1.000000  4.000000  4.123106
 1.000000  4.000000  4.123106
 1.000000  4.000000  4.123106
 1.000000  4.000000  4.123106
 1.000000  4.000000  4.123106
 1.000000  4.123106  4.242641
 1.000000  4.123106  4.242641
 1.000000  4.123106  4.242641
 1.000000  4.123106  4.242641
 1.000000  4.123106  4.242641
 1.000000  4.123106  4.242641
 1.000000  8.485281  8.602325
 1.000000  9.899495 10.000000
 1.000000  5.000000  5.099020
 1.000000  5.000000  5.099020
 1.000000  5.000000  5.099020
 1.000000  5.000000  5.099020
 1.000000  5.000000  5.099020
 1.000000  5.000000  5.099020
 1.000000  5.000000  5.099020
 1.000000 15.524175 15.620499
 1.000000  6.000000  6.082763
 1.000000  6.000000  6.082763
 1.000000  6.000000  6.082763
 1.000000  6.000000  6.082763
 1.000000  6.000000  6.082763
 1.000000  6.324555  6.403124
 1.000000  6.324555  6.403124
 1.000000 12.727922 12.806248
 1.000000  7.000000  7.071068
 1.000000  7.000000  7.071068
 1.000000  7.000000  7.071068
 1.000000  7.000000  7.071068
 1.000000  7.211103  7.280110
 1.000000  7.211103  7.280110
 1.000000  8.000000  8.062258
 1.000000  8.000000  8.062258
 1.000000  8.000000  8.062258
 1.000000  8.000000  8.062258
 1.000000  8.000000  8.062258
 1.000000  8.000000  8.062258
 1.000000  9.000000  9.055385
 1.000000  9.433981  9.486833
 1.000000 10.000000 10.049876
 1.000000 11.661904 11.704700
 1.000000 12.000000 12.041595
 0.000000 -19.235384       inf
 0.000000 -17.464249  2.236068
 0.000000 -11.661904  2.000000
 0.000000 -10.295630  2.000000
 0.000000 -11.000000  1.000000
 0.000000 -7.810250  4.123106
 0.000000 -16.401219 -4.472136
 0.000000 -9.848858  2.000000
 0.000000 -15.297059 -4.000000
 0.000000 -6.000000  5.000000
 0.000000 -7.810250  3.000000
 0.000000 -6.082763  4.000000
 0.000000 -12.727922 -3.605551
 0.000000 -4.000000  5.000000
 0.000000 -5.385165  3.605551
 0.000000 -2.236068  6.000000
 0.000000 -14.317821 -6.403124
 0.000000 -2.828427  5.000000
 0.000000 -3.000000  4.472136
 0.000000 -5.385165  2.000000
 0.000000 -13.341664 -6.000000
 0.000000 -3.000000  3.605551
 0.000000 -7.615773 -2.236068
 0.000000 -10.000000 -5.000000
 0.000000 -10.630146 -5.656854
 0.000000 -5.830952 -1.000000
 0.000000 -13.341664 -9.219544
 0.000000 -11.000000 -7.071068
 0.000000 -6.324555 -3.000000
 0.000000 -11.045361 -7.810250
 0.000000 -8.944272 -6.000000
 0.000000 -9.848858 -7.000000
 0.000000 -11.313708 -9.000000
 0.000000 -9.000000 -6.708204
 0.000000 -5.830952 -3.605551
 0.000000 -8.062258 -6.000000
 0.000000 -12.000000 -10.049876
 0.000000 -10.770330 -9.055385
 0.000000 -6.708204 -5.000000
 0.000000 -6.708204 -5.000000
 0.000000 -12.649111 -11.180340
 0.000000 -7.280110 -5.830952
 0.000000 -12.649111 -11.313708
 0.000000 -8.000000 -6.708204
 0.000000 -7.000000 -5.830952
 0.000000 -8.062258 -7.000000
 0.000000 -8.944272 -8.000000
 0.000000 -13.928388 -13.000000
 0.000000 -14.317821 -13.453624
 0.000000 -11.180340 -10.440307
 0.000000 -17.000000 -16.278821
 0.000000 -7.000000 -6.324555
 0.000000 -7.000000 -6.324555
 0.000000 -7.071068 -6.403124
 0.000000 -8.246211 -7.615773
 0.000000 -9.848858 -9.219544
 0.000000 -9.219544 -8.602325
 0.000000 -13.601471 -13.000000
 0.000000 -10.049876 -9.486833
 0.000000 -7.615773 -7.071068
 0.000000 -9.433981 -8.944272
 0.000000 -9.433981 -9.000000
 0.000000 -9.848858 -9.433981
 0.000000 -7.615773 -7.211103
 0.000000 -9.848858 -9.486833
 0.000000 -8.944272 -8.602325
 0.000000 -6.324555 -6.000000
 0.000000 -14.317821 -14.000000
 0.000000 -6.708204 -6.403124
 0.000000 -6.708204 -6.403124
 0.000000 -6.708204 -6.403124
 0.000000 -7.280110 -7.000000
 0.000000 -16.401219 -16.124515
 0.000000 -9.219544 -8.944272
 0.000000 -9.486833 -9.219544
 0.000000 -6.324555 -6.082763
 0.000000 -8.485281 -8.246211
 0.000000 -2.236068 -2.000000
 0.000000 -11.401754 -11.180340
 0.000000 -9.219544 -9.000000
 0.000000 -9.433981 -9.219544
 0.000000 -10.198039 -10.000000
 0.000000 -5.830952 -5.656854
 0.000000 -5.830952 -5.656854
 0.000000 -5.830952 -5.656854
 0.000000 -13.152946 -13.000000
 0.000000 -10.000000 -9.848858
 0.000000 -16.401219 -16.278821
 0.000000 -8.602325 -8.485281
 0.000000 -10.000000 -9.899495
 0.000000 -5.099020 -5.000000
 0.000000 -5.099020 -5.000000
 0.000000 -11.401754 -11.313708
 0.000000 -6.082763 -6.000000
 0.000000 -6.082763 -6.000000
 0.000000 -6.403124 -6.324555
 0.000000 -6.403124 -6.324555
 0.000000 -12.806248 -12.727922
 0.000000 -7.071068 -7.000000
 0.000000 -7.071068 -7.000000
 0.000000 -7.280110 -7.211103
 0.000000 -8.062258 -8.000000
 0.000000 -8.544004 -8.485281
