 1.000000 -5.385165  8.485281
 1.000000  3.000000 13.892444
 1.000000  3.605551 14.000000
 1.000000 -1.414214  8.062258
 1.000000 -2.000000  7.211103
 1.000000  3.000000 11.661904
 1.000000  3.605551 10.770330
 1.000000 -4.000000  3.162278
 1.000000  4.000000  9.433981
 1.000000 -4.123106  1.000000
 1.000000  4.242641  9.219544
 1.000000 -3.605551  1.000000
 1.000000 -1.000000  3.605551
 1.000000  5.099020  9.486833
 1.000000  7.000000 11.313708
 1.000000  6.324555 10.630146
 1.000000  3.000000  7.211103
 1.000000 -3.000000  1.000000
 1.000000 -2.828427  1.000000
 1.000000  6.708204 10.198039
 1.000000  3.605551  7.071068
 1.000000  2.236068  5.656854
 1.000000 -2.000000  1.414214
 1.000000 -2.000000  1.414214
 1.000000 -1.000000  2.236068
 1.000000  1.000000  4.000000
 1.000000  4.000000  7.000000
 1.000000 -2.000000  1.000000
 1.000000  1.000000  4.000000
 1.000000 -1.414214  1.414214
 1.000000  4.472136  7.211103
 1.000000  3.162278  5.656854
 1.000000  2.236068  4.472136
 1.000000  1.414214  3.605551
 1.000000  7.071068  9.000000
 1.000000  4.000000  5.830952
 1.000000  2.236068  4.000000
 1.000000  2.000000  3.605551
 1.000000  2.000000  3.605551
 1.000000  4.242641  5.656854
 1.000000  2.236068  3.605551
 1.000000  2.236068  3.605551
 1.000000  2.236068  3.605551
 1.000000  5.000000  6.324555
 1.000000 11.045361 12.369317
 1.000000  9.433981 10.630146
 1.000000  2.000000  3.162278
 1.000000  1.000000  2.000000
 1.000000  4.000000  5.000000
 1.000000  8.062258  8.944272
 1.000000  8.062258  8.944272
 1.000000  3.605551  4.472136
 1.000000  3.162278  4.000000
 1.000000  7.810250  8.602325
 1.000000  7.211103  8.000000
 1.000000  2.828427  3.605551
 1.000000  2.828427  3.605551
 1.000000  5.385165  6.082763
 1.000000  7.810250  8.485281
 1.000000  7.810250  8.485281
 1.000000  6.403124  7.071068
 1.000000  5.000000  5.656854
 1.000000  5.000000  5.656854
 1.000000  5.000000  5.656854
 1.000000  3.605551  4.242641
 1.000000  3.605551  4.242641
 1.000000  3.605551  4.242641
 1.000000  3.605551  4.242641
 1.000000  3.605551  4.242641
 1.000000  3.605551  4.242641
 1.000000  3.605551  4.242641
 1.000000  3.605551  4.242641
 1.000000  3.605551  4.242641
 1.000000  7.211103  7.810250
 1.000000  2.236068  2.828427
 1.000000  2.236068  2.828427
 1.000000  2.236068  2.828427
 1.000000  2.236068  2.828427
 1.000000  2.236068  2.828427
 1.000000  2.236068  2.828427
 1.000000  2.236068  2.828427
 1.000000  2.236068  2.828427
 1.000000  2.236068  2.828427
 1.000000  2.236068  2.828427
 1.000000  1.414214  2.000000
 1.000000  1.414214  2.000000
 1.000000  1.414214  2.000000
 1.000000  7.071068  7.615773
 1.000000  8.062258  8.602325
 1.000000  4.472136  5.000000
 1.000000  4.472136  5.000000
 1.000000  3.605551  4.123106
 1.000000  3.605551  4.123106
 1.000000  3.605551  4.123106
 1.000000  3.605551  4.123106
 1.000000  3.605551  4.123106
 1.000000  6.708204  7.211103
 1.000000  5.830952  6.324555
 1.000000  4.000000  4.472136
 1.000000  9.433981  9.899495
 1.000000  5.385165  5.830952
 1.000000  5.385165  5.830952
 1.000000  5.385165  5.830952
 1.000000  3.162278  3.605551
 1.000000  3.162278  3.605551
 1.000000  3.162278  3.605551
 1.000000  3.162278  3.605551
 1.000000  3.162278  3.605551
 1.000000  3.162278  3.605551
 1.000000  3.162278  3.605551
 1.000000  3.162278  3.605551
 1.000000  3.162278  3.605551
 1.000000  3.162278  3.605551
 1.000000  3.162278  3.605551
 1.000000  3.162278  3.605551
 1.000000  8.062258  8.485281
 1.000000  1.000000  1.414214
 1.000000  1.000000  1.414214
 1.000000  1.000000  1.414214
 1.000000  1.000000  1.414214
 1.000000  1.000000  1.414214
 1.000000  7.211103  7.615773
 1.000000  8.544004  8.944272
 1.000000  3.605551  4.000000
 1.000000  3.605551  4.000000
 1.000000  5.000000  5.385165
 1.000000  5.000000  5.385165
 1.000000  5.000000  5.385165
 1.000000  5.000000  5.385165
 1.000000  5.000000  5.385165
 1.000000  5.000000  5.385165
 1.000000  6.324555  6.708204
 1.000000  6.324555  6.708204
 1.000000  6.708204  7.071068
 1.000000  6.708204  7.071068
 1.000000  9.486833  9.848858
 1.000000  9.486833  9.848858
 1.000000  9.848858 10.198039
 1.000000  4.123106  4.472136
 1.000000  4.123106  4.472136
 1.000000  4.123106  4.472136
 1.000000  8.602325  8.944272
 1.000000  8.602325  8.944272
 1.000000  7.280110  7.615773
 1.000000  7.280110  7.615773
 1.000000  7.280110  7.615773
 1.000000  2.828427  3.162278
 1.000000  2.828427  3.162278
 1.000000  2.828427  3.162278
 1.000000  6.403124  6.708204
 1.000000 11.704700 12.000000
 1.000000  5.099020  5.385165
 1.000000  5.099020  5.385165
 1.000000  7.000000  7.280110
 1.000000  8.944272  9.219544
 1.000000  5.385165  5.656854
 1.000000  5.385165  5.656854
 1.000000  5.385165  5.656854
 1.000000  5.385165  5.656854
 1.000000  7.810250  8.062258
 1.000000  7.810250  8.062258
 1.000000  5.830952  6.082763
 1.000000  5.830952  6.082763
 1.000000  8.000000  8.246211
 1.000000  8.000000  8.246211
 1.000000 10.198039 10.440307
 1.000000  6.082763  6.324555
 1.000000  6.082763  6.324555
 1.000000  8.246211  8.485281
 1.000000  2.000000  2.236068
 1.000000  2.000000  2.236068
 1.000000  2.000000  2.236068
 1.000000  2.000000  2.236068
 1.000000  2.000000  2.236068
 1.000000  2.000000  2.236068
 1.000000  2.000000  2.236068
 1.000000  4.242641  4.472136
 1.000000  4.242641  4.472136
 1.000000  4.242641  4.472136
 1.000000  4.242641  4.472136
 1.000000  4.242641  4.472136
 1.000000  4.242641  4.472136
 1.000000  9.219544  9.433981
 1.000000  7.071068  7.280110
 1.000000  7.071068  7.280110
 1.000000  7.071068  7.280110
 1.000000  7.071068  7.280110
 1.000000  7.615773  7.810250
 1.000000  7.615773  7.810250
 1.000000  7.615773  7.810250
 1.000000  7.615773  7.810250
 1.000000  7.615773  7.810250
 1.000000  8.062258  8.246211
 1.000000  8.062258  8.246211
 1.000000 10.816654 11.000000
 1.000000  5.656854  5.830952
 1.000000  5.656854  5.830952
 1.000000  2.828427  3.000000
 1.000000  2.828427  3.000000
 1.000000  2.828427  3.000000
 1.000000  2.828427  3.000000
 1.000000  5.830952  6.000000
 1.000000  5.830952  6.000000
 1.000000  3.000000  3.162278
 1.000000  3.000000  3.162278
 1.000000  3.000000  3.162278
 1.000000  3.000000  3.162278
 1.000000  9.848858 10.000000
 1.000000 10.049876 10.198039
 1.000000  7.071068  7.211103
 1.000000  4.000000  4.123106
 1.000000  4.000000  4.123106
 1.000000  4.000000  4.123106
 1.000000  4.000000  4.123106
 1.000000  4.000000  4.123106
 1.000000  4.123106  4.242641
 1.000000  4.123106  4.242641
 1.000000  4.123106  4.242641
 1.000000  4.123106  4.242641
 1.000000  4.123106  4.242641
 1.000000  4.123106  4.242641
 1.000000  4.123106  4.242641
 1.000000  4.123106  4.242641
 1.000000  4.123106  4.242641
 1.000000  4.123106  4.242641
 1.000000  8.944272  9.055385
 1.000000  5.000000  5.099020
 1.000000  5.000000  5.099020
 1.000000  5.000000  5.099020
 1.000000  5.000000  5.099020
 1.000000  5.000000  5.099020
 1.000000 11.313708 11.401754
 1.000000 11.313708 11.401754
 1.000000  6.000000  6.082763
 1.000000  6.324555  6.403124
 1.000000  6.324555  6.403124
 1.000000 13.341664 13.416408
 1.000000  7.000000  7.071068
 1.000000  7.000000  7.071068
 1.000000  7.000000  7.071068
 1.000000  7.000000  7.071068
 1.000000  7.000000  7.071068
 1.000000  7.000000  7.071068
 1.000000  8.000000  8.062258
 1.000000  8.000000  8.062258
 1.000000  8.000000  8.062258
 1.000000  8.000000  8.062258
 1.000000  8.000000  8.062258
 1.000000  9.000000  9.055385
 1.000000 10.000000 10.049876
 1.000000 13.000000 13.038405
 0.000000 -19.313208       inf
 0.000000 -16.278821  2.236068
 0.000000 -14.866069  1.000000
 0.000000 -16.000000 -2.000000
 0.000000 -9.899495  3.162278
 0.000000 -10.630146  1.000000
 0.000000 -8.000000  3.605551
 0.000000 -6.324555  5.000000
 0.000000 -11.704700 -2.000000
 0.000000 -13.152946 -3.605551
 0.000000 -5.656854  3.162278
 0.000000 -5.000000  3.000000
 0.000000 -13.000000 -5.099020
 0.000000 -6.324555  1.000000
 0.000000 -11.313708 -4.242641
 0.000000 -8.000000 -1.000000
 0.000000 -5.000000  2.000000
 0.000000 -11.401754 -4.472136
 0.000000 -13.892444 -7.000000
 0.000000 -12.529964 -6.082763
 0.000000 -12.165525 -6.000000
 0.000000 -8.944272 -3.000000
 0.000000 -8.944272 -3.162278
 0.000000 -7.810250 -2.236068
 0.000000 -6.082763 -1.414214
 0.000000 -7.615773 -3.000000
 0.000000 -10.630146 -6.082763
 0.000000 -10.049876 -5.656854
 0.000000 -7.071068 -3.000000
 0.000000 -7.000000 -3.000000
 0.000000 -8.944272 -5.000000
 0.000000 -9.486833 -5.656854
 0.000000 -10.000000 -6.403124
 0.000000 -11.661904 -8.485281
 0.000000 -9.219544 -6.082763
 0.000000 -10.000000 -7.000000
 0.000000 -8.000000 -5.000000
 0.000000 -10.000000 -7.071068
 0.000000 -10.000000 -7.071068
 0.000000 -9.848858 -7.000000
 0.000000 -5.830952 -3.000000
 0.000000 -6.708204 -4.123106
 0.000000 -6.082763 -3.605551
 0.000000 -8.062258 -5.656854
 0.000000 -8.062258 -5.656854
 0.000000 -10.770330 -8.544004
 0.000000 -9.486833 -7.280110
 0.000000 -6.324555 -4.123106
 0.000000 -9.219544 -7.071068
 0.000000 -8.544004 -6.403124
 0.000000 -6.324555 -4.472136
 0.000000 -8.000000 -6.403124
 0.000000 -8.602325 -7.280110
 0.000000 -10.295630 -9.000000
 0.000000 -9.219544 -8.000000
 0.000000 -10.198039 -9.000000
 0.000000 -8.246211 -7.071068
 0.000000 -9.219544 -8.062258
 0.000000 -9.055385 -8.000000
 0.000000 -6.708204 -5.656854
 0.000000 -9.000000 -8.000000
 0.000000 -7.000000 -6.000000
 0.000000 -10.000000 -9.055385
 0.000000 -8.062258 -7.211103
 0.000000 -7.071068 -6.324555
 0.000000 -8.000000 -7.280110
 0.000000 -8.944272 -8.246211
 0.000000 -8.485281 -7.810250
 0.000000 -9.848858 -9.219544
 0.000000 -9.848858 -9.219544
 0.000000 -9.219544 -8.602325
 0.000000 -6.403124 -5.830952
 0.000000 -6.403124 -5.830952
 0.000000 -7.810250 -7.280110
 0.000000 -9.433981 -8.944272
 0.000000 -9.433981 -8.944272
 0.000000 -8.544004 -8.062258
 0.000000 -8.544004 -8.062258
 0.000000 -10.198039 -9.848858
 0.000000 -11.661904 -11.313708
 0.000000 -7.615773 -7.280110
 0.000000 -7.615773 -7.280110
 0.000000 -7.615773 -7.280110
 0.000000 -6.324555 -6.000000
 0.000000 -6.324555 -6.000000
 0.000000 -11.704700 -11.401754
 0.000000 -8.544004 -8.246211
 0.000000 -8.544004 -8.246211
 0.000000 -7.000000 -6.708204
 0.000000 -7.000000 -6.708204
 0.000000 -5.385165 -5.099020
 0.000000 -7.280110 -7.000000
 0.000000 -11.661904 -11.401754
 0.000000 -8.062258 -7.810250
 0.000000 -6.082763 -5.830952
 0.000000 -6.324555 -6.082763
 0.000000 -6.324555 -6.082763
 0.000000 -9.433981 -9.219544
 0.000000 -10.198039 -10.000000
 0.000000 -8.246211 -8.062258
 0.000000 -8.246211 -8.062258
 0.000000 -8.246211 -8.062258
 0.000000 -8.246211 -8.062258
 0.000000 -5.830952 -5.656854
 0.000000 -10.198039 -10.049876
 0.000000 -7.211103 -7.071068
 0.000000 -7.211103 -7.071068
 0.000000 -7.211103 -7.071068
 0.000000 -15.132746 -15.000000
 0.000000 -8.602325 -8.485281
 0.000000 -5.099020 -5.000000
 0.000000 -5.099020 -5.000000
 0.000000 -10.295630 -10.198039
 0.000000 -6.082763 -6.000000
 0.000000 -6.082763 -6.000000
 0.000000 -6.082763 -6.000000
 0.000000 -6.403124 -6.324555
 0.000000 -12.806248 -12.727922
 0.000000 -7.280110 -7.211103
 0.000000 -8.062258 -8.000000
 0.000000 -8.062258 -8.000000
 0.000000 -8.062258 -8.000000
 0.000000 -8.544004 -8.485281
 0.000000 -8.544004 -8.485281
 0.000000 -9.055385 -9.000000
 0.000000 -9.055385 -9.000000
 0.000000 -9.055385 -9.000000
 0.000000 -10.049876 -10.000000
 0.000000 -11.045361 -11.000000
 0.000000 -11.045361 -11.000000
