 1.000000  2.236068 13.152946
 1.000000 -6.708204  2.236068
 1.000000  5.000000 13.000000
 1.000000 -6.000000  1.414214
 1.000000 -3.000000  2.000000
 1.000000  5.000000 10.000000
 1.000000 -2.828427  2.000000
 1.000000  1.414214  6.000000
 1.000000  5.000000  9.219544
 1.000000  3.000000  7.071068
 1.000000 -2.236068  1.000000
 1.000000  3.162278  6.324555
 1.000000  3.162278  6.324555
 1.000000  2.828427  5.830952
 1.000000  4.000000  7.000000
 1.000000  3.000000  5.830952
 1.000000  5.000000  7.810250
 1.000000  4.242641  7.000000
 1.000000  4.000000  6.708204
 1.000000  5.099020  7.615773
 1.000000 10.630146 13.038405
 1.000000 10.630146 13.038405
 1.000000  3.605551  5.830952
 1.000000  3.162278  5.385165
 1.000000  6.000000  8.062258
 1.000000 -1.000000  1.000000
 1.000000  5.830952  7.810250
 1.000000  4.000000  5.830952
 1.000000  1.000000  2.828427
 1.000000  6.324555  8.062258
 1.000000  2.828427  4.472136
 1.000000  2.000000  3.605551
 1.000000  7.071068  8.602325
 1.000000  4.000000  5.385165
 1.000000  2.236068  3.605551
 1.000000  3.162278  4.472136
 1.000000  9.000000 10.295630
 1.000000  6.708204  8.000000
 1.000000  9.000000 10.000000
 1.000000  2.000000  3.000000
 1.000000  1.000000  2.000000
 1.000000  7.615773  8.602325
 1.000000  9.219544 10.198039
 1.000000  4.123106  5.099020
 1.000000  3.605551  4.472136
 1.000000  2.000000  2.828427
 1.000000  1.414214  2.236068
 1.000000  2.828427  3.605551
 1.000000  4.242641  5.000000
 1.000000  4.242641  5.000000
 1.000000  4.242641  5.000000
 1.000000  4.242641  5.000000
 1.000000  6.324555  7.000000
 1.000000  5.000000  5.656854
 1.000000  5.000000  5.656854
 1.000000  5.000000  5.656854
 1.000000  5.000000  5.656854
 1.000000  5.000000  5.656854
 1.000000  3.605551  4.242641
 1.000000  3.605551  4.242641
 1.000000  3.605551  4.242641
 1.000000  3.605551  4.242641
 1.000000  7.000000  7.615773
 1.000000  7.211103  7.810250
 1.000000  7.211103  7.810250
 1.000000  2.236068  2.828427
 1.000000  2.236068  2.828427
 1.000000  2.236068  2.828427
 1.000000  2.236068  2.828427
 1.000000  2.236068  2.828427
 1.000000  1.414214  2.000000
 1.000000  1.414214  2.000000
 1.000000  1.414214  2.000000
 1.000000  5.830952  6.403124
 1.000000 10.630146 11.180340
 1.000000 10.630146 11.180340
 1.000000  4.472136  5.000000
 1.000000  4.472136  5.000000
 1.000000  4.472136  5.000000
 1.000000  4.472136  5.000000
 1.000000  4.472136  5.000000
 1.000000  4.472136  5.000000
 1.000000  4.472136  5.000000
 1.000000  4.472136  5.000000
 1.000000  4.472136  5.000000
 1.000000  4.472136  5.000000
 1.000000  3.605551  4.123106
 1.000000  3.605551  4.123106
 1.000000  3.605551  4.123106
 1.000000  3.605551  4.123106
 1.000000  6.708204  7.211103
 1.000000 10.816654 11.313708
 1.000000 10.816654 11.313708
 1.000000 10.816654 11.313708
 1.000000 10.816654 11.313708
 1.000000  5.830952  6.324555
 1.000000  5.830952  6.324555
 1.000000  8.062258  8.544004
 1.000000  4.000000  4.472136
 1.000000  4.000000  4.472136
 1.000000  8.544004  9.000000
 1.000000  5.385165  5.830952
 1.000000  5.385165  5.830952
 1.000000  5.385165  5.830952
 1.000000  3.162278  3.605551
 1.000000  3.162278  3.605551
 1.000000  3.162278  3.605551
 1.000000  3.162278  3.605551
 1.000000  3.162278  3.605551
 1.000000  3.162278  3.605551
 1.000000  3.162278  3.605551
 1.000000  3.162278  3.605551
 1.000000  3.162278  3.605551
 1.000000  3.162278  3.605551
 1.000000  8.062258  8.485281
 1.000000  9.433981  9.848858
 1.000000  1.000000  1.414214
 1.000000  1.000000  1.414214
 1.000000  1.000000  1.414214
 1.000000  1.000000  1.414214
 1.000000  1.000000  1.414214
 1.000000  7.211103  7.615773
 1.000000  8.544004  8.944272
 1.000000  3.605551  4.000000
 1.000000  3.605551  4.000000
 1.000000  3.605551  4.000000
 1.000000  5.000000  5.385165
 1.000000  5.000000  5.385165
 1.000000  5.000000  5.385165
 1.000000  5.000000  5.385165
 1.000000  5.000000  5.385165
 1.000000  5.000000  5.385165
 1.000000  5.000000  5.385165
 1.000000  6.324555  6.708204
 1.000000  6.324555  6.708204
 1.000000  9.486833  9.848858
 1.000000  4.123106  4.472136
 1.000000  4.123106  4.472136
 1.000000 11.313708 11.661904
 1.000000  8.602325  8.944272
 1.000000  8.602325  8.944272
 1.000000  8.602325  8.944272
 1.000000 11.704700 12.041595
 1.000000  7.280110  7.615773
 1.000000  7.280110  7.615773
 1.000000  2.828427  3.162278
 1.000000  2.828427  3.162278
 1.000000  2.828427  3.162278
 1.000000  2.828427  3.162278
 1.000000 10.440307 10.770330
 1.000000  6.000000  6.324555
 1.000000 12.206556 12.529964
 1.000000  6.403124  6.708204
 1.000000  6.403124  6.708204
 1.000000  6.403124  6.708204
 1.000000  6.403124  6.708204
 1.000000  6.403124  6.708204
 1.000000  6.403124  6.708204
 1.000000 11.401754 11.704700
 1.000000 11.401754 11.704700
 1.000000  8.246211  8.544004
 1.000000 10.000000 10.295630
 1.000000  6.708204  7.000000
 1.000000  5.099020  5.385165
 1.000000  5.099020  5.385165
 1.000000  5.099020  5.385165
 1.000000  5.099020  5.385165
 1.000000  5.099020  5.385165
 1.000000  5.099020  5.385165
 1.000000  5.099020  5.385165
 1.000000  7.000000  7.280110
 1.000000  5.385165  5.656854
 1.000000  5.385165  5.656854
 1.000000  5.385165  5.656854
 1.000000  5.385165  5.656854
 1.000000  5.385165  5.656854
 1.000000  5.385165  5.656854
 1.000000 13.341664 13.601471
 1.000000  7.810250  8.062258
 1.000000  7.810250  8.062258
 1.000000  7.810250  8.062258
 1.000000  6.082763  6.324555
 1.000000  6.082763  6.324555
 1.000000  6.082763  6.324555
 1.000000  6.082763  6.324555
 1.000000  6.082763  6.324555
 1.000000  6.082763  6.324555
 1.000000  2.000000  2.236068
 1.000000  2.000000  2.236068
 1.000000  2.000000  2.236068
 1.000000  2.000000  2.236068
 1.000000  2.000000  2.236068
 1.000000  2.000000  2.236068
 1.000000  2.000000  2.236068
 1.000000  2.000000  2.236068
 1.000000  2.000000  2.236068
 1.000000  2.000000  2.236068
 1.000000  4.242641  4.472136
 1.000000  4.242641  4.472136
 1.000000  4.242641  4.472136
 1.000000  4.242641  4.472136
 1.000000  4.242641  4.472136
 1.000000  4.242641  4.472136
 1.000000  4.242641  4.472136
 1.000000  4.242641  4.472136
 1.000000  4.242641  4.472136
 1.000000  4.242641  4.472136
 1.000000  4.242641  4.472136
 1.000000  4.242641  4.472136
 1.000000  4.242641  4.472136
 1.000000 11.180340 11.401754
 1.000000  9.000000  9.219544
 1.000000  9.000000  9.219544
 1.000000  9.219544  9.433981
 1.000000  9.219544  9.433981
 1.000000  7.071068  7.280110
 1.000000  7.071068  7.280110
 1.000000  7.071068  7.280110
 1.000000 10.000000 10.198039
 1.000000  7.615773  7.810250
 1.000000  7.615773  7.810250
 1.000000 10.630146 10.816654
 1.000000 10.630146 10.816654
 1.000000  8.062258  8.246211
 1.000000  8.062258  8.246211
 1.000000  8.062258  8.246211
 1.000000  5.656854  5.830952
 1.000000  5.656854  5.830952
 1.000000  2.828427  3.000000
 1.000000 12.041595 12.206556
 1.000000  3.000000  3.162278
 1.000000  3.000000  3.162278
 1.000000  3.000000  3.162278
 1.000000  9.848858 10.000000
 1.000000  7.071068  7.211103
 1.000000  7.071068  7.211103
 1.000000 11.180340 11.313708
 1.000000 11.180340 11.313708
 1.000000 11.180340 11.313708
 1.000000  4.000000  4.123106
 1.000000  4.000000  4.123106
 1.000000  4.000000  4.123106
 1.000000  4.000000  4.123106
 1.000000  4.000000  4.123106
 1.000000  4.000000  4.123106
 1.000000  4.000000  4.123106
 1.000000  4.000000  4.123106
 1.000000  4.123106  4.242641
 1.000000  4.123106  4.242641
 1.000000  4.123106  4.242641
 1.000000  4.123106  4.242641
 1.000000  4.123106  4.242641
 1.000000  4.123106  4.242641
 1.000000  4.123106  4.242641
 1.000000  4.123106  4.242641
 1.000000  4.123106  4.242641
 1.000000 12.529964 12.649111
 1.000000  8.485281  8.602325
 1.000000 13.038405 13.152946
 1.000000  5.000000  5.099020
 1.000000  5.000000  5.099020
 1.000000  5.000000  5.099020
 1.000000  5.000000  5.099020
 1.000000  5.000000  5.099020
 1.000000  5.000000  5.099020
 1.000000  5.000000  5.099020
 1.000000  5.000000  5.099020
 1.000000  6.000000  6.082763
 1.000000  6.000000  6.082763
 1.000000  6.000000  6.082763
 1.000000  6.324555  6.403124
 1.000000  6.324555  6.403124
 1.000000  7.000000  7.071068
 1.000000  7.000000  7.071068
 1.000000  8.000000  8.062258
 1.000000  8.000000  8.062258
 1.000000  8.000000  8.062258
 1.000000  9.000000  9.055385
 0.000000 -24.000000       inf
 0.000000 -17.000000  2.236068
 0.000000 -15.297059  2.236068
 0.000000 -11.661904  5.000000
 0.000000 -12.165525  4.000000
 0.000000 -13.000000  1.000000
 0.000000 -10.630146  3.000000
 0.000000 -9.433981  3.605551
 0.000000 -16.124515 -3.605551
 0.000000 -10.049876  1.414214
 0.000000 -9.848858  1.000000
 0.000000 -5.830952  5.000000
 0.000000 -5.830952  3.000000
 0.000000 -7.280110  1.000000
 0.000000 -10.295630 -2.236068
 0.000000 -11.000000 -3.162278
 0.000000 -6.324555  1.414214
 0.000000 -3.000000  4.123106
 0.000000 -10.630146 -4.000000
 0.000000 -6.324555 -1.000000
 0.000000 -6.082763 -1.000000
 0.000000 -9.433981 -5.000000
 0.000000 -10.770330 -6.403124
 0.000000 -9.433981 -5.099020
 0.000000 -8.062258 -4.000000
 0.000000 -15.231546 -11.313708
 0.000000 -6.000000 -2.236068
 0.000000 -11.661904 -8.000000
 0.000000 -7.615773 -4.000000
 0.000000 -6.324555 -3.000000
 0.000000 -9.899495 -6.708204
 0.000000 -7.615773 -4.472136
 0.000000 -9.899495 -7.000000
 0.000000 -8.544004 -5.830952
 0.000000 -8.944272 -6.324555
 0.000000 -6.708204 -4.123106
 0.000000 -8.944272 -6.403124
 0.000000 -6.324555 -4.000000
 0.000000 -10.049876 -7.810250
 0.000000 -6.708204 -4.472136
 0.000000 -7.000000 -5.000000
 0.000000 -6.403124 -4.472136
 0.000000 -8.246211 -6.403124
 0.000000 -6.708204 -5.099020
 0.000000 -6.000000 -4.472136
 0.000000 -14.142136 -12.649111
 0.000000 -8.062258 -6.708204
 0.000000 -9.848858 -8.544004
 0.000000 -12.000000 -10.770330
 0.000000 -7.211103 -6.000000
 0.000000 -12.529964 -11.401754
 0.000000 -8.062258 -7.211103
 0.000000 -9.848858 -9.000000
 0.000000 -15.231546 -14.422205
 0.000000 -6.403124 -5.656854
 0.000000 -5.830952 -5.099020
 0.000000 -9.899495 -9.219544
 0.000000 -7.000000 -6.324555
 0.000000 -7.071068 -6.403124
 0.000000 -5.656854 -5.000000
 0.000000 -6.708204 -6.082763
 0.000000 -6.000000 -5.385165
 0.000000 -8.544004 -8.000000
 0.000000 -9.055385 -8.544004
 0.000000 -9.899495 -9.433981
 0.000000 -13.453624 -13.000000
 0.000000 -5.830952 -5.385165
 0.000000 -7.615773 -7.211103
 0.000000 -9.000000 -8.602325
 0.000000 -7.071068 -6.708204
 0.000000 -7.071068 -6.708204
 0.000000 -9.848858 -9.486833
 0.000000 -13.000000 -12.649111
 0.000000 -8.944272 -8.602325
 0.000000 -10.770330 -10.440307
 0.000000 -6.324555 -6.000000
 0.000000 -6.708204 -6.403124
 0.000000 -6.708204 -6.403124
 0.000000 -6.708204 -6.403124
 0.000000 -6.708204 -6.403124
 0.000000 -11.704700 -11.401754
 0.000000 -5.385165 -5.099020
 0.000000 -8.246211 -8.000000
 0.000000 -6.324555 -6.082763
 0.000000 -6.324555 -6.082763
 0.000000 -9.433981 -9.219544
 0.000000 -9.433981 -9.219544
 0.000000 -7.211103 -7.000000
 0.000000 -7.280110 -7.071068
 0.000000 -8.246211 -8.062258
 0.000000 -5.830952 -5.656854
 0.000000 -7.211103 -7.071068
 0.000000 -7.211103 -7.071068
 0.000000 -7.211103 -7.071068
 0.000000 -7.211103 -7.071068
 0.000000 -11.180340 -11.045361
 0.000000 -11.180340 -11.045361
 0.000000 -15.000000 -14.866069
 0.000000 -8.602325 -8.485281
 0.000000 -5.099020 -5.000000
 0.000000 -11.401754 -11.313708
 0.000000 -6.082763 -6.000000
 0.000000 -6.403124 -6.324555
 0.000000 -13.416408 -13.341664
 0.000000 -7.071068 -7.000000
 0.000000 -7.071068 -7.000000
 0.000000 -7.280110 -7.211103
 0.000000 -7.280110 -7.211103
 0.000000 -8.062258 -8.000000
 0.000000 -9.486833 -9.433981
 0.000000 -9.486833 -9.433981
 0.000000 -11.704700 -11.661904
 0.000000 -11.704700 -11.661904
 0.000000 -12.041595 -12.000000
 0.000000 -13.038405 -13.000000
