 1.000000  2.236068 17.262677
 1.000000 -6.000000  5.000000
 1.000000  2.236068 13.000000
 1.000000 -5.000000  4.472136
 1.000000  3.000000 12.041595
 1.000000  4.000000 11.000000
 1.000000 -1.414214  5.385165
 1.000000  6.708204 12.529964
 1.000000  3.162278  8.944272
 1.000000 -3.605551  1.414214
 1.000000 -2.828427  2.000000
 1.000000  9.219544 13.928388
 1.000000 -3.162278  1.414214
 1.000000  7.000000 11.401754
 1.000000  6.000000 10.000000
 1.000000  2.236068  6.082763
 1.000000  7.615773 10.630146
 1.000000 -1.000000  2.000000
 1.000000 -2.000000  1.000000
 1.000000  7.071068 10.000000
 1.000000 -1.414214  1.414214
 1.000000  2.236068  5.000000
 1.000000 -1.414214  1.000000
 1.000000  4.123106  6.324555
 1.000000  3.000000  5.099020
 1.000000 -1.000000  1.000000
 1.000000 -1.000000  1.000000
 1.000000  1.000000  2.828427
 1.000000  7.615773  9.433981
 1.000000  3.605551  5.385165
 1.000000  6.000000  7.615773
 1.000000  5.000000  6.082763
 1.000000  5.385165  6.403124
 1.000000  5.000000  6.000000
 1.000000  3.000000  4.000000
 1.000000  7.280110  8.246211
 1.000000  5.385165  6.324555
 1.000000  1.414214  2.236068
 1.000000  1.414214  2.236068
 1.000000 14.317821 15.132746
 1.000000  6.403124  7.211103
 1.000000  6.000000  6.708204
 1.000000  6.000000  6.708204
 1.000000  9.219544  9.899495
 1.000000  5.000000  5.656854
 1.000000 10.198039 10.816654
 1.000000  9.433981 10.049876
 1.000000  7.211103  7.810250
 1.000000  7.211103  7.810250
 1.000000  7.211103  7.810250
 1.000000  2.236068  2.828427
 1.000000  2.236068  2.828427
 1.000000  2.236068  2.828427
 1.000000  2.236068  2.828427
 1.000000  2.236068  2.828427
 1.000000  2.236068  2.828427
 1.000000  1.414214  2.000000
 1.000000  1.414214  2.000000
 1.000000 10.198039 10.770330
 1.000000  5.830952  6.403124
 1.000000 10.630146 11.180340
 1.000000 14.317821 14.866069
 1.000000  4.472136  5.000000
 1.000000  4.472136  5.000000
 1.000000  4.472136  5.000000
 1.000000  4.472136  5.000000
 1.000000  4.472136  5.000000
 1.000000  4.472136  5.000000
 1.000000  3.605551  4.123106
 1.000000 11.180340 11.661904
 1.000000 10.295630 10.770330
 1.000000  9.433981  9.899495
 1.000000  9.433981  9.899495
 1.000000  5.385165  5.830952
 1.000000  3.162278  3.605551
 1.000000  3.162278  3.605551
 1.000000  3.162278  3.605551
 1.000000  3.162278  3.605551
 1.000000  3.162278  3.605551
 1.000000  9.433981  9.848858
 1.000000  1.000000  1.414214
 1.000000 10.770330 11.180340
 1.000000  7.211103  7.615773
 1.000000  8.544004  8.944272
 1.000000  8.544004  8.944272
 1.000000  8.544004  8.944272
 1.000000  3.605551  4.000000
 1.000000  3.605551  4.000000
 1.000000 15.231546 15.620499
 1.000000  5.000000  5.385165
 1.000000  5.000000  5.385165
 1.000000 11.704700 12.083046
 1.000000 10.816654 11.180340
 1.000000  6.708204  7.071068
 1.000000  6.708204  7.071068
 1.000000  9.486833  9.848858
 1.000000  8.246211  8.602325
 1.000000  4.123106  4.472136
 1.000000  4.123106  4.472136
 1.000000  4.123106  4.472136
 1.000000  4.123106  4.472136
 1.000000  4.123106  4.472136
 1.000000  4.123106  4.472136
 1.000000  4.123106  4.472136
 1.000000  4.123106  4.472136
 1.000000  4.123106  4.472136
 1.000000  4.123106  4.472136
 1.000000  4.123106  4.472136
 1.000000  4.123106  4.472136
 1.000000  4.123106  4.472136
 1.000000 15.811388 16.155494
 1.000000 11.704700 12.041595
 1.000000  7.280110  7.615773
 1.000000  7.280110  7.615773
 1.000000  2.828427  3.162278
 1.000000  6.000000  6.324555
 1.000000  6.000000  6.324555
 1.000000  6.000000  6.324555
 1.000000  6.403124  6.708204
 1.000000  8.246211  8.544004
 1.000000  8.246211  8.544004
 1.000000 11.704700 12.000000
 1.000000  6.708204  7.000000
 1.000000  5.099020  5.385165
 1.000000  5.099020  5.385165
 1.000000  5.099020  5.385165
 1.000000  5.099020  5.385165
 1.000000  5.099020  5.385165
 1.000000  5.099020  5.385165
 1.000000 12.369317 12.649111
 1.000000  5.385165  5.656854
 1.000000  5.385165  5.656854
 1.000000  9.219544  9.486833
 1.000000  9.219544  9.486833
 1.000000 15.000000 15.264338
 1.000000  7.810250  8.062258
 1.000000  7.810250  8.062258
 1.000000 10.198039 10.440307
 1.000000 10.198039 10.440307
 1.000000 10.198039 10.440307
 1.000000  8.246211  8.485281
 1.000000  2.000000  2.236068
 1.000000  2.000000  2.236068
 1.000000  2.000000  2.236068
 1.000000  4.242641  4.472136
 1.000000  4.242641  4.472136
 1.000000  4.242641  4.472136
 1.000000 11.180340 11.401754
 1.000000  9.219544  9.433981
 1.000000  7.071068  7.280110
 1.000000  7.071068  7.280110
 1.000000  7.615773  7.810250
 1.000000  7.615773  7.810250
 1.000000 10.630146 10.816654
 1.000000 10.630146 10.816654
 1.000000 10.630146 10.816654
 1.000000  8.062258  8.246211
 1.000000  8.062258  8.246211
 1.000000  8.062258  8.246211
 1.000000  5.656854  5.830952
 1.000000  5.656854  5.830952
 1.000000  2.828427  3.000000
 1.000000  5.830952  6.000000
 1.000000  9.055385  9.219544
 1.000000  3.000000  3.162278
 1.000000  3.000000  3.162278
 1.000000  3.000000  3.162278
 1.000000  3.000000  3.162278
 1.000000  3.000000  3.162278
 1.000000  3.000000  3.162278
 1.000000  3.000000  3.162278
 1.000000  3.000000  3.162278
 1.000000  9.848858 10.000000
 1.000000 16.492423 16.643317
 1.000000 10.630146 10.770330
 1.000000 10.630146 10.770330
 1.000000  7.071068  7.211103
 1.000000 15.000000 15.132746
 1.000000  4.000000  4.123106
 1.000000  4.000000  4.123106
 1.000000  4.000000  4.123106
 1.000000  4.000000  4.123106
 1.000000  4.000000  4.123106
 1.000000  4.000000  4.123106
 1.000000  4.000000  4.123106
 1.000000  4.123106  4.242641
 1.000000  4.123106  4.242641
 1.000000  8.944272  9.055385
 1.000000  5.000000  5.099020
 1.000000  5.000000  5.099020
 1.000000  5.000000  5.099020
 1.000000 10.198039 10.295630
 1.000000  6.000000  6.082763
 1.000000  6.000000  6.082763
 1.000000  6.000000  6.082763
 1.000000  6.000000  6.082763
 1.000000  6.000000  6.082763
 1.000000  6.324555  6.403124
 1.000000  6.324555  6.403124
 1.000000  7.000000  7.071068
 1.000000  8.000000  8.062258
 1.000000  8.000000  8.062258
 1.000000  8.000000  8.062258
 1.000000  8.000000  8.062258
 1.000000  9.000000  9.055385
 1.000000  9.848858  9.899495
 1.000000 10.000000 10.049876
 1.000000 12.000000 12.041595
 1.000000 15.620499 15.652476
 0.000000 -23.409400       inf
 0.000000 -17.000000  1.414214
 0.000000 -14.764823  2.236068
 0.000000 -12.000000  4.472136
 0.000000 -13.000000  2.236068
 0.000000 -15.811388 -3.000000
 0.000000 -14.422205 -5.000000
 0.000000 -5.000000  4.000000
 0.000000 -6.403124  2.000000
 0.000000 -5.830952  2.000000
 0.000000 -15.297059 -7.615773
 0.000000 -9.848858 -2.236068
 0.000000 -6.403124  1.000000
 0.000000 -10.000000 -3.162278
 0.000000 -9.000000 -2.828427
 0.000000 -11.045361 -5.000000
 0.000000 -10.000000 -4.242641
 0.000000 -11.704700 -6.000000
 0.000000 -7.071068 -1.414214
 0.000000 -12.000000 -6.403124
 0.000000 -8.544004 -3.000000
 0.000000 -7.000000 -2.000000
 0.000000 -10.440307 -7.000000
 0.000000 -6.403124 -3.000000
 0.000000 -11.180340 -7.810250
 0.000000 -11.045361 -7.810250
 0.000000 -9.219544 -6.000000
 0.000000 -10.770330 -7.615773
 0.000000 -11.180340 -8.062258
 0.000000 -9.433981 -6.403124
 0.000000 -8.000000 -5.000000
 0.000000 -8.000000 -5.000000
 0.000000 -9.848858 -7.000000
 0.000000 -6.403124 -3.605551
 0.000000 -6.708204 -4.242641
 0.000000 -9.219544 -7.000000
 0.000000 -5.385165 -3.605551
 0.000000 -12.000000 -10.295630
 0.000000 -8.000000 -6.324555
 0.000000 -12.369317 -10.770330
 0.000000 -9.219544 -7.810250
 0.000000 -6.403124 -5.000000
 0.000000 -13.416408 -12.041595
 0.000000 -7.615773 -6.324555
 0.000000 -8.246211 -7.071068
 0.000000 -12.806248 -11.704700
 0.000000 -8.062258 -7.000000
 0.000000 -8.062258 -7.000000
 0.000000 -3.000000 -2.000000
 0.000000 -8.000000 -7.000000
 0.000000 -8.544004 -7.615773
 0.000000 -9.433981 -8.544004
 0.000000 -5.830952 -5.000000
 0.000000 -7.211103 -6.403124
 0.000000 -15.620499 -14.866069
 0.000000 -9.000000 -8.246211
 0.000000 -9.219544 -8.485281
 0.000000 -10.630146 -9.899495
 0.000000 -6.708204 -6.082763
 0.000000 -6.708204 -6.082763
 0.000000 -3.605551 -3.000000
 0.000000 -14.866069 -14.317821
 0.000000 -7.615773 -7.071068
 0.000000 -7.615773 -7.071068
 0.000000 -6.324555 -5.830952
 0.000000 -8.062258 -7.615773
 0.000000 -8.062258 -7.615773
 0.000000 -7.615773 -7.211103
 0.000000 -7.615773 -7.211103
 0.000000 -7.615773 -7.211103
 0.000000 -5.385165 -5.000000
 0.000000 -15.231546 -14.866069
 0.000000 -6.708204 -6.403124
 0.000000 -8.544004 -8.246211
 0.000000 -7.280110 -7.000000
 0.000000 -9.219544 -8.944272
 0.000000 -9.486833 -9.219544
 0.000000 -8.062258 -7.810250
 0.000000 -10.440307 -10.198039
 0.000000 -9.219544 -9.000000
 0.000000 -7.280110 -7.071068
 0.000000 -7.280110 -7.071068
 0.000000 -8.246211 -8.062258
 0.000000 -8.246211 -8.062258
 0.000000 -14.317821 -14.142136
 0.000000 -3.162278 -3.000000
 0.000000 -10.770330 -10.630146
 0.000000 -10.770330 -10.630146
 0.000000 -7.211103 -7.071068
 0.000000 -11.180340 -11.045361
 0.000000 -11.180340 -11.045361
 0.000000 -12.206556 -12.083046
 0.000000 -12.649111 -12.529964
 0.000000 -9.055385 -8.944272
 0.000000 -14.422205 -14.317821
 0.000000 -10.295630 -10.198039
 0.000000 -16.124515 -16.031220
 0.000000 -7.071068 -7.000000
 0.000000 -7.071068 -7.000000
 0.000000 -7.071068 -7.000000
 0.000000 -7.071068 -7.000000
 0.000000 -8.062258 -8.000000
 0.000000 -8.062258 -8.000000
 0.000000 -8.062258 -8.000000
 0.000000 -8.062258 -8.000000
 0.000000 -8.062258 -8.000000
 0.000000 -8.544004 -8.485281
 0.000000 -8.602325 -8.544004
 0.000000 -10.049876 -10.000000
 0.000000 -10.049876 -10.000000
 0.000000 -15.297059 -15.264338
