 1.000000 -2.000000 13.892444
 1.000000 -5.830952  6.000000
 1.000000  2.000000 13.601471
 1.000000 -5.000000  5.000000
 1.000000 -6.000000  3.605551
 1.000000 -6.403124  3.162278
 1.000000 -6.324555  2.828427
 1.000000  3.000000 10.000000
 1.000000  4.123106 11.000000
 1.000000 -2.236068  4.123106
 1.000000 -4.242641  2.000000
 1.000000  1.000000  7.211103
 1.000000  3.162278  9.000000
 1.000000  3.000000  7.810250
 1.000000 -3.605551  1.000000
 1.000000  4.000000  8.485281
 1.000000 -2.828427  1.414214
 1.000000 -2.000000  2.236068
 1.000000  6.324555 10.295630
 1.000000 -1.414214  2.000000
 1.000000  2.000000  5.385165
 1.000000  8.000000 11.180340
 1.000000  5.830952  9.000000
 1.000000 -1.000000  2.000000
 1.000000 -1.000000  2.000000
 1.000000  2.000000  4.472136
 1.000000  3.605551  6.000000
 1.000000  8.000000 10.198039
 1.000000  1.414214  3.605551
 1.000000 -1.000000  1.000000
 1.000000  2.000000  4.000000
 1.000000  2.236068  4.123106
 1.000000  4.242641  6.082763
 1.000000  8.485281 10.295630
 1.000000  4.472136  6.082763
 1.000000  1.414214  3.000000
 1.000000  4.123106  5.656854
 1.000000  3.000000  4.472136
 1.000000  6.403124  7.810250
 1.000000  5.000000  6.324555
 1.000000  5.099020  6.403124
 1.000000  1.000000  2.236068
 1.000000  3.000000  4.000000
 1.000000  1.000000  2.000000
 1.000000  4.000000  5.000000
 1.000000  1.000000  2.000000
 1.000000  1.000000  2.000000
 1.000000  1.000000  2.000000
 1.000000  2.000000  3.000000
 1.000000  2.236068  3.162278
 1.000000  9.000000  9.848858
 1.000000  3.162278  4.000000
 1.000000  2.000000  2.828427
 1.000000  1.414214  2.236068
 1.000000 11.180340 12.000000
 1.000000  2.828427  3.605551
 1.000000  2.828427  3.605551
 1.000000  2.828427  3.605551
 1.000000  2.828427  3.605551
 1.000000  2.828427  3.605551
 1.000000  2.236068  3.000000
 1.000000  4.242641  5.000000
 1.000000  5.099020  5.830952
 1.000000  5.385165  6.082763
 1.000000  5.000000  5.656854
 1.000000  5.000000  5.656854
 1.000000  3.605551  4.242641
 1.000000  8.602325  9.219544
 1.000000  8.602325  9.219544
 1.000000  3.000000  3.605551
 1.000000  7.211103  7.810250
 1.000000  7.211103  7.810250
 1.000000  7.211103  7.810250
 1.000000  2.236068  2.828427
 1.000000  2.236068  2.828427
 1.000000  2.236068  2.828427
 1.000000  2.236068  2.828427
 1.000000  1.414214  2.000000
 1.000000  1.414214  2.000000
 1.000000  1.414214  2.000000
 1.000000  1.414214  2.000000
 1.000000  1.414214  2.000000
 1.000000  4.472136  5.000000
 1.000000  4.472136  5.000000
 1.000000  4.472136  5.000000
 1.000000  4.472136  5.000000
 1.000000  4.472136  5.000000
 1.000000  4.472136  5.000000
 1.000000  4.472136  5.000000
 1.000000  3.605551  4.123106
 1.000000  3.605551  4.123106
 1.000000  3.605551  4.123106
 1.000000  8.944272  9.433981
 1.000000  9.848858 10.295630
 1.000000  5.385165  5.830952
 1.000000  3.162278  3.605551
 1.000000  3.162278  3.605551
 1.000000  3.162278  3.605551
 1.000000  3.162278  3.605551
 1.000000  3.162278  3.605551
 1.000000  3.162278  3.605551
 1.000000  3.162278  3.605551
 1.000000  3.162278  3.605551
 1.000000  3.162278  3.605551
 1.000000  3.162278  3.605551
 1.000000  3.162278  3.605551
 1.000000  3.162278  3.605551
 1.000000  9.433981  9.848858
 1.000000  9.433981  9.848858
 1.000000  1.000000  1.414214
 1.000000  1.000000  1.414214
 1.000000  1.000000  1.414214
 1.000000  1.000000  1.414214
 1.000000  1.000000  1.414214
 1.000000  1.000000  1.414214
 1.000000  1.000000  1.414214
 1.000000  9.899495 10.295630
 1.000000  3.605551  4.000000
 1.000000  5.000000  5.385165
 1.000000  5.000000  5.385165
 1.000000  6.324555  6.708204
 1.000000  6.324555  6.708204
 1.000000  6.324555  6.708204
 1.000000  6.708204  7.071068
 1.000000  6.708204  7.071068
 1.000000  6.708204  7.071068
 1.000000  4.123106  4.472136
 1.000000  4.123106  4.472136
 1.000000  4.123106  4.472136
 1.000000  4.123106  4.472136
 1.000000  4.123106  4.472136
 1.000000 10.295630 10.630146
 1.000000  2.828427  3.162278
 1.000000  2.828427  3.162278
 1.000000  2.828427  3.162278
 1.000000  2.828427  3.162278
 1.000000  2.828427  3.162278
 1.000000  2.828427  3.162278
 1.000000 10.440307 10.770330
 1.000000  6.000000  6.324555
 1.000000  6.403124  6.708204
 1.000000  5.099020  5.385165
 1.000000  5.099020  5.385165
 1.000000  5.099020  5.385165
 1.000000  5.099020  5.385165
 1.000000  5.099020  5.385165
 1.000000 12.369317 12.649111
 1.000000  8.944272  9.219544
 1.000000  5.385165  5.656854
 1.000000  5.385165  5.656854
 1.000000  5.830952  6.082763
 1.000000  5.830952  6.082763
 1.000000 10.198039 10.440307
 1.000000  6.082763  6.324555
 1.000000  6.082763  6.324555
 1.000000  2.000000  2.236068
 1.000000  2.000000  2.236068
 1.000000  2.000000  2.236068
 1.000000  2.000000  2.236068
 1.000000  2.000000  2.236068
 1.000000  2.000000  2.236068
 1.000000  4.242641  4.472136
 1.000000  4.242641  4.472136
 1.000000  4.242641  4.472136
 1.000000  4.242641  4.472136
 1.000000 18.027756 18.248288
 1.000000  9.000000  9.219544
 1.000000  9.219544  9.433981
 1.000000  9.219544  9.433981
 1.000000  7.071068  7.280110
 1.000000  7.071068  7.280110
 1.000000  7.615773  7.810250
 1.000000  7.615773  7.810250
 1.000000  8.062258  8.246211
 1.000000 11.000000 11.180340
 1.000000  5.656854  5.830952
 1.000000  5.656854  5.830952
 1.000000  2.828427  3.000000
 1.000000  2.828427  3.000000
 1.000000  2.828427  3.000000
 1.000000  2.828427  3.000000
 1.000000  2.828427  3.000000
 1.000000  5.830952  6.000000
 1.000000  9.055385  9.219544
 1.000000  3.000000  3.162278
 1.000000  3.000000  3.162278
 1.000000  3.000000  3.162278
 1.000000  3.000000  3.162278
 1.000000  3.000000  3.162278
 1.000000  3.000000  3.162278
 1.000000  3.000000  3.162278
 1.000000  4.000000  4.123106
 1.000000  4.000000  4.123106
 1.000000  4.000000  4.123106
 1.000000  4.000000  4.123106
 1.000000  4.123106  4.242641
 1.000000  4.123106  4.242641
 1.000000 13.038405 13.152946
 1.000000  9.899495 10.000000
 1.000000  9.899495 10.000000
 1.000000  5.000000  5.099020
 1.000000  5.000000  5.099020
 1.000000  5.000000  5.099020
 1.000000  6.000000  6.082763
 1.000000  6.324555  6.403124
 1.000000  7.000000  7.071068
 1.000000  7.000000  7.071068
 1.000000  7.211103  7.280110
 1.000000  7.211103  7.280110
 1.000000  8.000000  8.062258
 1.000000  8.000000  8.062258
 1.000000  8.000000  8.062258
 1.000000  8.000000  8.062258
 1.000000  8.485281  8.544004
 1.000000  8.544004  8.602325
 1.000000 10.770330 10.816654
 0.000000 -18.973666       inf
 0.000000 -18.248288  2.828427
 0.000000 -12.206556  2.828427
 0.000000 -12.165525  2.828427
 0.000000 -10.816654  4.000000
 0.000000 -11.313708  2.000000
 0.000000 -12.165525  1.000000
 0.000000 -10.770330  2.000000
 0.000000 -10.000000  1.000000
 0.000000 -13.892444 -3.000000
 0.000000 -6.000000  4.000000
 0.000000 -6.324555  3.000000
 0.000000 -12.727922 -4.242641
 0.000000 -6.082763  2.236068
 0.000000 -12.529964 -5.000000
 0.000000 -5.385165  2.000000
 0.000000 -9.433981 -2.236068
 0.000000 -6.082763  1.000000
 0.000000 -10.000000 -3.000000
 0.000000 -13.601471 -7.071068
 0.000000 -9.848858 -3.605551
 0.000000 -10.770330 -5.000000
 0.000000 -8.000000 -2.236068
 0.000000 -13.038405 -8.544004
 0.000000 -12.165525 -7.810250
 0.000000 -9.219544 -5.000000
 0.000000 -9.219544 -5.099020
 0.000000 -7.280110 -3.162278
 0.000000 -10.000000 -6.403124
 0.000000 -10.049876 -7.071068
 0.000000 -10.000000 -7.071068
 0.000000 -9.848858 -7.000000
 0.000000 -10.295630 -7.810250
 0.000000 -9.433981 -7.000000
 0.000000 -9.219544 -7.000000
 0.000000 -6.324555 -4.123106
 0.000000 -6.324555 -4.123106
 0.000000 -9.433981 -7.280110
 0.000000 -12.041595 -9.899495
 0.000000 -10.000000 -8.062258
 0.000000 -8.000000 -6.082763
 0.000000 -10.816654 -9.000000
 0.000000 -9.000000 -7.211103
 0.000000 -6.000000 -4.242641
 0.000000 -5.830952 -4.123106
 0.000000 -6.708204 -5.099020
 0.000000 -9.848858 -8.246211
 0.000000 -5.830952 -4.242641
 0.000000 -10.000000 -8.485281
 0.000000 -6.324555 -5.099020
 0.000000 -7.211103 -6.000000
 0.000000 -7.810250 -6.708204
 0.000000 -8.062258 -7.000000
 0.000000 -8.062258 -7.000000
 0.000000 -8.000000 -7.000000
 0.000000 -7.000000 -6.000000
 0.000000 -8.944272 -8.062258
 0.000000 -8.485281 -7.615773
 0.000000 -8.485281 -7.615773
 0.000000 -7.000000 -6.324555
 0.000000 -11.704700 -11.045361
 0.000000 -7.810250 -7.280110
 0.000000 -6.324555 -5.830952
 0.000000 -9.433981 -8.944272
 0.000000 -8.944272 -8.544004
 0.000000 -5.385165 -5.000000
 0.000000 -12.041595 -11.661904
 0.000000 -9.433981 -9.055385
 0.000000 -11.180340 -10.816654
 0.000000 -8.944272 -8.602325
 0.000000 -7.615773 -7.280110
 0.000000 -6.324555 -6.000000
 0.000000 -12.529964 -12.206556
 0.000000 -8.544004 -8.246211
 0.000000 -10.295630 -10.000000
 0.000000 -12.369317 -12.083046
 0.000000 -5.385165 -5.099020
 0.000000 -5.385165 -5.099020
 0.000000 -9.219544 -8.944272
 0.000000 -8.062258 -7.810250
 0.000000 -8.246211 -8.000000
 0.000000 -6.324555 -6.082763
 0.000000 -4.472136 -4.242641
 0.000000 -11.401754 -11.180340
 0.000000 -9.219544 -9.000000
 0.000000 -9.219544 -9.000000
 0.000000 -9.433981 -9.219544
 0.000000 -9.433981 -9.219544
 0.000000 -7.280110 -7.071068
 0.000000 -8.246211 -8.062258
 0.000000 -8.246211 -8.062258
 0.000000 -9.219544 -9.055385
 0.000000 -12.165525 -12.041595
 0.000000 -12.206556 -12.083046
 0.000000 -11.401754 -11.313708
 0.000000 -12.083046 -12.000000
 0.000000 -6.082763 -6.000000
 0.000000 -6.082763 -6.000000
 0.000000 -6.403124 -6.324555
 0.000000 -12.806248 -12.727922
 0.000000 -7.071068 -7.000000
 0.000000 -7.280110 -7.211103
 0.000000 -7.280110 -7.211103
 0.000000 -8.062258 -8.000000
 0.000000 -8.062258 -8.000000
 0.000000 -8.062258 -8.000000
 0.000000 -8.062258 -8.000000
 0.000000 -8.062258 -8.000000
 0.000000 -9.055385 -9.000000
 0.000000 -9.055385 -9.000000
 0.000000 -11.045361 -11.000000
 0.000000 -11.045361 -11.000000
 0.000000 -11.045361 -11.000000
 0.000000 -11.704700 -11.661904
