 1.000000  3.000000 20.000000
 1.000000 -4.123106  8.000000
 1.000000 -4.000000  6.708204
 1.000000  3.000000 12.206556
 1.000000  3.605551 11.401754
 1.000000 -1.000000  5.656854
 1.000000  4.472136 11.000000
 1.000000 -2.236068  4.242641
 1.000000 -4.472136  2.000000
 1.000000 -3.605551  2.828427
 1.000000  2.236068  8.485281
 1.000000 -5.000000  1.000000
 1.000000 -5.000000  1.000000
 1.000000 -3.605551  2.000000
 1.000000 -4.123106  1.000000
 1.000000  7.000000 11.401754
 1.000000 -2.236068  2.000000
 1.000000  4.000000  7.615773
 1.000000  3.162278  6.708204
 1.000000 -2.000000  1.414214
 1.000000  2.236068  5.385165
 1.000000  4.123106  7.071068
 1.000000 11.180340 14.000000
 1.000000 -1.414214  1.000000
 1.000000 -1.414214  1.000000
 1.000000  5.000000  7.280110
 1.000000  1.000000  3.162278
 1.000000  2.000000  4.000000
 1.000000 -1.000000  1.000000
 1.000000  1.000000  2.828427
 1.000000  2.236068  4.000000
 1.000000  1.414214  3.000000
 1.000000  3.000000  4.472136
 1.000000  8.544004 10.000000
 1.000000  4.242641  5.656854
 1.000000  9.486833 10.816654
 1.000000  2.000000  3.162278
 1.000000  5.000000  6.082763
 1.000000  3.162278  4.242641
 1.000000  6.000000  7.071068
 1.000000  1.000000  2.000000
 1.000000 13.000000 13.928388
 1.000000  2.236068  3.162278
 1.000000  9.899495 10.816654
 1.000000  2.000000  2.828427
 1.000000 15.000000 15.811388
 1.000000  7.000000  7.810250
 1.000000  2.828427  3.605551
 1.000000  6.324555  7.071068
 1.000000 10.440307 11.180340
 1.000000 10.440307 11.180340
 1.000000  9.219544  9.899495
 1.000000  9.219544  9.899495
 1.000000  6.403124  7.071068
 1.000000  6.403124  7.071068
 1.000000  5.000000  5.656854
 1.000000  5.000000  5.656854
 1.000000  3.605551  4.242641
 1.000000  4.472136  5.099020
 1.000000  3.000000  3.605551
 1.000000  7.211103  7.810250
 1.000000  7.211103  7.810250
 1.000000  2.236068  2.828427
 1.000000  2.236068  2.828427
 1.000000  2.236068  2.828427
 1.000000  2.236068  2.828427
 1.000000  2.236068  2.828427
 1.000000  2.236068  2.828427
 1.000000  2.236068  2.828427
 1.000000  2.236068  2.828427
 1.000000  2.236068  2.828427
 1.000000  1.414214  2.000000
 1.000000  1.414214  2.000000
 1.000000  1.414214  2.000000
 1.000000  1.414214  2.000000
 1.000000  1.414214  2.000000
 1.000000  1.414214  2.000000
 1.000000  1.414214  2.000000
 1.000000 10.198039 10.770330
 1.000000 11.661904 12.206556
 1.000000  4.472136  5.000000
 1.000000  4.472136  5.000000
 1.000000  4.472136  5.000000
 1.000000  4.472136  5.000000
 1.000000  4.472136  5.000000
 1.000000  3.605551  4.123106
 1.000000  3.605551  4.123106
 1.000000  3.605551  4.123106
 1.000000  6.708204  7.211103
 1.000000  5.830952  6.324555
 1.000000  5.830952  6.324555
 1.000000 13.416408 13.892444
 1.000000 10.295630 10.770330
 1.000000  9.433981  9.899495
 1.000000  9.848858 10.295630
 1.000000  5.385165  5.830952
 1.000000  5.385165  5.830952
 1.000000  3.162278  3.605551
 1.000000  3.162278  3.605551
 1.000000  3.162278  3.605551
 1.000000  3.162278  3.605551
 1.000000  1.000000  1.414214
 1.000000 10.770330 11.180340
 1.000000  9.899495 10.295630
 1.000000  9.899495 10.295630
 1.000000  3.605551  4.000000
 1.000000  3.605551  4.000000
 1.000000  5.000000  5.385165
 1.000000  5.000000  5.385165
 1.000000  5.000000  5.385165
 1.000000  6.324555  6.708204
 1.000000  6.708204  7.071068
 1.000000  4.123106  4.472136
 1.000000  4.123106  4.472136
 1.000000  8.602325  8.944272
 1.000000  7.280110  7.615773
 1.000000 10.295630 10.630146
 1.000000  2.828427  3.162278
 1.000000  2.828427  3.162278
 1.000000  2.828427  3.162278
 1.000000  2.828427  3.162278
 1.000000  2.828427  3.162278
 1.000000  2.828427  3.162278
 1.000000  2.828427  3.162278
 1.000000  2.828427  3.162278
 1.000000 10.440307 10.770330
 1.000000  6.000000  6.324555
 1.000000  6.403124  6.708204
 1.000000  6.403124  6.708204
 1.000000 10.000000 10.295630
 1.000000  5.099020  5.385165
 1.000000  5.099020  5.385165
 1.000000  5.099020  5.385165
 1.000000  8.944272  9.219544
 1.000000  8.944272  9.219544
 1.000000  5.385165  5.656854
 1.000000 16.492423 16.763055
 1.000000  9.219544  9.486833
 1.000000 10.049876 10.295630
 1.000000  6.082763  6.324555
 1.000000  6.082763  6.324555
 1.000000  2.000000  2.236068
 1.000000  2.000000  2.236068
 1.000000  2.000000  2.236068
 1.000000  2.000000  2.236068
 1.000000  2.000000  2.236068
 1.000000  2.000000  2.236068
 1.000000  2.000000  2.236068
 1.000000  2.000000  2.236068
 1.000000  2.000000  2.236068
 1.000000  2.000000  2.236068
 1.000000  2.000000  2.236068
 1.000000  2.000000  2.236068
 1.000000 17.464249 17.691806
 1.000000 15.297059 15.524175
 1.000000  9.219544  9.433981
 1.000000  7.615773  7.810250
 1.000000  7.615773  7.810250
 1.000000 10.440307 10.630146
 1.000000 10.630146 10.816654
 1.000000  8.062258  8.246211
 1.000000  8.062258  8.246211
 1.000000 11.000000 11.180340
 1.000000 17.029386 17.204651
 1.000000  5.830952  6.000000
 1.000000  5.830952  6.000000
 1.000000  9.055385  9.219544
 1.000000  9.055385  9.219544
 1.000000  3.000000  3.162278
 1.000000  3.000000  3.162278
 1.000000  3.000000  3.162278
 1.000000  3.000000  3.162278
 1.000000  3.000000  3.162278
 1.000000  9.848858 10.000000
 1.000000  9.848858 10.000000
 1.000000 18.110770 18.248288
 1.000000 12.041595 12.165525
 1.000000 16.155494 16.278821
 1.000000  4.000000  4.123106
 1.000000  4.123106  4.242641
 1.000000  4.123106  4.242641
 1.000000  4.123106  4.242641
 1.000000  9.899495 10.000000
 1.000000  9.899495 10.000000
 1.000000  5.000000  5.099020
 1.000000  5.000000  5.099020
 1.000000  5.000000  5.099020
 1.000000  5.000000  5.099020
 1.000000  5.000000  5.099020
 1.000000  5.000000  5.099020
 1.000000  5.000000  5.099020
 1.000000  5.000000  5.099020
 1.000000 11.313708 11.401754
 1.000000  6.000000  6.082763
 1.000000  6.000000  6.082763
 1.000000  6.324555  6.403124
 1.000000  6.324555  6.403124
 1.000000  6.324555  6.403124
 1.000000  7.000000  7.071068
 1.000000  7.000000  7.071068
 1.000000  7.211103  7.280110
 1.000000  8.000000  8.062258
 1.000000 10.000000 10.049876
 1.000000 10.000000 10.049876
 1.000000 10.000000 10.049876
 1.000000 19.000000 19.026298
 0.000000 -21.000000       inf
 0.000000 -15.231546  2.000000
 0.000000 -15.620499  1.000000
 0.000000 -13.928388  2.000000
 0.000000 -12.727922  2.000000
 0.000000 -11.180340  1.414214
 0.000000 -10.295630  2.000000
 0.000000 -6.082763  5.000000
 0.000000 -9.000000  2.000000
 0.000000 -14.764823 -4.242641
 0.000000 -8.000000  2.000000
 0.000000 -8.000000  2.000000
 0.000000 -8.062258  1.414214
 0.000000 -6.403124  2.000000
 0.000000 -13.152946 -5.000000
 0.000000 -6.000000  1.414214
 0.000000 -14.422205 -7.211103
 0.000000 -12.369317 -6.082763
 0.000000 -12.000000 -5.830952
 0.000000 -12.649111 -6.708204
 0.000000 -8.485281 -3.000000
 0.000000 -8.944272 -4.472136
 0.000000 -10.198039 -5.830952
 0.000000 -6.708204 -3.000000
 0.000000 -10.000000 -6.324555
 0.000000 -13.928388 -10.295630
 0.000000 -7.615773 -4.000000
 0.000000 -8.062258 -5.000000
 0.000000 -13.038405 -10.000000
 0.000000 -5.830952 -2.828427
 0.000000 -8.000000 -5.000000
 0.000000 -13.453624 -11.000000
 0.000000 -7.810250 -5.385165
 0.000000 -9.899495 -7.615773
 0.000000 -8.246211 -6.000000
 0.000000 -7.211103 -5.000000
 0.000000 -7.071068 -5.000000
 0.000000 -8.062258 -6.000000
 0.000000 -11.401754 -9.433981
 0.000000 -8.944272 -7.071068
 0.000000 -9.848858 -8.062258
 0.000000 -6.708204 -5.099020
 0.000000 -8.544004 -7.000000
 0.000000 -8.485281 -7.000000
 0.000000 -10.440307 -9.000000
 0.000000 -5.656854 -4.242641
 0.000000 -12.206556 -10.816654
 0.000000 -11.180340 -10.000000
 0.000000 -9.219544 -8.062258
 0.000000 -8.944272 -7.810250
 0.000000 -2.000000 -1.000000
 0.000000 -8.000000 -7.071068
 0.000000 -8.944272 -8.062258
 0.000000 -12.041595 -11.180340
 0.000000 -9.848858 -9.000000
 0.000000 -11.045361 -10.295630
 0.000000 -7.810250 -7.071068
 0.000000 -5.656854 -5.000000
 0.000000 -13.152946 -12.529964
 0.000000 -10.049876 -9.433981
 0.000000 -7.615773 -7.071068
 0.000000 -7.615773 -7.071068
 0.000000 -9.899495 -9.433981
 0.000000 -8.246211 -7.810250
 0.000000 -8.246211 -7.810250
 0.000000 -8.246211 -7.810250
 0.000000 -6.082763 -5.656854
 0.000000 -8.485281 -8.062258
 0.000000 -7.615773 -7.211103
 0.000000 -8.944272 -8.544004
 0.000000 -5.385165 -5.000000
 0.000000 -11.180340 -10.816654
 0.000000 -7.071068 -6.708204
 0.000000 -7.071068 -6.708204
 0.000000 -7.071068 -6.708204
 0.000000 -9.848858 -9.486833
 0.000000 -7.615773 -7.280110
 0.000000 -11.661904 -11.401754
 0.000000 -11.661904 -11.401754
 0.000000 -8.062258 -7.810250
 0.000000 -6.324555 -6.082763
 0.000000 -13.038405 -12.806248
 0.000000 -13.038405 -12.806248
 0.000000 -7.280110 -7.071068
 0.000000 -7.280110 -7.071068
 0.000000 -7.280110 -7.071068
 0.000000 -13.000000 -12.806248
 0.000000 -10.816654 -10.630146
 0.000000 -8.246211 -8.062258
 0.000000 -8.246211 -8.062258
 0.000000 -8.246211 -8.062258
 0.000000 -8.246211 -8.062258
 0.000000 -8.246211 -8.062258
 0.000000 -11.180340 -11.000000
 0.000000 -5.830952 -5.656854
 0.000000 -5.830952 -5.656854
 0.000000 -10.198039 -10.049876
 0.000000 -10.440307 -10.295630
 0.000000 -7.211103 -7.071068
 0.000000 -7.211103 -7.071068
 0.000000 -7.211103 -7.071068
 0.000000 -7.211103 -7.071068
 0.000000 -5.099020 -5.000000
 0.000000 -5.099020 -5.000000
 0.000000 -5.099020 -5.000000
 0.000000 -11.401754 -11.313708
 0.000000 -11.401754 -11.313708
 0.000000 -6.082763 -6.000000
 0.000000 -7.280110 -7.211103
 0.000000 -8.544004 -8.485281
 0.000000 -8.544004 -8.485281
 0.000000 -9.055385 -9.000000
 0.000000 -9.486833 -9.433981
 0.000000 -9.486833 -9.433981
 0.000000 -10.049876 -10.000000
