 1.000000  7.000000 20.099751
 1.000000 -7.071068  3.605551
 1.000000 -3.000000  4.472136
 1.000000 -2.000000  5.000000
 1.000000  4.000000 10.770330
 1.000000  5.000000 11.704700
 1.000000  2.000000  8.485281
 1.000000 -3.000000  2.828427
 1.000000  4.123106  9.848858
 1.000000  2.236068  7.810250
 1.000000  7.000000 11.401754
 1.000000  2.000000  6.324555
 1.000000  4.000000  8.062258
 1.000000  1.000000  5.000000
 1.000000  1.000000  5.000000
 1.000000  3.162278  6.708204
 1.000000  4.000000  7.211103
 1.000000  4.123106  7.211103
 1.000000 10.000000 13.038405
 1.000000  5.000000  8.000000
 1.000000 -2.000000  1.000000
 1.000000 -1.414214  1.414214
 1.000000  2.236068  5.000000
 1.000000  5.000000  7.615773
 1.000000 10.000000 12.369317
 1.000000  2.000000  4.242641
 1.000000  5.000000  7.211103
 1.000000  2.828427  5.000000
 1.000000  2.000000  4.000000
 1.000000  5.000000  7.000000
 1.000000  2.000000  3.605551
 1.000000  3.605551  5.000000
 1.000000  2.236068  3.605551
 1.000000  8.602325  9.899495
 1.000000  5.000000  6.082763
 1.000000  4.000000  5.000000
 1.000000  4.000000  5.000000
 1.000000  1.000000  2.000000
 1.000000  5.000000  6.000000
 1.000000  6.000000  7.000000
 1.000000  2.236068  3.162278
 1.000000  8.544004  9.433981
 1.000000  3.162278  4.000000
 1.000000  5.000000  5.830952
 1.000000  2.000000  2.828427
 1.000000  1.414214  2.236068
 1.000000  2.828427  3.605551
 1.000000  2.828427  3.605551
 1.000000  2.236068  3.000000
 1.000000  4.242641  5.000000
 1.000000  7.810250  8.544004
 1.000000  5.099020  5.830952
 1.000000 12.041595 12.727922
 1.000000  5.000000  5.656854
 1.000000  5.000000  5.656854
 1.000000  5.000000  5.656854
 1.000000  5.000000  5.656854
 1.000000  5.000000  5.656854
 1.000000  5.000000  5.656854
 1.000000  3.605551  4.242641
 1.000000  3.605551  4.242641
 1.000000  3.605551  4.242641
 1.000000 10.000000 10.630146
 1.000000  2.236068  2.828427
 1.000000  2.236068  2.828427
 1.000000  2.236068  2.828427
 1.000000  2.236068  2.828427
 1.000000  2.236068  2.828427
 1.000000  2.236068  2.828427
 1.000000  2.236068  2.828427
 1.000000  2.236068  2.828427
 1.000000  1.414214  2.000000
 1.000000  1.414214  2.000000
 1.000000  1.414214  2.000000
 1.000000  5.830952  6.403124
 1.000000  5.830952  6.403124
 1.000000  4.472136  5.000000
 1.000000  4.472136  5.000000
 1.000000  4.472136  5.000000
 1.000000  4.472136  5.000000
 1.000000  4.472136  5.000000
 1.000000  3.605551  4.123106
 1.000000  3.605551  4.123106
 1.000000  8.944272  9.433981
 1.000000  8.062258  8.544004
 1.000000  8.062258  8.544004
 1.000000  4.000000  4.472136
 1.000000 12.083046 12.529964
 1.000000  5.385165  5.830952
 1.000000  5.385165  5.830952
 1.000000  5.385165  5.830952
 1.000000  3.162278  3.605551
 1.000000  3.162278  3.605551
 1.000000  3.162278  3.605551
 1.000000  3.162278  3.605551
 1.000000  3.162278  3.605551
 1.000000  3.162278  3.605551
 1.000000  3.162278  3.605551
 1.000000  3.162278  3.605551
 1.000000  3.162278  3.605551
 1.000000 13.453624 13.892444
 1.000000  8.062258  8.485281
 1.000000  1.000000  1.414214
 1.000000  1.000000  1.414214
 1.000000  1.000000  1.414214
 1.000000  1.000000  1.414214
 1.000000 11.000000 11.401754
 1.000000  8.544004  8.944272
 1.000000  8.544004  8.944272
 1.000000  8.544004  8.944272
 1.000000  5.000000  5.385165
 1.000000  5.000000  5.385165
 1.000000  5.000000  5.385165
 1.000000  5.000000  5.385165
 1.000000  5.000000  5.385165
 1.000000  5.000000  5.385165
 1.000000  5.000000  5.385165
 1.000000  5.000000  5.385165
 1.000000  7.615773  8.000000
 1.000000  6.324555  6.708204
 1.000000  6.708204  7.071068
 1.000000  9.486833  9.848858
 1.000000  4.123106  4.472136
 1.000000  4.123106  4.472136
 1.000000  4.123106  4.472136
 1.000000  4.123106  4.472136
 1.000000 11.704700 12.041595
 1.000000  7.280110  7.615773
 1.000000 10.295630 10.630146
 1.000000 10.295630 10.630146
 1.000000  2.828427  3.162278
 1.000000  2.828427  3.162278
 1.000000  6.000000  6.324555
 1.000000  6.403124  6.708204
 1.000000  5.099020  5.385165
 1.000000  5.099020  5.385165
 1.000000  5.099020  5.385165
 1.000000  5.099020  5.385165
 1.000000  5.099020  5.385165
 1.000000  5.099020  5.385165
 1.000000 13.928388 14.212670
 1.000000  8.944272  9.219544
 1.000000  8.944272  9.219544
 1.000000  8.944272  9.219544
 1.000000  5.385165  5.656854
 1.000000  5.385165  5.656854
 1.000000  5.385165  5.656854
 1.000000  5.385165  5.656854
 1.000000  9.219544  9.486833
 1.000000 11.401754 11.661904
 1.000000  7.810250  8.062258
 1.000000  7.810250  8.062258
 1.000000  8.000000  8.246211
 1.000000  4.000000  4.242641
 1.000000 14.317821 14.560220
 1.000000  6.082763  6.324555
 1.000000  6.082763  6.324555
 1.000000  2.000000  2.236068
 1.000000  2.000000  2.236068
 1.000000  2.000000  2.236068
 1.000000  2.000000  2.236068
 1.000000  2.000000  2.236068
 1.000000  2.000000  2.236068
 1.000000  2.000000  2.236068
 1.000000 19.416488 19.646883
 1.000000  4.242641  4.472136
 1.000000  9.000000  9.219544
 1.000000  9.000000  9.219544
 1.000000  9.219544  9.433981
 1.000000 12.165525 12.369317
 1.000000 12.165525 12.369317
 1.000000  7.615773  7.810250
 1.000000 18.788294 18.973666
 1.000000  8.062258  8.246211
 1.000000  8.062258  8.246211
 1.000000 11.000000 11.180340
 1.000000  5.656854  5.830952
 1.000000  5.656854  5.830952
 1.000000  2.828427  3.000000
 1.000000  2.828427  3.000000
 1.000000  2.828427  3.000000
 1.000000 12.041595 12.206556
 1.000000 15.132746 15.297059
 1.000000  3.000000  3.162278
 1.000000  9.848858 10.000000
 1.000000 10.630146 10.770330
 1.000000  7.071068  7.211103
 1.000000 11.180340 11.313708
 1.000000 11.180340 11.313708
 1.000000  4.000000  4.123106
 1.000000  4.000000  4.123106
 1.000000  4.000000  4.123106
 1.000000  4.000000  4.123106
 1.000000  4.000000  4.123106
 1.000000  4.000000  4.123106
 1.000000  4.000000  4.123106
 1.000000  4.000000  4.123106
 1.000000  4.000000  4.123106
 1.000000  4.000000  4.123106
 1.000000  4.123106  4.242641
 1.000000  4.123106  4.242641
 1.000000  4.123106  4.242641
 1.000000  4.123106  4.242641
 1.000000  8.485281  8.602325
 1.000000  8.485281  8.602325
 1.000000  5.000000  5.099020
 1.000000  5.000000  5.099020
 1.000000  5.000000  5.099020
 1.000000  5.000000  5.099020
 1.000000 15.132746 15.231546
 1.000000  6.000000  6.082763
 1.000000  6.000000  6.082763
 1.000000  6.000000  6.082763
 1.000000  6.324555  6.403124
 1.000000  6.324555  6.403124
 1.000000  7.000000  7.071068
 1.000000  7.000000  7.071068
 1.000000  7.000000  7.071068
 1.000000  8.000000  8.062258
 1.000000  8.000000  8.062258
 1.000000  8.000000  8.062258
 1.000000  9.000000  9.055385
 1.000000  9.000000  9.055385
 1.000000  9.848858  9.899495
 1.000000 10.000000 10.049876
 1.000000 11.000000 11.045361
 1.000000 11.000000 11.045361
 1.000000 11.661904 11.704700
 1.000000 12.000000 12.041595
 1.000000 13.416408 13.453624
 1.000000 13.892444 13.928388
 0.000000 -24.000000       inf
 0.000000 -15.556349  4.000000
 0.000000 -15.556349  1.414214
 0.000000 -13.152946  2.236068
 0.000000 -9.219544  3.162278
 0.000000 -16.278821 -4.472136
 0.000000 -6.403124  5.000000
 0.000000 -7.000000  4.123106
 0.000000 -10.000000  1.000000
 0.000000 -6.708204  4.123106
 0.000000 -13.601471 -3.605551
 0.000000 -12.649111 -3.162278
 0.000000 -5.830952  3.605551
 0.000000 -6.708204  1.414214
 0.000000 -6.708204  1.414214
 0.000000 -13.038405 -5.000000
 0.000000 -10.630146 -2.828427
 0.000000 -13.341664 -7.071068
 0.000000 -10.198039 -4.123106
 0.000000 -15.000000 -9.000000
 0.000000 -10.049876 -5.000000
 0.000000 -12.727922 -7.810250
 0.000000 -9.848858 -5.000000
 0.000000 -7.615773 -3.000000
 0.000000 -6.000000 -1.414214
 0.000000 -6.000000 -1.414214
 0.000000 -6.708204 -2.236068
 0.000000 -2.828427  1.414214
 0.000000 -6.000000 -2.000000
 0.000000 -5.830952 -2.000000
 0.000000 -5.830952 -2.236068
 0.000000 -8.062258 -4.472136
 0.000000 -10.440307 -7.000000
 0.000000 -9.219544 -5.830952
 0.000000 -12.529964 -9.433981
 0.000000 -8.062258 -5.000000
 0.000000 -9.848858 -7.071068
 0.000000 -5.830952 -3.605551
 0.000000 -9.899495 -7.810250
 0.000000 -7.071068 -5.000000
 0.000000 -8.944272 -7.000000
 0.000000 -7.000000 -5.099020
 0.000000 -13.416408 -11.661904
 0.000000 -3.000000 -1.414214
 0.000000 -7.615773 -6.082763
 0.000000 -8.544004 -7.211103
 0.000000 -6.324555 -5.000000
 0.000000 -6.324555 -5.000000
 0.000000 -6.324555 -5.000000
 0.000000 -7.810250 -6.708204
 0.000000 -6.403124 -5.385165
 0.000000 -9.055385 -8.062258
 0.000000 -8.485281 -7.615773
 0.000000 -8.000000 -7.211103
 0.000000 -6.708204 -6.000000
 0.000000 -11.704700 -11.000000
 0.000000 -7.615773 -7.000000
 0.000000 -8.485281 -8.062258
 0.000000 -8.485281 -8.062258
 0.000000 -9.848858 -9.433981
 0.000000 -7.615773 -7.211103
 0.000000 -6.403124 -6.000000
 0.000000 -5.385165 -5.000000
 0.000000 -8.000000 -7.615773
 0.000000 -12.041595 -11.661904
 0.000000 -11.401754 -11.045361
 0.000000 -8.944272 -8.602325
 0.000000 -13.341664 -13.000000
 0.000000 -7.615773 -7.280110
 0.000000 -7.615773 -7.280110
 0.000000 -7.615773 -7.280110
 0.000000 -16.124515 -15.811388
 0.000000 -6.708204 -6.403124
 0.000000 -5.385165 -5.099020
 0.000000 -9.486833 -9.219544
 0.000000 -8.062258 -7.810250
 0.000000 -6.324555 -6.082763
 0.000000 -7.211103 -7.000000
 0.000000 -7.280110 -7.071068
 0.000000 -7.280110 -7.071068
 0.000000 -10.198039 -10.000000
 0.000000 -8.246211 -8.062258
 0.000000 -12.206556 -12.041595
 0.000000 -7.211103 -7.071068
 0.000000 -12.165525 -12.041595
 0.000000 -12.165525 -12.041595
 0.000000 -5.099020 -5.000000
 0.000000 -5.099020 -5.000000
 0.000000 -5.099020 -5.000000
 0.000000 -12.083046 -12.000000
 0.000000 -6.082763 -6.000000
 0.000000 -6.082763 -6.000000
 0.000000 -6.403124 -6.324555
 0.000000 -12.806248 -12.727922
 0.000000 -13.416408 -13.341664
 0.000000 -7.071068 -7.000000
 0.000000 -8.062258 -8.000000
 0.000000 -9.055385 -9.000000
 0.000000 -9.486833 -9.433981
 0.000000 -9.486833 -9.433981
 0.000000 -11.704700 -11.661904
 0.000000 -14.035669 -14.000000
