 1.000000  4.000000 15.264338
 1.000000 -6.000000  5.099020
 1.000000 -6.000000  4.123106
 1.000000  2.236068 11.704700
 1.000000 -5.000000  3.162278
 1.000000  2.000000 10.000000
 1.000000 -5.000000  2.828427
 1.000000  4.123106 10.770330
 1.000000 -1.414214  5.000000
 1.000000 -3.000000  3.162278
 1.000000  7.000000 12.727922
 1.000000  4.472136  9.899495
 1.000000  3.605551  8.000000
 1.000000  3.000000  7.000000
 1.000000  3.162278  7.000000
 1.000000  4.242641  8.000000
 1.000000  9.219544 12.649111
 1.000000  3.000000  6.324555
 1.000000  5.656854  8.944272
 1.000000  3.162278  6.082763
 1.000000 12.000000 14.764823
 1.000000  3.000000  5.656854
 1.000000  3.605551  6.000000
 1.000000  3.605551  5.656854
 1.000000  2.000000  4.000000
 1.000000  4.472136  6.403124
 1.000000  5.385165  7.000000
 1.000000  3.605551  5.099020
 1.000000  2.828427  4.242641
 1.000000  1.414214  2.828427
 1.000000  5.000000  6.403124
 1.000000  3.605551  5.000000
 1.000000  3.000000  4.242641
 1.000000  2.000000  3.162278
 1.000000  4.242641  5.385165
 1.000000  7.810250  8.944272
 1.000000  1.000000  2.000000
 1.000000  4.000000  5.000000
 1.000000  3.000000  4.000000
 1.000000  5.385165  6.324555
 1.000000  2.236068  3.162278
 1.000000  2.236068  3.162278
 1.000000  2.236068  3.162278
 1.000000  6.082763  7.000000
 1.000000 11.661904 12.529964
 1.000000  4.242641  5.099020
 1.000000  1.414214  2.236068
 1.000000  1.414214  2.236068
 1.000000  2.828427  3.605551
 1.000000  4.242641  5.000000
 1.000000  5.656854  6.403124
 1.000000  6.000000  6.708204
 1.000000  9.219544  9.899495
 1.000000  5.656854  6.324555
 1.000000  5.000000  5.656854
 1.000000  3.605551  4.242641
 1.000000  3.605551  4.242641
 1.000000  4.472136  5.099020
 1.000000  7.000000  7.615773
 1.000000  7.000000  7.615773
 1.000000  8.000000  8.602325
 1.000000  7.211103  7.810250
 1.000000  2.236068  2.828427
 1.000000  2.236068  2.828427
 1.000000  2.236068  2.828427
 1.000000  2.236068  2.828427
 1.000000  2.236068  2.828427
 1.000000  2.236068  2.828427
 1.000000  2.236068  2.828427
 1.000000  2.236068  2.828427
 1.000000  2.236068  2.828427
 1.000000  2.236068  2.828427
 1.000000  2.236068  2.828427
 1.000000  2.236068  2.828427
 1.000000  2.236068  2.828427
 1.000000  2.236068  2.828427
 1.000000  1.414214  2.000000
 1.000000  1.414214  2.000000
 1.000000  1.414214  2.000000
 1.000000  5.830952  6.403124
 1.000000  4.472136  5.000000
 1.000000  4.472136  5.000000
 1.000000  4.472136  5.000000
 1.000000  4.472136  5.000000
 1.000000  4.472136  5.000000
 1.000000  4.472136  5.000000
 1.000000  4.472136  5.000000
 1.000000  3.605551  4.123106
 1.000000  3.605551  4.123106
 1.000000  3.605551  4.123106
 1.000000  3.605551  4.123106
 1.000000  5.830952  6.324555
 1.000000  4.000000  4.472136
 1.000000  4.000000  4.472136
 1.000000  9.433981  9.899495
 1.000000  7.615773  8.062258
 1.000000  7.615773  8.062258
 1.000000  7.615773  8.062258
 1.000000  7.615773  8.062258
 1.000000  5.385165  5.830952
 1.000000  5.385165  5.830952
 1.000000  5.385165  5.830952
 1.000000  3.162278  3.605551
 1.000000  3.162278  3.605551
 1.000000  3.162278  3.605551
 1.000000  3.162278  3.605551
 1.000000  3.162278  3.605551
 1.000000  3.162278  3.605551
 1.000000  3.162278  3.605551
 1.000000  3.162278  3.605551
 1.000000  3.162278  3.605551
 1.000000  3.162278  3.605551
 1.000000  3.162278  3.605551
 1.000000  8.062258  8.485281
 1.000000  8.062258  8.485281
 1.000000 11.661904 12.083046
 1.000000  9.433981  9.848858
 1.000000  9.433981  9.848858
 1.000000  1.000000  1.414214
 1.000000  1.000000  1.414214
 1.000000  9.899495 10.295630
 1.000000  3.605551  4.000000
 1.000000  3.605551  4.000000
 1.000000  5.000000  5.385165
 1.000000  5.000000  5.385165
 1.000000  4.123106  4.472136
 1.000000  4.123106  4.472136
 1.000000 11.704700 12.041595
 1.000000  7.280110  7.615773
 1.000000  6.000000  6.324555
 1.000000  6.000000  6.324555
 1.000000  6.403124  6.708204
 1.000000 11.401754 11.704700
 1.000000 11.401754 11.704700
 1.000000  8.246211  8.544004
 1.000000  5.099020  5.385165
 1.000000  5.099020  5.385165
 1.000000  5.099020  5.385165
 1.000000  5.099020  5.385165
 1.000000  5.099020  5.385165
 1.000000  5.099020  5.385165
 1.000000 12.369317 12.649111
 1.000000 12.369317 12.649111
 1.000000  5.385165  5.656854
 1.000000  9.219544  9.486833
 1.000000 15.000000 15.264338
 1.000000  5.830952  6.082763
 1.000000 10.198039 10.440307
 1.000000  6.082763  6.324555
 1.000000  6.082763  6.324555
 1.000000  6.082763  6.324555
 1.000000  8.246211  8.485281
 1.000000  2.000000  2.236068
 1.000000  2.000000  2.236068
 1.000000  2.000000  2.236068
 1.000000  2.000000  2.236068
 1.000000  2.000000  2.236068
 1.000000  4.242641  4.472136
 1.000000  4.242641  4.472136
 1.000000  4.242641  4.472136
 1.000000  7.615773  7.810250
 1.000000 10.440307 10.630146
 1.000000  7.810250  8.000000
 1.000000  8.062258  8.246211
 1.000000  8.062258  8.246211
 1.000000  5.656854  5.830952
 1.000000  5.656854  5.830952
 1.000000  2.828427  3.000000
 1.000000  2.828427  3.000000
 1.000000  2.828427  3.000000
 1.000000 12.041595 12.206556
 1.000000 12.041595 12.206556
 1.000000 12.041595 12.206556
 1.000000  9.055385  9.219544
 1.000000  3.000000  3.162278
 1.000000  3.000000  3.162278
 1.000000  3.000000  3.162278
 1.000000  3.000000  3.162278
 1.000000  3.000000  3.162278
 1.000000  3.000000  3.162278
 1.000000  3.000000  3.162278
 1.000000  3.000000  3.162278
 1.000000  3.000000  3.162278
 1.000000  3.000000  3.162278
 1.000000  3.000000  3.162278
 1.000000  3.000000  3.162278
 1.000000  3.000000  3.162278
 1.000000  3.000000  3.162278
 1.000000 10.049876 10.198039
 1.000000 10.630146 10.770330
 1.000000  7.071068  7.211103
 1.000000 11.045361 11.180340
 1.000000 11.180340 11.313708
 1.000000 11.180340 11.313708
 1.000000 12.041595 12.165525
 1.000000 12.041595 12.165525
 1.000000  4.000000  4.123106
 1.000000  4.000000  4.123106
 1.000000  4.000000  4.123106
 1.000000  4.000000  4.123106
 1.000000  4.000000  4.123106
 1.000000  4.000000  4.123106
 1.000000  4.000000  4.123106
 1.000000  4.000000  4.123106
 1.000000  4.000000  4.123106
 1.000000  4.000000  4.123106
 1.000000  4.123106  4.242641
 1.000000  4.123106  4.242641
 1.000000  4.123106  4.242641
 1.000000  4.123106  4.242641
 1.000000  4.123106  4.242641
 1.000000  4.123106  4.242641
 1.000000  4.123106  4.242641
 1.000000 13.038405 13.152946
 1.000000 15.033296 15.132746
 1.000000  5.000000  5.099020
 1.000000  5.000000  5.099020
 1.000000  5.000000  5.099020
 1.000000  5.000000  5.099020
 1.000000  5.000000  5.099020
 1.000000  5.000000  5.099020
 1.000000  6.000000  6.082763
 1.000000  6.000000  6.082763
 1.000000  6.000000  6.082763
 1.000000  6.000000  6.082763
 1.000000  6.000000  6.082763
 1.000000 12.083046 12.165525
 1.000000  6.324555  6.403124
 1.000000  6.324555  6.403124
 1.000000  6.324555  6.403124
 1.000000  6.324555  6.403124
 1.000000  7.000000  7.071068
 1.000000  7.000000  7.071068
 1.000000  8.000000  8.062258
 1.000000  8.485281  8.544004
 1.000000  8.544004  8.602325
 1.000000  9.000000  9.055385
 1.000000  9.433981  9.486833
 1.000000  9.848858  9.899495
 1.000000  9.848858  9.899495
 1.000000 10.000000 10.049876
 1.000000 12.000000 12.041595
 1.000000 13.000000 13.038405
 0.000000 -18.000000       inf
 0.000000 -17.691806  2.000000
 0.000000 -16.000000  1.000000
 0.000000 -16.970563 -4.472136
 0.000000 -9.848858  2.236068
 0.000000 -13.416408 -2.000000
 0.000000 -9.000000  2.000000
 0.000000 -9.433981  1.414214
 0.000000 -8.000000  2.236068
 0.000000 -5.656854  3.605551
 0.000000 -11.180340 -2.000000
 0.000000 -14.212670 -5.656854
 0.000000 -5.830952  2.236068
 0.000000 -10.816654 -3.162278
 0.000000 -5.385165  2.236068
 0.000000 -6.000000  1.414214
 0.000000 -5.385165  2.000000
 0.000000 -6.324555  1.000000
 0.000000 -6.082763  1.000000
 0.000000 -9.055385 -2.236068
 0.000000 -13.416408 -7.000000
 0.000000 -14.317821 -8.485281
 0.000000 -6.708204 -1.000000
 0.000000 -10.295630 -5.000000
 0.000000 -2.236068  3.000000
 0.000000 -10.198039 -5.000000
 0.000000 -9.000000 -4.123106
 0.000000 -7.810250 -3.000000
 0.000000 -10.440307 -6.000000
 0.000000 -6.324555 -2.000000
 0.000000 -8.062258 -4.000000
 0.000000 -10.000000 -6.000000
 0.000000 -8.000000 -4.242641
 0.000000 -6.324555 -3.162278
 0.000000 -8.944272 -6.082763
 0.000000 -9.055385 -6.324555
 0.000000 -8.944272 -6.324555
 0.000000 -3.605551 -1.000000
 0.000000 -7.071068 -4.472136
 0.000000 -7.211103 -5.000000
 0.000000 -8.485281 -6.324555
 0.000000 -13.038405 -11.000000
 0.000000 -6.000000 -4.000000
 0.000000 -6.708204 -5.000000
 0.000000 -6.708204 -5.000000
 0.000000 -12.041595 -10.440307
 0.000000 -8.544004 -7.071068
 0.000000 -14.142136 -12.727922
 0.000000 -8.485281 -7.071068
 0.000000 -6.324555 -5.000000
 0.000000 -8.485281 -7.211103
 0.000000 -8.246211 -7.071068
 0.000000 -7.211103 -6.082763
 0.000000 -9.055385 -8.000000
 0.000000 -6.000000 -5.000000
 0.000000 -10.000000 -9.000000
 0.000000 -9.000000 -8.062258
 0.000000 -6.708204 -5.830952
 0.000000 -9.848858 -9.000000
 0.000000 -5.830952 -5.000000
 0.000000 -5.830952 -5.000000
 0.000000 -5.830952 -5.099020
 0.000000 -8.000000 -7.280110
 0.000000 -7.000000 -6.324555
 0.000000 -15.231546 -14.560220
 0.000000 -13.038405 -12.369317
 0.000000 -12.727922 -12.083046
 0.000000 -9.848858 -9.219544
 0.000000 -3.605551 -3.000000
 0.000000 -8.602325 -8.000000
 0.000000 -7.810250 -7.211103
 0.000000 -17.691806 -17.117243
 0.000000 -9.055385 -8.544004
 0.000000 -7.211103 -6.708204
 0.000000 -9.848858 -9.433981
 0.000000 -9.848858 -9.433981
 0.000000 -9.848858 -9.433981
 0.000000 -6.708204 -6.324555
 0.000000 -13.416408 -13.038405
 0.000000 -7.071068 -6.708204
 0.000000 -7.071068 -6.708204
 0.000000 -7.615773 -7.280110
 0.000000 -7.615773 -7.280110
 0.000000 -12.529964 -12.206556
 0.000000 -5.385165 -5.099020
 0.000000 -5.385165 -5.099020
 0.000000 -7.280110 -7.000000
 0.000000 -12.649111 -12.369317
 0.000000 -8.062258 -7.810250
 0.000000 -6.324555 -6.082763
 0.000000 -8.000000 -7.810250
 0.000000 -12.529964 -12.369317
 0.000000 -13.152946 -13.000000
 0.000000 -7.211103 -7.071068
 0.000000 -7.211103 -7.071068
 0.000000 -7.211103 -7.071068
 0.000000 -7.211103 -7.071068
 0.000000 -4.123106 -4.000000
 0.000000 -16.401219 -16.278821
 0.000000 -8.602325 -8.485281
 0.000000 -5.099020 -5.000000
 0.000000 -5.099020 -5.000000
 0.000000 -6.082763 -6.000000
 0.000000 -6.082763 -6.000000
 0.000000 -6.082763 -6.000000
 0.000000 -6.082763 -6.000000
 0.000000 -6.082763 -6.000000
 0.000000 -12.806248 -12.727922
 0.000000 -7.071068 -7.000000
 0.000000 -7.280110 -7.211103
 0.000000 -7.280110 -7.211103
 0.000000 -7.280110 -7.211103
 0.000000 -8.544004 -8.485281
 0.000000 -8.602325 -8.544004
 0.000000 -9.486833 -9.433981
 0.000000 -11.045361 -11.000000
 0.000000 -12.041595 -12.000000
 0.000000 -15.033296 -15.000000
 0.000000 -15.033296 -15.000000
