 1.000000  3.000000 13.000000
 1.000000  3.162278 13.038405
 1.000000  2.000000 10.000000
 1.000000 -4.242641  3.605551
 1.000000  4.000000 11.313708
 1.000000 -4.123106  3.162278
 1.000000 -3.000000  4.000000
 1.000000 -1.414214  4.472136
 1.000000  4.000000  9.000000
 1.000000  4.123106  9.055385
 1.000000  4.472136  8.944272
 1.000000  3.605551  8.062258
 1.000000  3.605551  7.810250
 1.000000 -3.162278  1.000000
 1.000000 -1.414214  2.236068
 1.000000  3.000000  6.324555
 1.000000  3.000000  5.830952
 1.000000  1.414214  4.123106
 1.000000 10.295630 13.000000
 1.000000  4.472136  7.071068
 1.000000  5.830952  8.000000
 1.000000  9.848858 12.000000
 1.000000  7.071068  9.219544
 1.000000  6.403124  8.485281
 1.000000  5.000000  7.071068
 1.000000  3.000000  5.000000
 1.000000  5.000000  7.000000
 1.000000 -1.000000  1.000000
 1.000000 -1.000000  1.000000
 1.000000  4.000000  5.656854
 1.000000  6.082763  7.615773
 1.000000  8.000000  9.486833
 1.000000  7.211103  8.602325
 1.000000  4.472136  5.830952
 1.000000  3.000000  4.242641
 1.000000  2.828427  4.000000
 1.000000  2.000000  3.162278
 1.000000  2.000000  3.162278
 1.000000  8.062258  9.219544
 1.000000  7.810250  8.944272
 1.000000  4.000000  5.099020
 1.000000  8.000000  9.055385
 1.000000  4.000000  5.000000
 1.000000  6.082763  7.071068
 1.000000  5.000000  5.830952
 1.000000  2.000000  2.828427
 1.000000  2.000000  2.828427
 1.000000 11.180340 12.000000
 1.000000  7.810250  8.602325
 1.000000  7.280110  8.062258
 1.000000  2.828427  3.605551
 1.000000  5.656854  6.403124
 1.000000  8.485281  9.219544
 1.000000  8.544004  9.219544
 1.000000  7.810250  8.485281
 1.000000  7.810250  8.485281
 1.000000  7.810250  8.485281
 1.000000  6.403124  7.071068
 1.000000  6.403124  7.071068
 1.000000  6.403124  7.071068
 1.000000  6.403124  7.071068
 1.000000  6.403124  7.071068
 1.000000  6.403124  7.071068
 1.000000  6.403124  7.071068
 1.000000  5.000000  5.656854
 1.000000  5.000000  5.656854
 1.000000  8.602325  9.219544
 1.000000  3.000000  3.605551
 1.000000  2.236068  2.828427
 1.000000  2.236068  2.828427
 1.000000  2.236068  2.828427
 1.000000  1.414214  2.000000
 1.000000  1.414214  2.000000
 1.000000  5.830952  6.403124
 1.000000  5.830952  6.403124
 1.000000  8.062258  8.602325
 1.000000  8.062258  8.602325
 1.000000  4.472136  5.000000
 1.000000  4.472136  5.000000
 1.000000  4.472136  5.000000
 1.000000  4.472136  5.000000
 1.000000  4.472136  5.000000
 1.000000  4.472136  5.000000
 1.000000  3.605551  4.123106
 1.000000  6.708204  7.211103
 1.000000  6.708204  7.211103
 1.000000  6.708204  7.211103
 1.000000  5.830952  6.324555
 1.000000  5.830952  6.324555
 1.000000 10.295630 10.770330
 1.000000  4.000000  4.472136
 1.000000 12.083046 12.529964
 1.000000  9.848858 10.295630
 1.000000  7.615773  8.062258
 1.000000  7.615773  8.062258
 1.000000  3.162278  3.605551
 1.000000  3.162278  3.605551
 1.000000  3.162278  3.605551
 1.000000  3.162278  3.605551
 1.000000  8.062258  8.485281
 1.000000  8.062258  8.485281
 1.000000  8.062258  8.485281
 1.000000  8.062258  8.485281
 1.000000  8.062258  8.485281
 1.000000  1.000000  1.414214
 1.000000  1.000000  1.414214
 1.000000  1.000000  1.414214
 1.000000  1.000000  1.414214
 1.000000 10.770330 11.180340
 1.000000  7.211103  7.615773
 1.000000  7.211103  7.615773
 1.000000  6.000000  6.403124
 1.000000  8.544004  8.944272
 1.000000  8.544004  8.944272
 1.000000  8.544004  8.944272
 1.000000  8.544004  8.944272
 1.000000  9.899495 10.295630
 1.000000  3.605551  4.000000
 1.000000  3.605551  4.000000
 1.000000  3.605551  4.000000
 1.000000  5.000000  5.385165
 1.000000  5.000000  5.385165
 1.000000  5.000000  5.385165
 1.000000  5.000000  5.385165
 1.000000  6.324555  6.708204
 1.000000 10.816654 11.180340
 1.000000  6.708204  7.071068
 1.000000  6.708204  7.071068
 1.000000  4.123106  4.472136
 1.000000  4.123106  4.472136
 1.000000  4.123106  4.472136
 1.000000  4.123106  4.472136
 1.000000  4.123106  4.472136
 1.000000  8.602325  8.944272
 1.000000 11.661904 12.000000
 1.000000  7.280110  7.615773
 1.000000  7.280110  7.615773
 1.000000  7.280110  7.615773
 1.000000  7.280110  7.615773
 1.000000  7.280110  7.615773
 1.000000  2.828427  3.162278
 1.000000 10.440307 10.770330
 1.000000  6.000000  6.324555
 1.000000 12.206556 12.529964
 1.000000  6.403124  6.708204
 1.000000  6.403124  6.708204
 1.000000  6.403124  6.708204
 1.000000  6.403124  6.708204
 1.000000  6.403124  6.708204
 1.000000 11.401754 11.704700
 1.000000  6.708204  7.000000
 1.000000  5.099020  5.385165
 1.000000  5.099020  5.385165
 1.000000  5.099020  5.385165
 1.000000  5.099020  5.385165
 1.000000  8.944272  9.219544
 1.000000  5.385165  5.656854
 1.000000  5.385165  5.656854
 1.000000  5.385165  5.656854
 1.000000  5.385165  5.656854
 1.000000  5.385165  5.656854
 1.000000  5.385165  5.656854
 1.000000 10.198039 10.440307
 1.000000  6.082763  6.324555
 1.000000  6.082763  6.324555
 1.000000  2.000000  2.236068
 1.000000  2.000000  2.236068
 1.000000  2.000000  2.236068
 1.000000  2.000000  2.236068
 1.000000  2.000000  2.236068
 1.000000  2.000000  2.236068
 1.000000  2.000000  2.236068
 1.000000  2.000000  2.236068
 1.000000  4.242641  4.472136
 1.000000  4.242641  4.472136
 1.000000  4.242641  4.472136
 1.000000  4.242641  4.472136
 1.000000 11.180340 11.401754
 1.000000 11.180340 11.401754
 1.000000  7.071068  7.280110
 1.000000 12.529964 12.727922
 1.000000  7.615773  7.810250
 1.000000  7.615773  7.810250
 1.000000 10.440307 10.630146
 1.000000  8.062258  8.246211
 1.000000  8.062258  8.246211
 1.000000  5.656854  5.830952
 1.000000  5.656854  5.830952
 1.000000  5.656854  5.830952
 1.000000  5.656854  5.830952
 1.000000  5.656854  5.830952
 1.000000  5.656854  5.830952
 1.000000  2.828427  3.000000
 1.000000  2.828427  3.000000
 1.000000  5.830952  6.000000
 1.000000  3.000000  3.162278
 1.000000  3.000000  3.162278
 1.000000  3.000000  3.162278
 1.000000  3.000000  3.162278
 1.000000  3.000000  3.162278
 1.000000  3.000000  3.162278
 1.000000  3.000000  3.162278
 1.000000  3.000000  3.162278
 1.000000 10.049876 10.198039
 1.000000  7.071068  7.211103
 1.000000  7.071068  7.211103
 1.000000  7.071068  7.211103
 1.000000 11.045361 11.180340
 1.000000 11.045361 11.180340
 1.000000 11.180340 11.313708
 1.000000 12.041595 12.165525
 1.000000  4.000000  4.123106
 1.000000  4.000000  4.123106
 1.000000  4.000000  4.123106
 1.000000  4.000000  4.123106
 1.000000  4.000000  4.123106
 1.000000  4.000000  4.123106
 1.000000  4.000000  4.123106
 1.000000  4.000000  4.123106
 1.000000  4.123106  4.242641
 1.000000  4.123106  4.242641
 1.000000  5.000000  5.099020
 1.000000  5.000000  5.099020
 1.000000  5.000000  5.099020
 1.000000  5.000000  5.099020
 1.000000  5.000000  5.099020
 1.000000  5.000000  5.099020
 1.000000  5.000000  5.099020
 1.000000  5.000000  5.099020
 1.000000  5.000000  5.099020
 1.000000  5.000000  5.099020
 1.000000  5.000000  5.099020
 1.000000  5.000000  5.099020
 1.000000  6.000000  6.082763
 1.000000  6.000000  6.082763
 1.000000  6.000000  6.082763
 1.000000  6.000000  6.082763
 1.000000  6.324555  6.403124
 1.000000  6.324555  6.403124
 1.000000  6.324555  6.403124
 1.000000  6.324555  6.403124
 1.000000  6.324555  6.403124
 1.000000  6.324555  6.403124
 1.000000  7.000000  7.071068
 1.000000  7.211103  7.280110
 1.000000  8.000000  8.062258
 1.000000  8.000000  8.062258
 1.000000  8.000000  8.062258
 1.000000  8.000000  8.062258
 1.000000  8.000000  8.062258
 1.000000  8.000000  8.062258
 1.000000  8.485281  8.544004
 1.000000  8.485281  8.544004
 1.000000  8.485281  8.544004
 1.000000  8.485281  8.544004
 1.000000  8.544004  8.602325
 1.000000  8.544004  8.602325
 1.000000  9.000000  9.055385
 1.000000  9.000000  9.055385
 1.000000  9.433981  9.486833
 1.000000 11.000000 11.045361
 1.000000 11.000000 11.045361
 0.000000 -20.223748       inf
 0.000000 -14.866069  2.828427
 0.000000 -13.453624  2.000000
 0.000000 -17.262677 -4.000000
 0.000000 -11.000000  2.000000
 0.000000 -7.000000  5.830952
 0.000000 -13.453624 -1.000000
 0.000000 -14.212670 -2.000000
 0.000000 -9.899495  1.414214
 0.000000 -9.055385  2.000000
 0.000000 -7.810250  2.000000
 0.000000 -13.601471 -4.000000
 0.000000 -13.416408 -4.242641
 0.000000 -5.656854  3.000000
 0.000000 -14.866069 -6.403124
 0.000000 -6.324555  2.000000
 0.000000 -11.045361 -2.828427
 0.000000 -6.000000  2.000000
 0.000000 -9.433981 -2.000000
 0.000000 -9.433981 -3.000000
 0.000000 -11.180340 -5.099020
 0.000000 -10.816654 -5.000000
 0.000000 -12.041595 -6.403124
 0.000000 -9.000000 -3.605551
 0.000000 -6.324555 -1.000000
 0.000000 -10.000000 -5.000000
 0.000000 -12.727922 -8.062258
 0.000000 -9.848858 -6.000000
 0.000000 -7.810250 -4.000000
 0.000000 -8.602325 -5.000000
 0.000000 -10.000000 -6.708204
 0.000000 -7.071068 -4.000000
 0.000000 -7.810250 -5.000000
 0.000000 -7.810250 -5.099020
 0.000000 -5.830952 -3.605551
 0.000000 -1.000000  1.000000
 0.000000 -6.000000 -4.242641
 0.000000 -8.000000 -6.324555
 0.000000 -9.219544 -7.615773
 0.000000 -10.440307 -9.000000
 0.000000 -5.830952 -4.472136
 0.000000 -6.324555 -5.000000
 0.000000 -6.403124 -5.099020
 0.000000 -9.848858 -8.602325
 0.000000 -6.082763 -5.000000
 0.000000 -14.035669 -13.000000
 0.000000 -9.486833 -8.485281
 0.000000 -6.000000 -5.000000
 0.000000 -6.000000 -5.000000
 0.000000 -9.433981 -8.485281
 0.000000 -9.848858 -8.944272
 0.000000 -9.848858 -9.000000
 0.000000 -6.324555 -5.656854
 0.000000 -6.324555 -5.656854
 0.000000 -14.866069 -14.212670
 0.000000 -6.708204 -6.082763
 0.000000 -6.000000 -5.385165
 0.000000 -7.615773 -7.071068
 0.000000 -9.055385 -8.544004
 0.000000 -7.211103 -6.708204
 0.000000 -9.433981 -8.944272
 0.000000 -10.770330 -10.295630
 0.000000 -13.000000 -12.529964
 0.000000 -9.000000 -8.544004
 0.000000 -8.062258 -7.615773
 0.000000 -5.830952 -5.385165
 0.000000 -9.433981 -9.000000
 0.000000 -1.414214 -1.000000
 0.000000 -7.615773 -7.211103
 0.000000 -5.385165 -5.000000
 0.000000 -8.000000 -7.615773
 0.000000 -6.708204 -6.324555
 0.000000 -8.944272 -8.602325
 0.000000 -7.615773 -7.280110
 0.000000 -10.630146 -10.295630
 0.000000 -6.324555 -6.000000
 0.000000 -6.324555 -6.000000
 0.000000 -6.403124 -6.082763
 0.000000 -6.708204 -6.403124
 0.000000 -6.708204 -6.403124
 0.000000 -6.708204 -6.403124
 0.000000 -6.708204 -6.403124
 0.000000 -7.280110 -7.000000
 0.000000 -6.324555 -6.082763
 0.000000 -8.485281 -8.246211
 0.000000 -11.000000 -10.770330
 0.000000 -4.472136 -4.242641
 0.000000 -11.401754 -11.180340
 0.000000 -9.433981 -9.219544
 0.000000 -9.433981 -9.219544
 0.000000 -9.433981 -9.219544
 0.000000 -13.601471 -13.416408
 0.000000 -3.162278 -3.000000
 0.000000 -13.152946 -13.000000
 0.000000 -10.770330 -10.630146
 0.000000 -7.211103 -7.071068
 0.000000 -7.211103 -7.071068
 0.000000 -11.180340 -11.045361
 0.000000 -12.649111 -12.529964
 0.000000 -8.602325 -8.485281
 0.000000 -5.099020 -5.000000
 0.000000 -10.295630 -10.198039
 0.000000 -6.082763 -6.000000
 0.000000 -6.082763 -6.000000
 0.000000 -6.082763 -6.000000
 0.000000 -7.071068 -7.000000
 0.000000 -7.280110 -7.211103
 0.000000 -8.062258 -8.000000
 0.000000 -8.062258 -8.000000
 0.000000 -9.055385 -9.000000
 0.000000 -9.055385 -9.000000
 0.000000 -17.029386 -17.000000
