 1.000000  1.414214 10.770330
 1.000000  2.000000 10.000000
 1.000000 -5.000000  3.000000
 1.000000 -6.708204  1.000000
 1.000000  1.414214  9.000000
 1.000000  3.000000  9.433981
 1.000000 -5.385165  1.000000
 1.000000  6.000000 12.083046
 1.000000 -5.000000  1.000000
 1.000000  2.828427  8.544004
 1.000000  3.000000  8.544004
 1.000000  1.000000  6.000000
 1.000000  5.656854 10.440307
 1.000000  2.236068  7.000000
 1.000000  4.242641  9.000000
 1.000000 -3.605551  1.000000
 1.000000  3.000000  6.708204
 1.000000 -1.414214  2.236068
 1.000000 -1.414214  2.000000
 1.000000  2.000000  5.385165
 1.000000  7.000000 10.198039
 1.000000  3.162278  6.324555
 1.000000  5.000000  8.000000
 1.000000 -2.000000  1.000000
 1.000000  1.000000  4.000000
 1.000000 -2.000000  1.000000
 1.000000  1.414214  4.242641
 1.000000  4.472136  7.071068
 1.000000  2.236068  4.472136
 1.000000  6.324555  8.544004
 1.000000  4.000000  6.000000
 1.000000 -1.000000  1.000000
 1.000000 -1.000000  1.000000
 1.000000  2.000000  4.000000
 1.000000  2.000000  4.000000
 1.000000  4.472136  6.403124
 1.000000  4.123106  6.000000
 1.000000  3.605551  5.385165
 1.000000  6.403124  8.000000
 1.000000  3.605551  5.000000
 1.000000  3.000000  4.242641
 1.000000  2.828427  4.000000
 1.000000  2.828427  4.000000
 1.000000  1.000000  2.000000
 1.000000  4.000000  5.000000
 1.000000  5.000000  6.000000
 1.000000  2.000000  3.000000
 1.000000  5.099020  6.000000
 1.000000  7.211103  8.062258
 1.000000  2.000000  2.828427
 1.000000  1.414214  2.236068
 1.000000  1.414214  2.236068
 1.000000  7.280110  8.062258
 1.000000  2.828427  3.605551
 1.000000  2.236068  3.000000
 1.000000  4.242641  5.000000
 1.000000  8.246211  9.000000
 1.000000  5.656854  6.403124
 1.000000  5.099020  5.830952
 1.000000  5.656854  6.324555
 1.000000  5.000000  5.656854
 1.000000  3.605551  4.242641
 1.000000  3.605551  4.242641
 1.000000  3.605551  4.242641
 1.000000  8.602325  9.219544
 1.000000  3.000000  3.605551
 1.000000  7.211103  7.810250
 1.000000  2.236068  2.828427
 1.000000  2.236068  2.828427
 1.000000  2.236068  2.828427
 1.000000  2.236068  2.828427
 1.000000  2.236068  2.828427
 1.000000  2.236068  2.828427
 1.000000  2.236068  2.828427
 1.000000  2.236068  2.828427
 1.000000  2.236068  2.828427
 1.000000  2.236068  2.828427
 1.000000  2.236068  2.828427
 1.000000  2.236068  2.828427
 1.000000  1.414214  2.000000
 1.000000  1.414214  2.000000
 1.000000  1.414214  2.000000
 1.000000  1.414214  2.000000
 1.000000  5.830952  6.403124
 1.000000  8.485281  9.055385
 1.000000  4.472136  5.000000
 1.000000  4.472136  5.000000
 1.000000  4.472136  5.000000
 1.000000  4.472136  5.000000
 1.000000  4.472136  5.000000
 1.000000  4.472136  5.000000
 1.000000  4.472136  5.000000
 1.000000  4.472136  5.000000
 1.000000  3.605551  4.123106
 1.000000  3.605551  4.123106
 1.000000  3.605551  4.123106
 1.000000  6.708204  7.211103
 1.000000  6.708204  7.211103
 1.000000  6.708204  7.211103
 1.000000  5.830952  6.324555
 1.000000  5.830952  6.324555
 1.000000  8.944272  9.433981
 1.000000  7.615773  8.062258
 1.000000  3.162278  3.605551
 1.000000  3.162278  3.605551
 1.000000  3.162278  3.605551
 1.000000  3.162278  3.605551
 1.000000  3.162278  3.605551
 1.000000  3.162278  3.605551
 1.000000  3.162278  3.605551
 1.000000  3.162278  3.605551
 1.000000  3.162278  3.605551
 1.000000  3.162278  3.605551
 1.000000  3.162278  3.605551
 1.000000  1.000000  1.414214
 1.000000  1.000000  1.414214
 1.000000  1.000000  1.414214
 1.000000  8.544004  8.944272
 1.000000  8.544004  8.944272
 1.000000  3.605551  4.000000
 1.000000  3.605551  4.000000
 1.000000  3.605551  4.000000
 1.000000  5.000000  5.385165
 1.000000  5.000000  5.385165
 1.000000  5.000000  5.385165
 1.000000  5.000000  5.385165
 1.000000  7.615773  8.000000
 1.000000  6.324555  6.708204
 1.000000  6.324555  6.708204
 1.000000  6.708204  7.071068
 1.000000  6.708204  7.071068
 1.000000  6.708204  7.071068
 1.000000  6.708204  7.071068
 1.000000  9.486833  9.848858
 1.000000  9.486833  9.848858
 1.000000  4.123106  4.472136
 1.000000  4.123106  4.472136
 1.000000  5.656854  6.000000
 1.000000  8.602325  8.944272
 1.000000  7.280110  7.615773
 1.000000  7.280110  7.615773
 1.000000  2.828427  3.162278
 1.000000  2.828427  3.162278
 1.000000  2.828427  3.162278
 1.000000  6.000000  6.324555
 1.000000  6.403124  6.708204
 1.000000  8.246211  8.544004
 1.000000  8.246211  8.544004
 1.000000  5.099020  5.385165
 1.000000  5.099020  5.385165
 1.000000  5.099020  5.385165
 1.000000  5.099020  5.385165
 1.000000  5.099020  5.385165
 1.000000  5.099020  5.385165
 1.000000  5.099020  5.385165
 1.000000  5.099020  5.385165
 1.000000  5.099020  5.385165
 1.000000  5.099020  5.385165
 1.000000  5.099020  5.385165
 1.000000  8.944272  9.219544
 1.000000  5.385165  5.656854
 1.000000  5.385165  5.656854
 1.000000  7.810250  8.062258
 1.000000  7.810250  8.062258
 1.000000  7.810250  8.062258
 1.000000  8.000000  8.246211
 1.000000  6.082763  6.324555
 1.000000  6.082763  6.324555
 1.000000  6.082763  6.324555
 1.000000  2.000000  2.236068
 1.000000  2.000000  2.236068
 1.000000  2.000000  2.236068
 1.000000  2.000000  2.236068
 1.000000  2.000000  2.236068
 1.000000  2.000000  2.236068
 1.000000  2.000000  2.236068
 1.000000  2.000000  2.236068
 1.000000  2.000000  2.236068
 1.000000  4.242641  4.472136
 1.000000  4.242641  4.472136
 1.000000  4.242641  4.472136
 1.000000  4.242641  4.472136
 1.000000  4.242641  4.472136
 1.000000  4.242641  4.472136
 1.000000  7.000000  7.211103
 1.000000  7.071068  7.280110
 1.000000  7.615773  7.810250
 1.000000  7.615773  7.810250
 1.000000  7.615773  7.810250
 1.000000  8.062258  8.246211
 1.000000  5.656854  5.830952
 1.000000  5.656854  5.830952
 1.000000  5.656854  5.830952
 1.000000  5.656854  5.830952
 1.000000  2.828427  3.000000
 1.000000  2.828427  3.000000
 1.000000  2.828427  3.000000
 1.000000  5.830952  6.000000
 1.000000  5.830952  6.000000
 1.000000  3.000000  3.162278
 1.000000  3.000000  3.162278
 1.000000  3.000000  3.162278
 1.000000  3.000000  3.162278
 1.000000  3.000000  3.162278
 1.000000  3.000000  3.162278
 1.000000  3.000000  3.162278
 1.000000  3.000000  3.162278
 1.000000  3.000000  3.162278
 1.000000  3.000000  3.162278
 1.000000  3.000000  3.162278
 1.000000 16.124515 16.278821
 1.000000 10.049876 10.198039
 1.000000  7.071068  7.211103
 1.000000  7.071068  7.211103
 1.000000  7.071068  7.211103
 1.000000  4.000000  4.123106
 1.000000  4.000000  4.123106
 1.000000  4.000000  4.123106
 1.000000  4.000000  4.123106
 1.000000  4.000000  4.123106
 1.000000  4.000000  4.123106
 1.000000  4.000000  4.123106
 1.000000  4.123106  4.242641
 1.000000  4.123106  4.242641
 1.000000  4.123106  4.242641
 1.000000  5.000000  5.099020
 1.000000  5.000000  5.099020
 1.000000  5.000000  5.099020
 1.000000  5.000000  5.099020
 1.000000  5.000000  5.099020
 1.000000 15.524175 15.620499
 1.000000  6.000000  6.082763
 1.000000  6.000000  6.082763
 1.000000  6.000000  6.082763
 1.000000  6.000000  6.082763
 1.000000  6.324555  6.403124
 1.000000  6.324555  6.403124
 1.000000  6.324555  6.403124
 1.000000  7.000000  7.071068
 1.000000  7.000000  7.071068
 1.000000  7.000000  7.071068
 1.000000  7.000000  7.071068
 1.000000  8.000000  8.062258
 1.000000  8.000000  8.062258
 1.000000  9.000000  9.055385
 0.000000 -18.027756       inf
 0.000000 -18.027756  2.236068
 0.000000 -17.117243  1.000000
 0.000000 -16.401219 -1.000000
 0.000000 -9.433981  2.828427
 0.000000 -8.062258  4.123106
 0.000000 -9.899495  2.000000
 0.000000 -12.529964 -2.236068
 0.000000 -7.810250  2.236068
 0.000000 -8.944272  1.000000
 0.000000 -13.000000 -4.242641
 0.000000 -11.180340 -3.000000
 0.000000 -7.000000  1.000000
 0.000000 -10.770330 -2.828427
 0.000000 -5.656854  1.414214
 0.000000 -6.000000  1.000000
 0.000000 -14.000000 -7.071068
 0.000000 -9.848858 -3.000000
 0.000000 -4.000000  2.828427
 0.000000 -10.295630 -4.000000
 0.000000 -13.038405 -7.615773
 0.000000 -10.295630 -5.000000
 0.000000 -6.403124 -1.414214
 0.000000 -5.830952 -1.000000
 0.000000 -8.062258 -3.605551
 0.000000 -16.401219 -12.000000
 0.000000 -8.246211 -4.000000
 0.000000 -11.180340 -7.000000
 0.000000 -6.403124 -2.236068
 0.000000 -6.082763 -2.236068
 0.000000 -7.810250 -4.000000
 0.000000 -13.152946 -9.433981
 0.000000 -5.656854 -2.236068
 0.000000 -11.045361 -7.810250
 0.000000 -6.000000 -3.000000
 0.000000 -9.899495 -7.000000
 0.000000 -9.219544 -6.403124
 0.000000 -8.485281 -6.000000
 0.000000 -6.324555 -4.000000
 0.000000 -6.324555 -4.000000
 0.000000 -8.062258 -5.830952
 0.000000 -4.123106 -2.000000
 0.000000 -9.848858 -8.000000
 0.000000 -9.899495 -8.062258
 0.000000 -7.071068 -5.656854
 0.000000 -7.810250 -6.403124
 0.000000 -9.433981 -8.062258
 0.000000 -5.830952 -4.472136
 0.000000 -9.899495 -8.544004
 0.000000 -6.324555 -5.000000
 0.000000 -11.401754 -10.198039
 0.000000 -10.198039 -9.000000
 0.000000 -11.180340 -10.000000
 0.000000 -8.944272 -7.810250
 0.000000 -7.810250 -6.708204
 0.000000 -7.071068 -6.000000
 0.000000 -8.062258 -7.000000
 0.000000 -8.944272 -8.000000
 0.000000 -13.892444 -13.000000
 0.000000 -7.211103 -6.324555
 0.000000 -8.944272 -8.062258
 0.000000 -5.830952 -5.000000
 0.000000 -5.830952 -5.000000
 0.000000 -10.295630 -9.486833
 0.000000 -8.544004 -7.810250
 0.000000 -6.708204 -6.000000
 0.000000 -6.708204 -6.082763
 0.000000 -9.219544 -8.602325
 0.000000 -8.544004 -8.000000
 0.000000 -6.324555 -5.830952
 0.000000 -6.082763 -5.656854
 0.000000 -8.485281 -8.062258
 0.000000 -8.485281 -8.062258
 0.000000 -8.000000 -7.615773
 0.000000 -9.848858 -9.486833
 0.000000 -6.324555 -6.000000
 0.000000 -6.403124 -6.082763
 0.000000 -6.708204 -6.403124
 0.000000 -8.544004 -8.246211
 0.000000 -8.544004 -8.246211
 0.000000 -10.295630 -10.000000
 0.000000 -8.062258 -7.810250
 0.000000 -8.062258 -7.810250
 0.000000 -8.062258 -7.810250
 0.000000 -8.062258 -7.810250
 0.000000 -8.062258 -7.810250
 0.000000 -10.440307 -10.198039
 0.000000 -6.324555 -6.082763
 0.000000 -6.324555 -6.082763
 0.000000 -6.324555 -6.082763
 0.000000 -4.472136 -4.242641
 0.000000 -10.198039 -10.000000
 0.000000 -8.246211 -8.062258
 0.000000 -8.246211 -8.062258
 0.000000 -8.246211 -8.062258
 0.000000 -9.219544 -9.055385
 0.000000 -10.000000 -9.848858
 0.000000 -7.211103 -7.071068
 0.000000 -7.211103 -7.071068
 0.000000 -7.211103 -7.071068
 0.000000 -15.132746 -15.000000
 0.000000 -4.123106 -4.000000
 0.000000 -4.123106 -4.000000
 0.000000 -12.649111 -12.529964
 0.000000 -8.602325 -8.485281
 0.000000 -10.000000 -9.899495
 0.000000 -10.000000 -9.899495
 0.000000 -5.099020 -5.000000
 0.000000 -10.295630 -10.198039
 0.000000 -6.082763 -6.000000
 0.000000 -6.082763 -6.000000
 0.000000 -6.082763 -6.000000
 0.000000 -6.082763 -6.000000
 0.000000 -6.403124 -6.324555
 0.000000 -7.071068 -7.000000
 0.000000 -8.062258 -8.000000
 0.000000 -17.029386 -16.970563
 0.000000 -8.544004 -8.485281
 0.000000 -8.602325 -8.544004
 0.000000 -8.602325 -8.544004
 0.000000 -11.045361 -11.000000
 0.000000 -12.041595 -12.000000
 0.000000 -18.027756 -18.000000
