 1.000000  2.828427 11.180340
 1.000000 -2.828427  5.385165
 1.000000 -5.000000  2.828427
 1.000000  3.605551 11.401754
 1.000000 -1.414214  6.324555
 1.000000 -6.000000  1.414214
 1.000000  2.828427  9.848858
 1.000000  3.605551 10.440307
 1.000000  2.236068  8.944272
 1.000000  4.000000 10.630146
 1.000000 -5.000000  1.414214
 1.000000  3.605551  9.433981
 1.000000  2.236068  8.000000
 1.000000  5.000000  9.433981
 1.000000  2.000000  5.830952
 1.000000  4.242641  8.062258
 1.000000  6.708204 10.295630
 1.000000  5.000000  8.485281
 1.000000  2.828427  6.082763
 1.000000  5.000000  8.246211
 1.000000 -1.000000  2.000000
 1.000000  3.000000  6.000000
 1.000000  2.236068  5.000000
 1.000000  4.472136  7.211103
 1.000000  6.000000  8.485281
 1.000000  3.605551  6.082763
 1.000000 -1.414214  1.000000
 1.000000  5.099020  7.071068
 1.000000  3.162278  5.000000
 1.000000  1.414214  3.162278
 1.000000  5.000000  6.708204
 1.000000  2.828427  4.472136
 1.000000  2.828427  4.472136
 1.000000  7.000000  8.602325
 1.000000  2.828427  4.242641
 1.000000  1.414214  2.828427
 1.000000  3.605551  5.000000
 1.000000  7.211103  8.602325
 1.000000  1.000000  2.236068
 1.000000  9.219544 10.440307
 1.000000  6.403124  7.615773
 1.000000  6.000000  7.211103
 1.000000  4.242641  5.385165
 1.000000  7.810250  8.944272
 1.000000  3.162278  4.242641
 1.000000  5.000000  6.000000
 1.000000  5.000000  6.000000
 1.000000  5.000000  6.000000
 1.000000  4.000000  5.000000
 1.000000  4.000000  5.000000
 1.000000  2.000000  3.000000
 1.000000  7.615773  8.602325
 1.000000  5.099020  6.000000
 1.000000  3.162278  4.000000
 1.000000  1.414214  2.236068
 1.000000  7.810250  8.602325
 1.000000  2.828427  3.605551
 1.000000  2.828427  3.605551
 1.000000  2.828427  3.605551
 1.000000  4.242641  5.000000
 1.000000  7.071068  7.810250
 1.000000  7.071068  7.810250
 1.000000  7.071068  7.810250
 1.000000  8.485281  9.219544
 1.000000  8.246211  8.944272
 1.000000  5.385165  6.082763
 1.000000  5.000000  5.656854
 1.000000  5.000000  5.656854
 1.000000  5.000000  5.656854
 1.000000  3.605551  4.242641
 1.000000  3.605551  4.242641
 1.000000  3.605551  4.242641
 1.000000  7.615773  8.246211
 1.000000  5.385165  6.000000
 1.000000 10.440307 11.045361
 1.000000  7.211103  7.810250
 1.000000  7.211103  7.810250
 1.000000  2.236068  2.828427
 1.000000  2.236068  2.828427
 1.000000  2.236068  2.828427
 1.000000  2.236068  2.828427
 1.000000  2.236068  2.828427
 1.000000  1.414214  2.000000
 1.000000  7.071068  7.615773
 1.000000  4.472136  5.000000
 1.000000  4.472136  5.000000
 1.000000  4.472136  5.000000
 1.000000  4.472136  5.000000
 1.000000  4.472136  5.000000
 1.000000  4.472136  5.000000
 1.000000  4.472136  5.000000
 1.000000  4.472136  5.000000
 1.000000  3.605551  4.123106
 1.000000  3.605551  4.123106
 1.000000  3.605551  4.123106
 1.000000  3.605551  4.123106
 1.000000  6.708204  7.211103
 1.000000  6.708204  7.211103
 1.000000  5.830952  6.324555
 1.000000  7.615773  8.062258
 1.000000  7.615773  8.062258
 1.000000  7.615773  8.062258
 1.000000  7.615773  8.062258
 1.000000  7.615773  8.062258
 1.000000  7.615773  8.062258
 1.000000  5.385165  5.830952
 1.000000  5.385165  5.830952
 1.000000  5.385165  5.830952
 1.000000  3.162278  3.605551
 1.000000  3.162278  3.605551
 1.000000  3.162278  3.605551
 1.000000  3.162278  3.605551
 1.000000  3.162278  3.605551
 1.000000  3.162278  3.605551
 1.000000  3.162278  3.605551
 1.000000  3.162278  3.605551
 1.000000  3.162278  3.605551
 1.000000  3.162278  3.605551
 1.000000  3.162278  3.605551
 1.000000  3.162278  3.605551
 1.000000  3.162278  3.605551
 1.000000  3.162278  3.605551
 1.000000  3.162278  3.605551
 1.000000  3.162278  3.605551
 1.000000  3.162278  3.605551
 1.000000  3.162278  3.605551
 1.000000  8.062258  8.485281
 1.000000  8.062258  8.485281
 1.000000  8.062258  8.485281
 1.000000  9.433981  9.848858
 1.000000  9.433981  9.848858
 1.000000  1.000000  1.414214
 1.000000  1.000000  1.414214
 1.000000  1.000000  1.414214
 1.000000  1.000000  1.414214
 1.000000  1.000000  1.414214
 1.000000  1.000000  1.414214
 1.000000  1.000000  1.414214
 1.000000  7.211103  7.615773
 1.000000  7.211103  7.615773
 1.000000  6.000000  6.403124
 1.000000  8.544004  8.944272
 1.000000  3.605551  4.000000
 1.000000  3.605551  4.000000
 1.000000  3.605551  4.000000
 1.000000  3.605551  4.000000
 1.000000  5.000000  5.385165
 1.000000  5.000000  5.385165
 1.000000  5.000000  5.385165
 1.000000  5.000000  5.385165
 1.000000  6.708204  7.071068
 1.000000  6.708204  7.071068
 1.000000  6.708204  7.071068
 1.000000  6.708204  7.071068
 1.000000  9.486833  9.848858
 1.000000  4.123106  4.472136
 1.000000  4.123106  4.472136
 1.000000  7.280110  7.615773
 1.000000  2.828427  3.162278
 1.000000  2.828427  3.162278
 1.000000  6.403124  6.708204
 1.000000  6.403124  6.708204
 1.000000  6.403124  6.708204
 1.000000  8.246211  8.544004
 1.000000  5.099020  5.385165
 1.000000  5.099020  5.385165
 1.000000  5.099020  5.385165
 1.000000  5.385165  5.656854
 1.000000  5.385165  5.656854
 1.000000  5.385165  5.656854
 1.000000  7.810250  8.062258
 1.000000  7.810250  8.062258
 1.000000  7.810250  8.062258
 1.000000  4.000000  4.242641
 1.000000  6.082763  6.324555
 1.000000  6.082763  6.324555
 1.000000  6.082763  6.324555
 1.000000  8.246211  8.485281
 1.000000  8.246211  8.485281
 1.000000  8.246211  8.485281
 1.000000  2.000000  2.236068
 1.000000  2.000000  2.236068
 1.000000  2.000000  2.236068
 1.000000  2.000000  2.236068
 1.000000  2.000000  2.236068
 1.000000  2.000000  2.236068
 1.000000  2.000000  2.236068
 1.000000  2.000000  2.236068
 1.000000  4.242641  4.472136
 1.000000  4.242641  4.472136
 1.000000  4.242641  4.472136
 1.000000  4.242641  4.472136
 1.000000  4.242641  4.472136
 1.000000  4.242641  4.472136
 1.000000  4.242641  4.472136
 1.000000  4.242641  4.472136
 1.000000  9.219544  9.433981
 1.000000  9.219544  9.433981
 1.000000  9.219544  9.433981
 1.000000  7.071068  7.280110
 1.000000  7.071068  7.280110
 1.000000  7.071068  7.280110
 1.000000  7.615773  7.810250
 1.000000  7.615773  7.810250
 1.000000  7.615773  7.810250
 1.000000  7.615773  7.810250
 1.000000  7.615773  7.810250
 1.000000  8.062258  8.246211
 1.000000  8.062258  8.246211
 1.000000  8.062258  8.246211
 1.000000  8.062258  8.246211
 1.000000  8.062258  8.246211
 1.000000  8.062258  8.246211
 1.000000  8.062258  8.246211
 1.000000 11.000000 11.180340
 1.000000  5.656854  5.830952
 1.000000  5.656854  5.830952
 1.000000  2.828427  3.000000
 1.000000  2.828427  3.000000
 1.000000  2.828427  3.000000
 1.000000  2.828427  3.000000
 1.000000  9.055385  9.219544
 1.000000  3.000000  3.162278
 1.000000  3.000000  3.162278
 1.000000  3.000000  3.162278
 1.000000  3.000000  3.162278
 1.000000  3.000000  3.162278
 1.000000  3.000000  3.162278
 1.000000  9.848858 10.000000
 1.000000  9.848858 10.000000
 1.000000  7.071068  7.211103
 1.000000  7.071068  7.211103
 1.000000  7.071068  7.211103
 1.000000  4.000000  4.123106
 1.000000  4.000000  4.123106
 1.000000  4.000000  4.123106
 1.000000  4.000000  4.123106
 1.000000  4.000000  4.123106
 1.000000  4.000000  4.123106
 1.000000  4.000000  4.123106
 1.000000  4.000000  4.123106
 1.000000  4.000000  4.123106
 1.000000  4.000000  4.123106
 1.000000  4.000000  4.123106
 1.000000  4.000000  4.123106
 1.000000  4.000000  4.123106
 1.000000  4.000000  4.123106
 1.000000  4.000000  4.123106
 1.000000  4.000000  4.123106
 1.000000  4.123106  4.242641
 1.000000  4.123106  4.242641
 1.000000  4.123106  4.242641
 1.000000  4.123106  4.242641
 1.000000  8.485281  8.602325
 1.000000  5.000000  5.099020
 1.000000  5.000000  5.099020
 1.000000  5.000000  5.099020
 1.000000  5.000000  5.099020
 1.000000  5.000000  5.099020
 1.000000 10.198039 10.295630
 1.000000 10.198039 10.295630
 1.000000  6.000000  6.082763
 1.000000  6.000000  6.082763
 1.000000  6.324555  6.403124
 1.000000  7.000000  7.071068
 1.000000  7.000000  7.071068
 1.000000  7.000000  7.071068
 1.000000  7.000000  7.071068
 1.000000  7.000000  7.071068
 1.000000  7.000000  7.071068
 1.000000  7.211103  7.280110
 1.000000  8.000000  8.062258
 1.000000  8.000000  8.062258
 1.000000  8.000000  8.062258
 1.000000  8.000000  8.062258
 1.000000  8.000000  8.062258
 1.000000  8.000000  8.062258
 1.000000  8.000000  8.062258
 1.000000  8.485281  8.544004
 1.000000  8.944272  9.000000
 1.000000  9.000000  9.055385
 1.000000 11.000000 11.045361
 0.000000 -15.556349       inf
 0.000000 -15.132746  2.236068
 0.000000 -14.560220  2.000000
 0.000000 -12.000000  3.000000
 0.000000 -13.000000  2.000000
 0.000000 -10.770330  4.000000
 0.000000 -15.000000 -3.605551
 0.000000 -13.892444 -2.828427
 0.000000 -7.810250  3.162278
 0.000000 -9.433981  1.000000
 0.000000 -7.071068  3.162278
 0.000000 -13.000000 -3.605551
 0.000000 -8.062258  1.000000
 0.000000 -12.041595 -3.162278
 0.000000 -5.830952  3.000000
 0.000000 -6.324555  2.000000
 0.000000 -12.806248 -5.000000
 0.000000 -5.385165  2.236068
 0.000000 -9.486833 -2.000000
 0.000000 -9.433981 -2.236068
 0.000000 -10.770330 -3.605551
 0.000000 -13.453624 -6.403124
 0.000000 -5.830952  1.000000
 0.000000 -9.000000 -2.236068
 0.000000 -5.656854  1.000000
 0.000000 -9.433981 -2.828427
 0.000000 -11.180340 -5.385165
 0.000000 -13.453624 -7.810250
 0.000000 -8.485281 -3.000000
 0.000000 -10.295630 -5.000000
 0.000000 -9.433981 -4.242641
 0.000000 -11.000000 -6.000000
 0.000000 -5.830952 -1.414214
 0.000000 -6.324555 -2.000000
 0.000000 -8.544004 -4.242641
 0.000000 -5.656854 -1.414214
 0.000000 -9.219544 -5.000000
 0.000000 -6.708204 -3.000000
 0.000000 -8.485281 -5.000000
 0.000000 -8.485281 -5.000000
 0.000000 -5.385165 -2.000000
 0.000000 -8.944272 -5.830952
 0.000000 -8.062258 -5.385165
 0.000000 -9.000000 -6.324555
 0.000000 -8.000000 -5.385165
 0.000000 -9.433981 -7.000000
 0.000000 -6.403124 -4.000000
 0.000000 -10.000000 -7.810250
 0.000000 -7.211103 -5.099020
 0.000000 -8.246211 -6.324555
 0.000000 -7.615773 -5.830952
 0.000000 -8.062258 -6.403124
 0.000000 -8.062258 -6.403124
 0.000000 -7.280110 -5.656854
 0.000000 -10.630146 -9.055385
 0.000000 -8.485281 -7.280110
 0.000000 -6.082763 -5.000000
 0.000000 -12.727922 -11.661904
 0.000000 -10.049876 -9.000000
 0.000000 -6.403124 -5.385165
 0.000000 -11.000000 -10.000000
 0.000000 -9.000000 -8.000000
 0.000000 -8.062258 -7.071068
 0.000000 -6.324555 -5.385165
 0.000000 -9.848858 -9.000000
 0.000000 -7.071068 -6.324555
 0.000000 -7.810250 -7.071068
 0.000000 -7.810250 -7.071068
 0.000000 -8.000000 -7.280110
 0.000000 -8.000000 -7.280110
 0.000000 -7.000000 -6.324555
 0.000000 -7.615773 -7.000000
 0.000000 -7.615773 -7.071068
 0.000000 -7.810250 -7.280110
 0.000000 -6.324555 -5.830952
 0.000000 -6.324555 -5.830952
 0.000000 -9.486833 -9.000000
 0.000000 -9.433981 -9.000000
 0.000000 -13.416408 -13.000000
 0.000000 -7.615773 -7.211103
 0.000000 -6.708204 -6.324555
 0.000000 -6.708204 -6.324555
 0.000000 -7.071068 -6.708204
 0.000000 -7.071068 -6.708204
 0.000000 -6.000000 -5.656854
 0.000000 -7.615773 -7.280110
 0.000000 -7.615773 -7.280110
 0.000000 -7.615773 -7.280110
 0.000000 -7.615773 -7.280110
 0.000000 -11.313708 -11.000000
 0.000000 -6.708204 -6.403124
 0.000000 -6.708204 -6.403124
 0.000000 -6.708204 -6.403124
 0.000000 -6.708204 -6.403124
 0.000000 -5.385165 -5.099020
 0.000000 -9.486833 -9.219544
 0.000000 -8.062258 -7.810250
 0.000000 -8.246211 -8.000000
 0.000000 -9.219544 -9.000000
 0.000000 -7.280110 -7.071068
 0.000000 -7.280110 -7.071068
 0.000000 -7.810250 -7.615773
 0.000000 -7.810250 -7.615773
 0.000000 -6.000000 -5.830952
 0.000000 -3.162278 -3.000000
 0.000000 -10.440307 -10.295630
 0.000000 -10.440307 -10.295630
 0.000000 -10.770330 -10.630146
 0.000000 -7.211103 -7.071068
 0.000000 -7.211103 -7.071068
 0.000000 -7.211103 -7.071068
 0.000000 -7.211103 -7.071068
 0.000000 -7.211103 -7.071068
 0.000000 -11.180340 -11.045361
 0.000000 -5.099020 -5.000000
 0.000000 -6.082763 -6.000000
 0.000000 -6.082763 -6.000000
 0.000000 -6.082763 -6.000000
 0.000000 -7.071068 -7.000000
 0.000000 -7.071068 -7.000000
 0.000000 -7.071068 -7.000000
 0.000000 -7.280110 -7.211103
 0.000000 -8.062258 -8.000000
 0.000000 -8.062258 -8.000000
 0.000000 -8.602325 -8.544004
 0.000000 -9.055385 -9.000000
 0.000000 -12.083046 -12.041595
 0.000000 -12.083046 -12.041595
 0.000000 -13.038405 -13.000000
