 1.000000  2.236068 12.165525
 1.000000  2.236068 10.630146
 1.000000 -2.236068  5.000000
 1.000000  8.944272 15.000000
 1.000000  6.000000 12.000000
 1.000000 -3.605551  2.236068
 1.000000 -2.828427  2.828427
 1.000000 -3.000000  2.000000
 1.000000  3.162278  7.810250
 1.000000  3.000000  7.615773
 1.000000  2.000000  6.324555
 1.000000  2.828427  7.071068
 1.000000  4.242641  8.485281
 1.000000 -1.000000  3.162278
 1.000000  5.000000  9.000000
 1.000000  3.000000  6.708204
 1.000000  4.123106  7.810250
 1.000000  6.403124 10.000000
 1.000000  6.000000  9.219544
 1.000000  5.385165  8.485281
 1.000000  3.000000  6.082763
 1.000000  1.414214  4.472136
 1.000000 -2.000000  1.000000
 1.000000  6.324555  9.219544
 1.000000  2.236068  5.000000
 1.000000  6.403124  9.000000
 1.000000  2.000000  4.472136
 1.000000  3.162278  5.385165
 1.000000  4.123106  6.324555
 1.000000  5.830952  8.000000
 1.000000  2.000000  4.123106
 1.000000  2.000000  4.000000
 1.000000 10.816654 12.649111
 1.000000  6.082763  7.810250
 1.000000  9.486833 11.180340
 1.000000  1.414214  2.828427
 1.000000  4.000000  5.385165
 1.000000  8.000000  9.219544
 1.000000  4.242641  5.385165
 1.000000  1.000000  2.000000
 1.000000  6.082763  7.000000
 1.000000  4.472136  5.385165
 1.000000  8.062258  8.944272
 1.000000  3.162278  4.000000
 1.000000  2.236068  3.000000
 1.000000  5.000000  5.656854
 1.000000 12.000000 12.649111
 1.000000  5.385165  6.000000
 1.000000  3.000000  3.605551
 1.000000  2.236068  2.828427
 1.000000  2.236068  2.828427
 1.000000  2.236068  2.828427
 1.000000  2.236068  2.828427
 1.000000  2.236068  2.828427
 1.000000  2.236068  2.828427
 1.000000  2.236068  2.828427
 1.000000  2.236068  2.828427
 1.000000  1.414214  2.000000
 1.000000  1.414214  2.000000
 1.000000  1.414214  2.000000
 1.000000  1.414214  2.000000
 1.000000  1.414214  2.000000
 1.000000  1.414214  2.000000
 1.000000 10.816654 11.401754
 1.000000  5.830952  6.403124
 1.000000  4.472136  5.000000
 1.000000  4.472136  5.000000
 1.000000  4.472136  5.000000
 1.000000  4.472136  5.000000
 1.000000  4.472136  5.000000
 1.000000  4.472136  5.000000
 1.000000  6.708204  7.211103
 1.000000  6.708204  7.211103
 1.000000  6.708204  7.211103
 1.000000  5.830952  6.324555
 1.000000  5.830952  6.324555
 1.000000  4.000000  4.472136
 1.000000  9.433981  9.899495
 1.000000  8.544004  9.000000
 1.000000  7.615773  8.062258
 1.000000  5.385165  5.830952
 1.000000  3.162278  3.605551
 1.000000  3.162278  3.605551
 1.000000  3.162278  3.605551
 1.000000  3.162278  3.605551
 1.000000  3.162278  3.605551
 1.000000  3.162278  3.605551
 1.000000  3.162278  3.605551
 1.000000  3.162278  3.605551
 1.000000  3.162278  3.605551
 1.000000  3.162278  3.605551
 1.000000  9.055385  9.486833
 1.000000  8.062258  8.485281
 1.000000 13.000000 13.416408
 1.000000  1.000000  1.414214
 1.000000  1.000000  1.414214
 1.000000  1.000000  1.414214
 1.000000  1.000000  1.414214
 1.000000  1.000000  1.414214
 1.000000  1.000000  1.414214
 1.000000  8.544004  8.944272
 1.000000  8.544004  8.944272
 1.000000  5.000000  5.385165
 1.000000  7.615773  8.000000
 1.000000  6.708204  7.071068
 1.000000  9.486833  9.848858
 1.000000 12.649111 13.000000
 1.000000 11.313708 11.661904
 1.000000 13.000000 13.341664
 1.000000 11.704700 12.041595
 1.000000  7.280110  7.615773
 1.000000  7.280110  7.615773
 1.000000 10.295630 10.630146
 1.000000  2.828427  3.162278
 1.000000  6.403124  6.708204
 1.000000  6.403124  6.708204
 1.000000  6.403124  6.708204
 1.000000  6.403124  6.708204
 1.000000 11.401754 11.704700
 1.000000  8.246211  8.544004
 1.000000  8.246211  8.544004
 1.000000  6.708204  7.000000
 1.000000  6.708204  7.000000
 1.000000  5.099020  5.385165
 1.000000  5.385165  5.656854
 1.000000  9.219544  9.486833
 1.000000  9.219544  9.486833
 1.000000 13.341664 13.601471
 1.000000  7.810250  8.062258
 1.000000  5.830952  6.082763
 1.000000  4.000000  4.242641
 1.000000 10.198039 10.440307
 1.000000 10.198039 10.440307
 1.000000  6.082763  6.324555
 1.000000  6.082763  6.324555
 1.000000  6.082763  6.324555
 1.000000  2.000000  2.236068
 1.000000  2.000000  2.236068
 1.000000  2.000000  2.236068
 1.000000  2.000000  2.236068
 1.000000  2.000000  2.236068
 1.000000  2.000000  2.236068
 1.000000  2.000000  2.236068
 1.000000  4.242641  4.472136
 1.000000  4.242641  4.472136
 1.000000  4.242641  4.472136
 1.000000  4.242641  4.472136
 1.000000  4.242641  4.472136
 1.000000 11.180340 11.401754
 1.000000 11.180340 11.401754
 1.000000 11.180340 11.401754
 1.000000  7.071068  7.280110
 1.000000  7.071068  7.280110
 1.000000 10.000000 10.198039
 1.000000  7.615773  7.810250
 1.000000  7.615773  7.810250
 1.000000  7.615773  7.810250
 1.000000  8.062258  8.246211
 1.000000  8.062258  8.246211
 1.000000  8.062258  8.246211
 1.000000  8.062258  8.246211
 1.000000  8.062258  8.246211
 1.000000  5.656854  5.830952
 1.000000  5.656854  5.830952
 1.000000  2.828427  3.000000
 1.000000  2.828427  3.000000
 1.000000  2.828427  3.000000
 1.000000  2.828427  3.000000
 1.000000  5.830952  6.000000
 1.000000 12.206556 12.369317
 1.000000  3.000000  3.162278
 1.000000  3.000000  3.162278
 1.000000  3.000000  3.162278
 1.000000  3.000000  3.162278
 1.000000  3.000000  3.162278
 1.000000  3.000000  3.162278
 1.000000 10.049876 10.198039
 1.000000  7.071068  7.211103
 1.000000  7.071068  7.211103
 1.000000 11.180340 11.313708
 1.000000  4.000000  4.123106
 1.000000  4.000000  4.123106
 1.000000  4.000000  4.123106
 1.000000  4.000000  4.123106
 1.000000  4.123106  4.242641
 1.000000 14.035669 14.142136
 1.000000  5.000000  5.099020
 1.000000  5.000000  5.099020
 1.000000  5.000000  5.099020
 1.000000  5.000000  5.099020
 1.000000  5.000000  5.099020
 1.000000  6.000000  6.082763
 1.000000  6.000000  6.082763
 1.000000  6.000000  6.082763
 1.000000  6.324555  6.403124
 1.000000  6.324555  6.403124
 1.000000  6.324555  6.403124
 1.000000 13.341664 13.416408
 1.000000  7.211103  7.280110
 1.000000  8.000000  8.062258
 1.000000  8.000000  8.062258
 1.000000  8.485281  8.544004
 1.000000  8.544004  8.602325
 1.000000  9.000000  9.055385
 1.000000  9.848858  9.899495
 1.000000 10.000000 10.049876
 1.000000 10.000000 10.049876
 1.000000 11.000000 11.045361
 0.000000 -22.360680       inf
 0.000000 -21.400935 -1.000000
 0.000000 -21.189620 -1.414214
 0.000000 -9.848858  4.000000
 0.000000 -12.806248  1.000000
 0.000000 -11.401754  2.000000
 0.000000 -15.524175 -3.605551
 0.000000 -15.652476 -4.000000
 0.000000 -7.000000  4.000000
 0.000000 -9.000000  1.000000
 0.000000 -5.830952  4.000000
 0.000000 -6.708204  3.000000
 0.000000 -12.727922 -3.605551
 0.000000 -11.180340 -2.828427
 0.000000 -10.000000 -3.000000
 0.000000 -3.000000  4.000000
 0.000000 -12.806248 -6.000000
 0.000000 -8.485281 -2.236068
 0.000000 -7.071068 -1.414214
 0.000000 -12.206556 -7.000000
 0.000000 -9.219544 -4.123106
 0.000000 -6.082763 -1.000000
 0.000000 -7.615773 -3.000000
 0.000000 -9.219544 -5.000000
 0.000000 -5.000000 -1.000000
 0.000000 -3.000000  1.000000
 0.000000 -8.000000 -4.000000
 0.000000 -8.000000 -4.472136
 0.000000 -6.324555 -2.828427
 0.000000 -9.055385 -6.403124
 0.000000 -8.062258 -5.656854
 0.000000 -6.324555 -4.000000
 0.000000 -7.071068 -5.000000
 0.000000 -7.000000 -5.000000
 0.000000 -7.000000 -5.000000
 0.000000 -10.000000 -8.062258
 0.000000 -6.000000 -4.123106
 0.000000 -6.082763 -4.242641
 0.000000 -9.000000 -7.211103
 0.000000 -6.708204 -5.000000
 0.000000 -8.000000 -6.324555
 0.000000 -8.000000 -6.324555
 0.000000 -5.656854 -4.000000
 0.000000 -5.656854 -4.000000
 0.000000 -6.000000 -4.472136
 0.000000 -8.062258 -6.708204
 0.000000 -6.324555 -5.000000
 0.000000 -6.324555 -5.000000
 0.000000 -9.219544 -8.000000
 0.000000 -7.000000 -5.830952
 0.000000 -7.810250 -6.708204
 0.000000 -8.000000 -7.071068
 0.000000 -20.880613 -20.000000
 0.000000 -8.000000 -7.211103
 0.000000 -8.000000 -7.280110
 0.000000 -9.219544 -8.544004
 0.000000 -7.615773 -7.071068
 0.000000 -5.830952 -5.385165
 0.000000 -5.830952 -5.385165
 0.000000 -8.246211 -7.810250
 0.000000 -8.944272 -8.602325
 0.000000 -7.615773 -7.280110
 0.000000 -10.630146 -10.295630
 0.000000 -11.704700 -11.401754
 0.000000 -8.544004 -8.246211
 0.000000 -7.000000 -6.708204
 0.000000 -11.661904 -11.401754
 0.000000 -8.062258 -7.810250
 0.000000 -6.082763 -5.830952
 0.000000 -20.248457 -20.000000
 0.000000 -6.324555 -6.082763
 0.000000 -21.095023 -20.880613
 0.000000 -7.810250 -7.615773
 0.000000 -8.246211 -8.062258
 0.000000 -3.162278 -3.000000
 0.000000 -11.180340 -11.045361
 0.000000 -5.099020 -5.000000
 0.000000 -5.099020 -5.000000
 0.000000 -21.095023 -21.000000
 0.000000 -11.401754 -11.313708
 0.000000 -17.088007 -17.000000
 0.000000 -7.071068 -7.000000
 0.000000 -7.071068 -7.000000
 0.000000 -7.280110 -7.211103
 0.000000 -7.280110 -7.211103
 0.000000 -7.280110 -7.211103
 0.000000 -8.062258 -8.000000
 0.000000 -8.544004 -8.485281
 0.000000 -8.544004 -8.485281
 0.000000 -8.602325 -8.544004
 0.000000 -9.055385 -9.000000
 0.000000 -21.023796 -21.000000
