 1.000000  1.000000 15.297059
 1.000000  1.000000  9.219544
 1.000000  2.000000  9.219544
 1.000000 -6.082763  1.000000
 1.000000  3.162278 10.000000
 1.000000  5.000000 11.401754
 1.000000 -5.099020  1.000000
 1.000000  1.414214  7.211103
 1.000000  4.123106  9.848858
 1.000000 -3.162278  2.000000
 1.000000 -2.000000  2.828427
 1.000000  5.099020  9.899495
 1.000000  4.123106  8.485281
 1.000000 -1.000000  3.162278
 1.000000  5.000000  9.000000
 1.000000  1.000000  5.000000
 1.000000  5.000000  8.944272
 1.000000 -1.414214  2.000000
 1.000000  3.000000  6.403124
 1.000000 -1.000000  2.000000
 1.000000  3.000000  5.830952
 1.000000  3.000000  5.830952
 1.000000  5.000000  7.211103
 1.000000  1.000000  3.162278
 1.000000  5.000000  7.071068
 1.000000  2.000000  4.000000
 1.000000  6.324555  8.246211
 1.000000  2.236068  4.000000
 1.000000  5.000000  6.708204
 1.000000  4.123106  5.830952
 1.000000  5.099020  6.708204
 1.000000  2.000000  3.605551
 1.000000  4.472136  6.000000
 1.000000  5.656854  7.071068
 1.000000  4.242641  5.656854
 1.000000  5.099020  6.324555
 1.000000  6.000000  7.071068
 1.000000  6.000000  7.071068
 1.000000  7.000000  8.062258
 1.000000  5.000000  6.000000
 1.000000  7.071068  8.062258
 1.000000  4.472136  5.385165
 1.000000  4.123106  5.000000
 1.000000  4.123106  5.000000
 1.000000  3.605551  4.472136
 1.000000  3.162278  4.000000
 1.000000  6.403124  7.211103
 1.000000  4.242641  5.000000
 1.000000  5.656854  6.403124
 1.000000  5.656854  6.403124
 1.000000  7.810250  8.544004
 1.000000  5.099020  5.830952
 1.000000  6.403124  7.071068
 1.000000  6.403124  7.071068
 1.000000  6.403124  7.071068
 1.000000  5.000000  5.656854
 1.000000  5.000000  5.656854
 1.000000  5.000000  5.656854
 1.000000  3.605551  4.242641
 1.000000  9.219544  9.848858
 1.000000  4.472136  5.099020
 1.000000  8.602325  9.219544
 1.000000  8.602325  9.219544
 1.000000  5.385165  6.000000
 1.000000  7.211103  7.810250
 1.000000  2.236068  2.828427
 1.000000  2.236068  2.828427
 1.000000  2.236068  2.828427
 1.000000  2.236068  2.828427
 1.000000  2.236068  2.828427
 1.000000  2.236068  2.828427
 1.000000  2.236068  2.828427
 1.000000  1.414214  2.000000
 1.000000  1.414214  2.000000
 1.000000  1.414214  2.000000
 1.000000  1.414214  2.000000
 1.000000  1.414214  2.000000
 1.000000  1.414214  2.000000
 1.000000  1.414214  2.000000
 1.000000  1.414214  2.000000
 1.000000  5.830952  6.403124
 1.000000  4.472136  5.000000
 1.000000  4.472136  5.000000
 1.000000  4.472136  5.000000
 1.000000  4.472136  5.000000
 1.000000  4.472136  5.000000
 1.000000  4.472136  5.000000
 1.000000  4.472136  5.000000
 1.000000  4.472136  5.000000
 1.000000  3.605551  4.123106
 1.000000  3.605551  4.123106
 1.000000  5.830952  6.324555
 1.000000  5.830952  6.324555
 1.000000  5.830952  6.324555
 1.000000  8.944272  9.433981
 1.000000 12.041595 12.529964
 1.000000  7.615773  8.062258
 1.000000  7.615773  8.062258
 1.000000  7.615773  8.062258
 1.000000  5.385165  5.830952
 1.000000  5.385165  5.830952
 1.000000  5.385165  5.830952
 1.000000  3.162278  3.605551
 1.000000  3.162278  3.605551
 1.000000  3.162278  3.605551
 1.000000  3.162278  3.605551
 1.000000  3.162278  3.605551
 1.000000  8.062258  8.485281
 1.000000  8.062258  8.485281
 1.000000  1.000000  1.414214
 1.000000  1.000000  1.414214
 1.000000  1.000000  1.414214
 1.000000  1.000000  1.414214
 1.000000  1.000000  1.414214
 1.000000 10.770330 11.180340
 1.000000  8.544004  8.944272
 1.000000  3.605551  4.000000
 1.000000  5.000000  5.385165
 1.000000  5.000000  5.385165
 1.000000  6.324555  6.708204
 1.000000  6.708204  7.071068
 1.000000  6.708204  7.071068
 1.000000 12.649111 13.000000
 1.000000  4.123106  4.472136
 1.000000  4.123106  4.472136
 1.000000  4.123106  4.472136
 1.000000  8.602325  8.944272
 1.000000  7.280110  7.615773
 1.000000  7.280110  7.615773
 1.000000  2.828427  3.162278
 1.000000 13.601471 13.928388
 1.000000  6.000000  6.324555
 1.000000  6.000000  6.324555
 1.000000 12.206556 12.529964
 1.000000  6.403124  6.708204
 1.000000  6.403124  6.708204
 1.000000  6.403124  6.708204
 1.000000  8.246211  8.544004
 1.000000  8.246211  8.544004
 1.000000  6.708204  7.000000
 1.000000  6.708204  7.000000
 1.000000  6.708204  7.000000
 1.000000  5.099020  5.385165
 1.000000  5.099020  5.385165
 1.000000  5.099020  5.385165
 1.000000  8.944272  9.219544
 1.000000  8.944272  9.219544
 1.000000  8.944272  9.219544
 1.000000  5.385165  5.656854
 1.000000  5.385165  5.656854
 1.000000  5.385165  5.656854
 1.000000  5.385165  5.656854
 1.000000  5.385165  5.656854
 1.000000  5.385165  5.656854
 1.000000  5.385165  5.656854
 1.000000 14.764823 15.033296
 1.000000  9.219544  9.486833
 1.000000  9.219544  9.486833
 1.000000  9.219544  9.486833
 1.000000  7.810250  8.062258
 1.000000  7.810250  8.062258
 1.000000  5.830952  6.082763
 1.000000  6.082763  6.324555
 1.000000  2.000000  2.236068
 1.000000  2.000000  2.236068
 1.000000  2.000000  2.236068
 1.000000  2.000000  2.236068
 1.000000  2.000000  2.236068
 1.000000  2.000000  2.236068
 1.000000  2.000000  2.236068
 1.000000  2.000000  2.236068
 1.000000  2.000000  2.236068
 1.000000  2.000000  2.236068
 1.000000  2.000000  2.236068
 1.000000  2.000000  2.236068
 1.000000  4.242641  4.472136
 1.000000  4.242641  4.472136
 1.000000  4.242641  4.472136
 1.000000  4.242641  4.472136
 1.000000  4.242641  4.472136
 1.000000  4.242641  4.472136
 1.000000  4.242641  4.472136
 1.000000  4.242641  4.472136
 1.000000  4.242641  4.472136
 1.000000  4.242641  4.472136
 1.000000  9.219544  9.433981
 1.000000  9.219544  9.433981
 1.000000  7.000000  7.211103
 1.000000  7.615773  7.810250
 1.000000  8.062258  8.246211
 1.000000  8.062258  8.246211
 1.000000 11.000000 11.180340
 1.000000  5.656854  5.830952
 1.000000  5.656854  5.830952
 1.000000  5.656854  5.830952
 1.000000  5.656854  5.830952
 1.000000  2.828427  3.000000
 1.000000  2.828427  3.000000
 1.000000  5.830952  6.000000
 1.000000 12.041595 12.206556
 1.000000  3.000000  3.162278
 1.000000  3.000000  3.162278
 1.000000  3.000000  3.162278
 1.000000 14.000000 14.142136
 1.000000  7.071068  7.211103
 1.000000  4.000000  4.123106
 1.000000  4.000000  4.123106
 1.000000  4.000000  4.123106
 1.000000  4.000000  4.123106
 1.000000  4.123106  4.242641
 1.000000  4.123106  4.242641
 1.000000  4.123106  4.242641
 1.000000  5.000000  5.099020
 1.000000  5.000000  5.099020
 1.000000  5.000000  5.099020
 1.000000  5.000000  5.099020
 1.000000  5.000000  5.099020
 1.000000  5.000000  5.099020
 1.000000  5.000000  5.099020
 1.000000  5.000000  5.099020
 1.000000  5.000000  5.099020
 1.000000  5.000000  5.099020
 1.000000  5.000000  5.099020
 1.000000  5.000000  5.099020
 1.000000  6.000000  6.082763
 1.000000  6.000000  6.082763
 1.000000  6.324555  6.403124
 1.000000  6.324555  6.403124
 1.000000  6.324555  6.403124
 1.000000  6.324555  6.403124
 1.000000  6.324555  6.403124
 1.000000 13.341664 13.416408
 1.000000  7.000000  7.071068
 1.000000  7.000000  7.071068
 1.000000  7.000000  7.071068
 1.000000  8.000000  8.062258
 1.000000  8.544004  8.602325
 1.000000  8.544004  8.602325
 1.000000  8.944272  9.000000
 1.000000  9.000000  9.055385
 1.000000 12.000000 12.041595
 0.000000 -16.278821       inf
 0.000000 -15.000000 -2.000000
 0.000000 -8.246211  4.242641
 0.000000 -11.313708  1.000000
 0.000000 -7.071068  5.000000
 0.000000 -10.295630  1.000000
 0.000000 -7.000000  4.000000
 0.000000 -14.560220 -4.000000
 0.000000 -12.000000 -2.236068
 0.000000 -8.544004  1.000000
 0.000000 -13.152946 -4.000000
 0.000000 -5.656854  3.000000
 0.000000 -11.401754 -2.828427
 0.000000 -14.422205 -6.000000
 0.000000 -6.082763  2.000000
 0.000000 -5.830952  2.236068
 0.000000 -6.324555  1.414214
 0.000000 -11.401754 -4.242641
 0.000000 -10.816654 -4.000000
 0.000000 -10.000000 -3.605551
 0.000000 -2.828427  3.000000
 0.000000 -8.485281 -3.605551
 0.000000 -9.000000 -4.123106
 0.000000 -7.071068 -2.236068
 0.000000 -13.000000 -8.485281
 0.000000 -5.385165 -1.000000
 0.000000 -6.324555 -2.236068
 0.000000 -12.083046 -8.000000
 0.000000 -6.082763 -2.236068
 0.000000 -7.810250 -4.000000
 0.000000 -13.341664 -9.899495
 0.000000 -6.403124 -3.000000
 0.000000 -8.062258 -5.000000
 0.000000 -7.280110 -4.242641
 0.000000 -9.000000 -6.403124
 0.000000 -6.082763 -3.605551
 0.000000 -1.414214  1.000000
 0.000000 -5.099020 -2.828427
 0.000000 -6.403124 -4.242641
 0.000000 -9.899495 -8.000000
 0.000000 -7.810250 -6.000000
 0.000000 -7.071068 -5.385165
 0.000000 -6.000000 -4.472136
 0.000000 -7.810250 -6.324555
 0.000000 -8.544004 -7.071068
 0.000000 -8.485281 -7.071068
 0.000000 -9.219544 -7.810250
 0.000000 -4.472136 -3.162278
 0.000000 -13.453624 -12.165525
 0.000000 -8.062258 -7.000000
 0.000000 -10.000000 -8.944272
 0.000000 -6.403124 -5.385165
 0.000000 -6.000000 -5.000000
 0.000000 -4.000000 -3.000000
 0.000000 -10.000000 -9.000000
 0.000000 -10.000000 -9.000000
 0.000000 -10.198039 -9.219544
 0.000000 -9.899495 -8.944272
 0.000000 -13.928388 -13.000000
 0.000000 -8.544004 -7.615773
 0.000000 -8.062258 -7.211103
 0.000000 -8.062258 -7.211103
 0.000000 -7.211103 -6.403124
 0.000000 -9.848858 -9.055385
 0.000000 -10.630146 -9.848858
 0.000000 -3.000000 -2.236068
 0.000000 -6.324555 -5.656854
 0.000000 -6.324555 -5.656854
 0.000000 -5.656854 -5.000000
 0.000000 -8.602325 -8.000000
 0.000000 -11.180340 -10.630146
 0.000000 -7.810250 -7.280110
 0.000000 -5.830952 -5.385165
 0.000000 -9.433981 -9.000000
 0.000000 -10.295630 -9.899495
 0.000000 -10.440307 -10.049876
 0.000000 -5.385165 -5.000000
 0.000000 -6.708204 -6.324555
 0.000000 -6.708204 -6.324555
 0.000000 -14.764823 -14.422205
 0.000000 -7.615773 -7.280110
 0.000000 -10.770330 -10.440307
 0.000000 -6.324555 -6.000000
 0.000000 -6.708204 -6.403124
 0.000000 -5.385165 -5.099020
 0.000000 -7.280110 -7.000000
 0.000000 -8.062258 -7.810250
 0.000000 -8.246211 -8.000000
 0.000000 -6.324555 -6.082763
 0.000000 -6.324555 -6.082763
 0.000000 -6.324555 -6.082763
 0.000000 -6.324555 -6.082763
 0.000000 -9.219544 -9.000000
 0.000000 -9.433981 -9.219544
 0.000000 -12.369317 -12.165525
 0.000000 -10.198039 -10.000000
 0.000000 -8.000000 -7.810250
 0.000000 -5.830952 -5.656854
 0.000000 -5.830952 -5.656854
 0.000000 -6.000000 -5.830952
 0.000000 -9.219544 -9.055385
 0.000000 -9.219544 -9.055385
 0.000000 -10.198039 -10.049876
 0.000000 -10.198039 -10.049876
 0.000000 -10.440307 -10.295630
 0.000000 -10.770330 -10.630146
 0.000000 -7.211103 -7.071068
 0.000000 -4.123106 -4.000000
 0.000000 -14.317821 -14.212670
 0.000000 -10.000000 -9.899495
 0.000000 -10.000000 -9.899495
 0.000000 -5.099020 -5.000000
 0.000000 -6.082763 -6.000000
 0.000000 -6.082763 -6.000000
 0.000000 -7.071068 -7.000000
 0.000000 -7.280110 -7.211103
 0.000000 -8.062258 -8.000000
 0.000000 -8.062258 -8.000000
 0.000000 -8.062258 -8.000000
 0.000000 -8.062258 -8.000000
 0.000000 -9.055385 -9.000000
 0.000000 -9.055385 -9.000000
