 1.000000  2.236068 11.000000
 1.000000 -3.605551  5.000000
 1.000000  5.000000 13.152946
 1.000000  3.605551 11.180340
 1.000000 -4.123106  3.162278
 1.000000 -3.605551  3.162278
 1.000000 -2.236068  4.123106
 1.000000  6.708204 12.041595
 1.000000 -3.000000  2.236068
 1.000000  4.242641  9.433981
 1.000000  7.810250 13.000000
 1.000000  3.605551  8.544004
 1.000000  3.605551  8.544004
 1.000000 -3.605551  1.000000
 1.000000 -2.000000  2.236068
 1.000000  6.000000 10.049876
 1.000000  3.162278  7.071068
 1.000000 -1.000000  2.828427
 1.000000 -2.828427  1.000000
 1.000000 -1.000000  2.236068
 1.000000  7.810250 11.045361
 1.000000 -1.000000  2.000000
 1.000000  8.062258 11.000000
 1.000000  7.071068  9.848858
 1.000000  4.000000  6.708204
 1.000000  8.246211 10.816654
 1.000000  3.605551  6.082763
 1.000000 -1.414214  1.000000
 1.000000  2.000000  4.242641
 1.000000  5.000000  7.071068
 1.000000 -1.000000  1.000000
 1.000000  6.000000  7.810250
 1.000000  5.000000  6.708204
 1.000000  6.324555  8.000000
 1.000000  2.828427  4.472136
 1.000000  5.656854  7.071068
 1.000000  1.414214  2.828427
 1.000000  5.000000  6.324555
 1.000000  3.162278  4.472136
 1.000000  6.324555  7.615773
 1.000000 10.816654 12.000000
 1.000000  9.899495 11.045361
 1.000000  3.000000  4.000000
 1.000000  5.099020  6.000000
 1.000000  8.062258  8.944272
 1.000000  9.000000  9.848858
 1.000000  9.055385  9.899495
 1.000000  3.162278  4.000000
 1.000000  5.000000  5.830952
 1.000000  5.000000  5.830952
 1.000000  2.000000  2.828427
 1.000000  2.000000  2.828427
 1.000000  2.828427  3.605551
 1.000000  2.236068  3.000000
 1.000000  5.656854  6.403124
 1.000000  8.485281  9.219544
 1.000000  8.485281  9.219544
 1.000000  7.810250  8.544004
 1.000000  8.246211  8.944272
 1.000000  7.810250  8.485281
 1.000000  7.810250  8.485281
 1.000000  5.000000  5.656854
 1.000000  5.000000  5.656854
 1.000000  5.000000  5.656854
 1.000000  5.000000  5.656854
 1.000000  5.000000  5.656854
 1.000000  3.605551  4.242641
 1.000000  3.605551  4.242641
 1.000000  3.605551  4.242641
 1.000000  3.605551  4.242641
 1.000000  8.602325  9.219544
 1.000000  2.236068  2.828427
 1.000000  2.236068  2.828427
 1.000000  2.236068  2.828427
 1.000000  2.236068  2.828427
 1.000000  2.236068  2.828427
 1.000000  2.236068  2.828427
 1.000000  2.236068  2.828427
 1.000000  2.236068  2.828427
 1.000000  2.236068  2.828427
 1.000000  2.236068  2.828427
 1.000000  1.414214  2.000000
 1.000000  1.414214  2.000000
 1.000000 10.816654 11.401754
 1.000000  5.830952  6.403124
 1.000000  5.830952  6.403124
 1.000000  6.708204  7.280110
 1.000000  7.071068  7.615773
 1.000000  7.280110  7.810250
 1.000000  4.472136  5.000000
 1.000000  4.472136  5.000000
 1.000000  4.472136  5.000000
 1.000000  4.472136  5.000000
 1.000000  4.472136  5.000000
 1.000000  3.605551  4.123106
 1.000000  3.605551  4.123106
 1.000000  3.605551  4.123106
 1.000000  6.708204  7.211103
 1.000000  5.830952  6.324555
 1.000000  5.830952  6.324555
 1.000000  8.944272  9.433981
 1.000000  8.062258  8.544004
 1.000000  8.062258  8.544004
 1.000000  4.000000  4.472136
 1.000000  8.602325  9.055385
 1.000000  5.385165  5.830952
 1.000000  5.385165  5.830952
 1.000000  3.162278  3.605551
 1.000000  3.162278  3.605551
 1.000000  3.162278  3.605551
 1.000000  9.055385  9.486833
 1.000000  8.062258  8.485281
 1.000000  8.062258  8.485281
 1.000000  1.000000  1.414214
 1.000000  1.000000  1.414214
 1.000000  1.000000  1.414214
 1.000000  1.000000  1.414214
 1.000000  1.000000  1.414214
 1.000000 10.770330 11.180340
 1.000000  7.211103  7.615773
 1.000000  8.544004  8.944272
 1.000000  8.544004  8.944272
 1.000000  9.899495 10.295630
 1.000000  9.899495 10.295630
 1.000000  3.605551  4.000000
 1.000000  3.605551  4.000000
 1.000000  3.605551  4.000000
 1.000000  5.000000  5.385165
 1.000000  5.000000  5.385165
 1.000000  6.324555  6.708204
 1.000000 11.704700 12.083046
 1.000000  6.708204  7.071068
 1.000000  6.708204  7.071068
 1.000000  9.486833  9.848858
 1.000000  9.486833  9.848858
 1.000000 11.045361 11.401754
 1.000000  4.123106  4.472136
 1.000000  4.123106  4.472136
 1.000000  4.123106  4.472136
 1.000000  8.602325  8.944272
 1.000000  7.280110  7.615773
 1.000000  7.280110  7.615773
 1.000000  7.280110  7.615773
 1.000000  7.280110  7.615773
 1.000000  2.828427  3.162278
 1.000000  2.828427  3.162278
 1.000000  2.828427  3.162278
 1.000000  2.828427  3.162278
 1.000000  6.000000  6.324555
 1.000000  6.403124  6.708204
 1.000000  6.403124  6.708204
 1.000000  6.403124  6.708204
 1.000000  6.403124  6.708204
 1.000000  8.246211  8.544004
 1.000000  8.246211  8.544004
 1.000000  8.246211  8.544004
 1.000000 11.704700 12.000000
 1.000000  5.099020  5.385165
 1.000000  5.099020  5.385165
 1.000000  5.099020  5.385165
 1.000000  5.099020  5.385165
 1.000000  5.099020  5.385165
 1.000000  5.099020  5.385165
 1.000000  5.385165  5.656854
 1.000000  5.385165  5.656854
 1.000000  5.385165  5.656854
 1.000000  5.385165  5.656854
 1.000000 11.045361 11.313708
 1.000000 11.401754 11.661904
 1.000000  7.810250  8.062258
 1.000000  7.810250  8.062258
 1.000000  7.810250  8.062258
 1.000000  7.810250  8.062258
 1.000000  7.810250  8.062258
 1.000000  7.810250  8.062258
 1.000000  4.000000  4.242641
 1.000000 10.198039 10.440307
 1.000000 10.198039 10.440307
 1.000000  6.082763  6.324555
 1.000000  6.082763  6.324555
 1.000000  6.082763  6.324555
 1.000000  6.082763  6.324555
 1.000000  8.246211  8.485281
 1.000000  8.246211  8.485281
 1.000000  8.246211  8.485281
 1.000000  2.000000  2.236068
 1.000000  2.000000  2.236068
 1.000000  2.000000  2.236068
 1.000000  2.000000  2.236068
 1.000000  4.242641  4.472136
 1.000000  4.242641  4.472136
 1.000000  4.242641  4.472136
 1.000000  4.242641  4.472136
 1.000000  9.000000  9.219544
 1.000000  9.219544  9.433981
 1.000000  7.071068  7.280110
 1.000000  7.071068  7.280110
 1.000000  7.071068  7.280110
 1.000000 10.000000 10.198039
 1.000000  7.615773  7.810250
 1.000000  7.615773  7.810250
 1.000000 10.440307 10.630146
 1.000000 10.440307 10.630146
 1.000000 10.630146 10.816654
 1.000000  5.656854  5.830952
 1.000000  5.656854  5.830952
 1.000000  5.656854  5.830952
 1.000000  2.828427  3.000000
 1.000000  9.055385  9.219544
 1.000000  9.055385  9.219544
 1.000000  3.000000  3.162278
 1.000000  3.000000  3.162278
 1.000000  3.000000  3.162278
 1.000000  3.000000  3.162278
 1.000000  3.000000  3.162278
 1.000000  3.000000  3.162278
 1.000000  3.000000  3.162278
 1.000000  3.000000  3.162278
 1.000000  3.000000  3.162278
 1.000000  3.000000  3.162278
 1.000000 12.369317 12.529964
 1.000000 10.049876 10.198039
 1.000000  7.071068  7.211103
 1.000000  7.071068  7.211103
 1.000000  7.071068  7.211103
 1.000000  7.071068  7.211103
 1.000000  7.071068  7.211103
 1.000000  7.071068  7.211103
 1.000000 11.045361 11.180340
 1.000000 11.180340 11.313708
 1.000000  4.000000  4.123106
 1.000000  4.000000  4.123106
 1.000000  4.000000  4.123106
 1.000000  4.000000  4.123106
 1.000000  4.000000  4.123106
 1.000000  4.000000  4.123106
 1.000000  4.000000  4.123106
 1.000000  4.000000  4.123106
 1.000000  4.000000  4.123106
 1.000000  4.000000  4.123106
 1.000000  4.123106  4.242641
 1.000000  4.123106  4.242641
 1.000000  4.123106  4.242641
 1.000000  4.123106  4.242641
 1.000000  4.123106  4.242641
 1.000000  8.485281  8.602325
 1.000000  8.485281  8.602325
 1.000000  8.485281  8.602325
 1.000000  8.944272  9.055385
 1.000000  9.899495 10.000000
 1.000000  9.899495 10.000000
 1.000000  5.000000  5.099020
 1.000000  5.000000  5.099020
 1.000000  5.000000  5.099020
 1.000000  5.000000  5.099020
 1.000000  5.000000  5.099020
 1.000000  6.000000  6.082763
 1.000000  6.000000  6.082763
 1.000000  6.000000  6.082763
 1.000000  6.324555  6.403124
 1.000000  6.324555  6.403124
 1.000000  6.324555  6.403124
 1.000000  7.000000  7.071068
 1.000000  7.000000  7.071068
 1.000000  7.000000  7.071068
 1.000000  7.000000  7.071068
 1.000000  8.000000  8.062258
 1.000000  8.000000  8.062258
 1.000000  8.000000  8.062258
 1.000000  8.485281  8.544004
 1.000000  9.000000  9.055385
 1.000000  9.000000  9.055385
 1.000000  9.000000  9.055385
 1.000000  9.848858  9.899495
 0.000000 -18.110770       inf
 0.000000 -14.764823  3.000000
 0.000000 -15.652476  2.000000
 0.000000 -16.492423 -2.000000
 0.000000 -12.649111  1.000000
 0.000000 -9.055385  3.605551
 0.000000 -10.295630  2.000000
 0.000000 -11.000000  1.000000
 0.000000 -9.000000  2.828427
 0.000000 -4.000000  6.708204
 0.000000 -13.453624 -2.828427
 0.000000 -8.602325  2.000000
 0.000000 -7.615773  2.828427
 0.000000 -5.830952  3.605551
 0.000000 -14.142136 -5.000000
 0.000000 -12.000000 -3.000000
 0.000000 -5.385165  3.605551
 0.000000 -5.830952  3.000000
 0.000000 -5.385165  3.000000
 0.000000 -12.000000 -4.000000
 0.000000 -6.403124  1.000000
 0.000000 -5.385165  2.000000
 0.000000 -8.000000 -1.000000
 0.000000 -10.000000 -3.000000
 0.000000 -7.615773 -1.000000
 0.000000 -1.000000  4.242641
 0.000000 -2.236068  2.236068
 0.000000 -10.816654 -6.403124
 0.000000 -12.083046 -7.810250
 0.000000 -9.219544 -5.000000
 0.000000 -6.000000 -2.236068
 0.000000 -6.708204 -3.000000
 0.000000 -8.602325 -5.000000
 0.000000 -14.866069 -11.313708
 0.000000 -5.385165 -2.000000
 0.000000 -6.324555 -3.000000
 0.000000 -8.000000 -5.000000
 0.000000 -2.000000  1.000000
 0.000000 -8.000000 -5.000000
 0.000000 -12.000000 -9.219544
 0.000000 -8.944272 -6.324555
 0.000000 -7.071068 -4.472136
 0.000000 -9.848858 -7.280110
 0.000000 -7.071068 -5.000000
 0.000000 -8.062258 -6.000000
 0.000000 -14.142136 -12.083046
 0.000000 -1.000000  1.000000
 0.000000 -7.000000 -5.000000
 0.000000 -1.000000  1.000000
 0.000000 -4.000000 -2.000000
 0.000000 -6.000000 -4.123106
 0.000000 -5.830952 -4.123106
 0.000000 -10.295630 -8.602325
 0.000000 -8.000000 -6.324555
 0.000000 -6.403124 -5.099020
 0.000000 -6.403124 -5.385165
 0.000000 -6.082763 -5.099020
 0.000000 -13.928388 -13.000000
 0.000000 -7.000000 -6.082763
 0.000000 -5.830952 -5.000000
 0.000000 -10.770330 -10.000000
 0.000000 -6.324555 -5.656854
 0.000000 -7.615773 -7.000000
 0.000000 -11.045361 -10.440307
 0.000000 -11.000000 -10.440307
 0.000000 -11.180340 -10.630146
 0.000000 -10.440307 -9.899495
 0.000000 -9.433981 -8.944272
 0.000000 -9.433981 -8.944272
 0.000000 -5.830952 -5.385165
 0.000000 -12.083046 -11.661904
 0.000000 -6.403124 -6.000000
 0.000000 -6.403124 -6.000000
 0.000000 -5.385165 -5.000000
 0.000000 -5.385165 -5.000000
 0.000000 -8.000000 -7.615773
 0.000000 -10.770330 -10.440307
 0.000000 -10.770330 -10.440307
 0.000000 -6.708204 -6.403124
 0.000000 -8.544004 -8.246211
 0.000000 -12.369317 -12.083046
 0.000000 -5.385165 -5.099020
 0.000000 -8.062258 -7.810250
 0.000000 -6.324555 -6.082763
 0.000000 -9.219544 -9.000000
 0.000000 -9.219544 -9.000000
 0.000000 -9.433981 -9.219544
 0.000000 -7.211103 -7.000000
 0.000000 -7.810250 -7.615773
 0.000000 -8.000000 -7.810250
 0.000000 -5.830952 -5.656854
 0.000000 -12.369317 -12.206556
 0.000000 -3.162278 -3.000000
 0.000000 -3.162278 -3.000000
 0.000000 -3.162278 -3.000000
 0.000000 -16.552945 -16.401219
 0.000000 -10.770330 -10.630146
 0.000000 -10.000000 -9.899495
 0.000000 -5.099020 -5.000000
 0.000000 -5.099020 -5.000000
 0.000000 -6.082763 -6.000000
 0.000000 -6.082763 -6.000000
 0.000000 -7.071068 -7.000000
 0.000000 -7.071068 -7.000000
 0.000000 -7.071068 -7.000000
 0.000000 -8.062258 -8.000000
 0.000000 -8.062258 -8.000000
 0.000000 -9.000000 -8.944272
 0.000000 -9.055385 -9.000000
 0.000000 -10.049876 -10.000000
 0.000000 -10.049876 -10.000000
 0.000000 -11.045361 -11.000000
 0.000000 -12.041595 -12.000000
