 1.000000 -4.000000  5.000000
 1.000000  4.242641 12.529964
 1.000000  3.000000 10.049876
 1.000000  5.000000 11.313708
 1.000000  2.236068  8.544004
 1.000000 -2.000000  4.242641
 1.000000 -5.000000  1.000000
 1.000000  8.000000 13.892444
 1.000000 -2.828427  3.000000
 1.000000  1.414214  6.403124
 1.000000  5.000000  9.486833
 1.000000  2.236068  6.708204
 1.000000  3.162278  7.615773
 1.000000  7.000000 11.180340
 1.000000  2.828427  7.000000
 1.000000 -2.236068  1.414214
 1.000000  3.162278  6.708204
 1.000000  3.162278  6.708204
 1.000000  2.828427  6.324555
 1.000000  3.000000  6.324555
 1.000000 -1.000000  2.236068
 1.000000  4.123106  7.071068
 1.000000  4.123106  7.000000
 1.000000  7.211103  9.848858
 1.000000  1.414214  4.000000
 1.000000  4.123106  6.708204
 1.000000  2.000000  4.123106
 1.000000  4.242641  6.324555
 1.000000  7.211103  9.219544
 1.000000  2.236068  4.242641
 1.000000  3.000000  5.000000
 1.000000  4.472136  6.324555
 1.000000  8.062258  9.899495
 1.000000  1.000000  2.828427
 1.000000  3.605551  5.000000
 1.000000  3.605551  5.000000
 1.000000  4.472136  5.830952
 1.000000  5.000000  6.082763
 1.000000  9.219544 10.295630
 1.000000  4.000000  5.000000
 1.000000  2.000000  3.000000
 1.000000  1.000000  2.000000
 1.000000  4.000000  5.000000
 1.000000  2.000000  3.000000
 1.000000  6.000000  7.000000
 1.000000  1.000000  2.000000
 1.000000  1.414214  2.236068
 1.000000  4.242641  5.000000
 1.000000  5.656854  6.403124
 1.000000 12.083046 12.806248
 1.000000  5.385165  6.082763
 1.000000 10.630146 11.313708
 1.000000 10.630146 11.313708
 1.000000  6.403124  7.071068
 1.000000  5.000000  5.656854
 1.000000  5.000000  5.656854
 1.000000  3.605551  4.242641
 1.000000  3.605551  4.242641
 1.000000  3.605551  4.242641
 1.000000  3.605551  4.242641
 1.000000  5.385165  6.000000
 1.000000  7.211103  7.810250
 1.000000  2.236068  2.828427
 1.000000  2.236068  2.828427
 1.000000  2.236068  2.828427
 1.000000  2.236068  2.828427
 1.000000  2.236068  2.828427
 1.000000  2.236068  2.828427
 1.000000  2.236068  2.828427
 1.000000  2.236068  2.828427
 1.000000  2.236068  2.828427
 1.000000  2.236068  2.828427
 1.000000  1.414214  2.000000
 1.000000  1.414214  2.000000
 1.000000  1.414214  2.000000
 1.000000 10.198039 10.770330
 1.000000  6.708204  7.280110
 1.000000 13.038405 13.601471
 1.000000  8.062258  8.602325
 1.000000  4.472136  5.000000
 1.000000  4.472136  5.000000
 1.000000  4.472136  5.000000
 1.000000  4.472136  5.000000
 1.000000  4.472136  5.000000
 1.000000  4.472136  5.000000
 1.000000  4.472136  5.000000
 1.000000  4.472136  5.000000
 1.000000  4.472136  5.000000
 1.000000  4.472136  5.000000
 1.000000  4.472136  5.000000
 1.000000  4.472136  5.000000
 1.000000  4.472136  5.000000
 1.000000  4.472136  5.000000
 1.000000  4.472136  5.000000
 1.000000  4.472136  5.000000
 1.000000  3.605551  4.123106
 1.000000  3.605551  4.123106
 1.000000  6.708204  7.211103
 1.000000  5.830952  6.324555
 1.000000  5.830952  6.324555
 1.000000 11.180340 11.661904
 1.000000 10.295630 10.770330
 1.000000  9.433981  9.899495
 1.000000  9.433981  9.899495
 1.000000  5.385165  5.830952
 1.000000  3.162278  3.605551
 1.000000  3.162278  3.605551
 1.000000  3.162278  3.605551
 1.000000  3.162278  3.605551
 1.000000  3.162278  3.605551
 1.000000  3.162278  3.605551
 1.000000  3.162278  3.605551
 1.000000  3.162278  3.605551
 1.000000  3.162278  3.605551
 1.000000  3.162278  3.605551
 1.000000  3.162278  3.605551
 1.000000  3.162278  3.605551
 1.000000  1.000000  1.414214
 1.000000  1.000000  1.414214
 1.000000  1.000000  1.414214
 1.000000  7.211103  7.615773
 1.000000  3.605551  4.000000
 1.000000  5.000000  5.385165
 1.000000  5.000000  5.385165
 1.000000  5.000000  5.385165
 1.000000  5.000000  5.385165
 1.000000  5.000000  5.385165
 1.000000  5.000000  5.385165
 1.000000 11.704700 12.083046
 1.000000  9.486833  9.848858
 1.000000  9.486833  9.848858
 1.000000  4.123106  4.472136
 1.000000  4.123106  4.472136
 1.000000  4.123106  4.472136
 1.000000  7.280110  7.615773
 1.000000  2.828427  3.162278
 1.000000  2.828427  3.162278
 1.000000  2.828427  3.162278
 1.000000 12.206556 12.529964
 1.000000 12.206556 12.529964
 1.000000  6.403124  6.708204
 1.000000  6.403124  6.708204
 1.000000  6.403124  6.708204
 1.000000  6.403124  6.708204
 1.000000  6.403124  6.708204
 1.000000  6.403124  6.708204
 1.000000  8.246211  8.544004
 1.000000  8.246211  8.544004
 1.000000  8.246211  8.544004
 1.000000  8.246211  8.544004
 1.000000  5.099020  5.385165
 1.000000  5.099020  5.385165
 1.000000  5.099020  5.385165
 1.000000  5.385165  5.656854
 1.000000  5.385165  5.656854
 1.000000  5.385165  5.656854
 1.000000  5.385165  5.656854
 1.000000  5.385165  5.656854
 1.000000  7.810250  8.062258
 1.000000  7.810250  8.062258
 1.000000  5.830952  6.082763
 1.000000 10.198039 10.440307
 1.000000  6.082763  6.324555
 1.000000  6.082763  6.324555
 1.000000  6.082763  6.324555
 1.000000  6.082763  6.324555
 1.000000  2.000000  2.236068
 1.000000  2.000000  2.236068
 1.000000  2.000000  2.236068
 1.000000  2.000000  2.236068
 1.000000  2.000000  2.236068
 1.000000  2.000000  2.236068
 1.000000  2.000000  2.236068
 1.000000  2.000000  2.236068
 1.000000  2.000000  2.236068
 1.000000  2.000000  2.236068
 1.000000  2.000000  2.236068
 1.000000  2.000000  2.236068
 1.000000  2.000000  2.236068
 1.000000  2.000000  2.236068
 1.000000  2.000000  2.236068
 1.000000  2.000000  2.236068
 1.000000  2.000000  2.236068
 1.000000  4.242641  4.472136
 1.000000  4.242641  4.472136
 1.000000  4.242641  4.472136
 1.000000  4.242641  4.472136
 1.000000 10.816654 11.045361
 1.000000 10.816654 11.045361
 1.000000  7.071068  7.280110
 1.000000  7.071068  7.280110
 1.000000 12.165525 12.369317
 1.000000  9.848858 10.049876
 1.000000 10.000000 10.198039
 1.000000 10.000000 10.198039
 1.000000  7.615773  7.810250
 1.000000  7.615773  7.810250
 1.000000  7.615773  7.810250
 1.000000 13.152946 13.341664
 1.000000 13.152946 13.341664
 1.000000  8.062258  8.246211
 1.000000  8.062258  8.246211
 1.000000  5.656854  5.830952
 1.000000  2.828427  3.000000
 1.000000  2.828427  3.000000
 1.000000  5.830952  6.000000
 1.000000  9.055385  9.219544
 1.000000  9.055385  9.219544
 1.000000  3.000000  3.162278
 1.000000  3.000000  3.162278
 1.000000  3.000000  3.162278
 1.000000  3.000000  3.162278
 1.000000  3.000000  3.162278
 1.000000  3.000000  3.162278
 1.000000  3.000000  3.162278
 1.000000  3.000000  3.162278
 1.000000  3.000000  3.162278
 1.000000  3.000000  3.162278
 1.000000  3.000000  3.162278
 1.000000 12.649111 12.806248
 1.000000  9.848858 10.000000
 1.000000 10.049876 10.198039
 1.000000  7.071068  7.211103
 1.000000  7.071068  7.211103
 1.000000  4.000000  4.123106
 1.000000  4.000000  4.123106
 1.000000  4.000000  4.123106
 1.000000  4.123106  4.242641
 1.000000  4.123106  4.242641
 1.000000  4.123106  4.242641
 1.000000  4.123106  4.242641
 1.000000  4.123106  4.242641
 1.000000  5.000000  5.099020
 1.000000  5.000000  5.099020
 1.000000  5.000000  5.099020
 1.000000  5.000000  5.099020
 1.000000  5.000000  5.099020
 1.000000  5.000000  5.099020
 1.000000  5.000000  5.099020
 1.000000  5.000000  5.099020
 1.000000  5.000000  5.099020
 1.000000  5.000000  5.099020
 1.000000  5.000000  5.099020
 1.000000  6.000000  6.082763
 1.000000  6.000000  6.082763
 1.000000  6.000000  6.082763
 1.000000  6.000000  6.082763
 1.000000  6.000000  6.082763
 1.000000  6.000000  6.082763
 1.000000  6.000000  6.082763
 1.000000  6.324555  6.403124
 1.000000  6.324555  6.403124
 1.000000  8.000000  8.062258
 1.000000  8.485281  8.544004
 1.000000  8.485281  8.544004
 1.000000  9.433981  9.486833
 1.000000  9.848858  9.899495
 1.000000  9.848858  9.899495
 0.000000 -18.110770       inf
 0.000000 -17.000000  1.414214
 0.000000 -15.620499  1.000000
 0.000000 -14.142136 -1.414214
 0.000000 -10.440307  1.414214
 0.000000 -9.219544  2.000000
 0.000000 -7.810250  3.000000
 0.000000 -7.615773  3.162278
 0.000000 -9.000000  1.414214
 0.000000 -8.944272  1.000000
 0.000000 -11.000000 -2.236068
 0.000000 -11.180340 -2.828427
 0.000000 -5.830952  1.000000
 0.000000 -11.180340 -4.472136
 0.000000 -8.000000 -1.414214
 0.000000 -12.206556 -5.656854
 0.000000 -4.472136  2.000000
 0.000000 -12.529964 -6.403124
 0.000000 -10.000000 -4.000000
 0.000000 -10.000000 -4.000000
 0.000000 -10.770330 -5.099020
 0.000000 -14.000000 -8.485281
 0.000000 -9.000000 -3.605551
 0.000000 -10.770330 -6.082763
 0.000000 -6.000000 -1.414214
 0.000000 -10.630146 -6.708204
 0.000000 -8.944272 -5.099020
 0.000000 -9.899495 -6.324555
 0.000000 -1.000000  2.236068
 0.000000 -9.055385 -5.830952
 0.000000 -9.055385 -5.830952
 0.000000 -10.816654 -7.615773
 0.000000 -13.000000 -9.848858
 0.000000 -7.071068 -4.000000
 0.000000 -10.198039 -7.211103
 0.000000 -9.219544 -6.324555
 0.000000 -6.000000 -3.162278
 0.000000 -8.062258 -5.656854
 0.000000 -5.385165 -3.000000
 0.000000 -10.000000 -7.615773
 0.000000 -10.770330 -8.602325
 0.000000 -8.485281 -6.324555
 0.000000 -7.071068 -5.000000
 0.000000 -8.944272 -7.000000
 0.000000 -6.324555 -4.472136
 0.000000 -8.944272 -7.280110
 0.000000 -7.000000 -5.385165
 0.000000 -5.830952 -4.242641
 0.000000 -7.000000 -5.656854
 0.000000 -7.280110 -6.000000
 0.000000 -7.211103 -6.000000
 0.000000 -10.198039 -9.000000
 0.000000 -10.198039 -9.000000
 0.000000 -11.045361 -10.000000
 0.000000 -11.661904 -10.630146
 0.000000 -9.486833 -8.485281
 0.000000 -7.000000 -6.000000
 0.000000 -11.401754 -10.440307
 0.000000 -7.071068 -6.324555
 0.000000 -7.071068 -6.324555
 0.000000 -6.708204 -6.000000
 0.000000 -8.944272 -8.246211
 0.000000 -7.000000 -6.324555
 0.000000 -13.038405 -12.369317
 0.000000 -6.324555 -5.656854
 0.000000 -10.049876 -9.433981
 0.000000 -7.615773 -7.000000
 0.000000 -6.324555 -5.830952
 0.000000 -9.433981 -8.944272
 0.000000 -9.433981 -8.944272
 0.000000 -10.770330 -10.295630
 0.000000 -8.062258 -7.615773
 0.000000 -10.295630 -9.899495
 0.000000 -5.385165 -5.000000
 0.000000 -6.708204 -6.324555
 0.000000 -7.071068 -6.708204
 0.000000 -9.848858 -9.486833
 0.000000 -9.848858 -9.486833
 0.000000 -9.848858 -9.486833
 0.000000 -10.770330 -10.440307
 0.000000 -10.770330 -10.440307
 0.000000 -6.708204 -6.403124
 0.000000 -6.708204 -6.403124
 0.000000 -6.708204 -6.403124
 0.000000 -6.708204 -6.403124
 0.000000 -10.295630 -10.000000
 0.000000 -7.000000 -6.708204
 0.000000 -5.385165 -5.099020
 0.000000 -8.062258 -7.810250
 0.000000 -4.472136 -4.242641
 0.000000 -9.433981 -9.219544
 0.000000 -9.433981 -9.219544
 0.000000 -7.810250 -7.615773
 0.000000 -10.816654 -10.630146
 0.000000 -8.246211 -8.062258
 0.000000 -11.000000 -10.816654
 0.000000 -5.830952 -5.656854
 0.000000 -9.219544 -9.055385
 0.000000 -9.219544 -9.055385
 0.000000 -10.198039 -10.049876
 0.000000 -10.198039 -10.049876
 0.000000 -10.770330 -10.630146
 0.000000 -7.211103 -7.071068
 0.000000 -7.211103 -7.071068
 0.000000 -7.211103 -7.071068
 0.000000 -11.180340 -11.045361
 0.000000 -4.123106 -4.000000
 0.000000 -4.123106 -4.000000
 0.000000 -4.123106 -4.000000
 0.000000 -12.649111 -12.529964
 0.000000 -8.602325 -8.485281
 0.000000 -9.055385 -8.944272
 0.000000 -10.000000 -9.899495
 0.000000 -5.099020 -5.000000
 0.000000 -5.099020 -5.000000
 0.000000 -5.099020 -5.000000
 0.000000 -11.401754 -11.313708
 0.000000 -6.082763 -6.000000
 0.000000 -7.071068 -7.000000
 0.000000 -7.071068 -7.000000
 0.000000 -8.062258 -8.000000
 0.000000 -10.049876 -10.000000
 0.000000 -10.816654 -10.770330
 0.000000 -11.045361 -11.000000
 0.000000 -11.045361 -11.000000
 0.000000 -13.038405 -13.000000
 0.000000 -18.027756 -18.000000
