 1.000000 -2.000000  8.544004
 1.000000  3.605551 13.601471
 1.000000  2.236068 11.661904
 1.000000  4.000000 12.369317
 1.000000  4.242641 12.369317
 1.000000  4.472136 12.165525
 1.000000  6.000000 12.041595
 1.000000 -4.000000  2.000000
 1.000000  6.082763 12.000000
 1.000000  7.211103 12.041595
 1.000000  5.000000  9.219544
 1.000000  4.472136  8.602325
 1.000000  4.242641  8.000000
 1.000000  4.123106  7.810250
 1.000000  5.656854  9.000000
 1.000000  8.944272 12.000000
 1.000000  5.385165  8.246211
 1.000000  1.414214  4.242641
 1.000000  3.605551  6.403124
 1.000000  2.000000  4.242641
 1.000000  5.099020  7.211103
 1.000000  4.242641  6.324555
 1.000000 -1.000000  1.000000
 1.000000 -1.000000  1.000000
 1.000000  1.414214  3.162278
 1.000000  5.000000  6.708204
 1.000000  5.000000  6.708204
 1.000000  6.324555  8.000000
 1.000000  5.000000  6.403124
 1.000000  5.000000  6.403124
 1.000000  3.605551  5.000000
 1.000000  6.708204  8.062258
 1.000000  5.830952  7.071068
 1.000000  4.000000  5.000000
 1.000000  4.000000  5.000000
 1.000000  4.472136  5.385165
 1.000000  5.099020  6.000000
 1.000000  4.123106  5.000000
 1.000000 11.180340 12.041595
 1.000000  2.828427  3.605551
 1.000000  2.236068  3.000000
 1.000000  4.242641  5.000000
 1.000000  4.242641  5.000000
 1.000000  6.324555  7.071068
 1.000000  6.000000  6.708204
 1.000000  8.544004  9.219544
 1.000000  6.324555  7.000000
 1.000000  6.403124  7.071068
 1.000000  9.219544  9.848858
 1.000000  2.236068  2.828427
 1.000000  2.236068  2.828427
 1.000000  4.472136  5.000000
 1.000000  4.472136  5.000000
 1.000000  4.472136  5.000000
 1.000000  4.472136  5.000000
 1.000000  4.472136  5.000000
 1.000000  4.472136  5.000000
 1.000000  4.472136  5.000000
 1.000000  4.472136  5.000000
 1.000000  3.605551  4.123106
 1.000000  3.605551  4.123106
 1.000000  6.708204  7.211103
 1.000000  6.708204  7.211103
 1.000000  6.708204  7.211103
 1.000000  5.830952  6.324555
 1.000000  5.830952  6.324555
 1.000000  5.830952  6.324555
 1.000000  5.830952  6.324555
 1.000000  5.830952  6.324555
 1.000000  9.000000  9.486833
 1.000000  8.062258  8.544004
 1.000000  8.062258  8.544004
 1.000000  9.433981  9.899495
 1.000000  5.385165  5.830952
 1.000000  3.162278  3.605551
 1.000000  3.162278  3.605551
 1.000000  3.162278  3.605551
 1.000000  3.162278  3.605551
 1.000000  3.162278  3.605551
 1.000000  3.162278  3.605551
 1.000000  3.162278  3.605551
 1.000000  3.162278  3.605551
 1.000000  3.162278  3.605551
 1.000000  8.062258  8.485281
 1.000000  8.062258  8.485281
 1.000000  8.062258  8.485281
 1.000000  7.211103  7.615773
 1.000000  8.544004  8.944272
 1.000000  8.544004  8.944272
 1.000000  8.544004  8.944272
 1.000000  8.544004  8.944272
 1.000000  3.605551  4.000000
 1.000000  3.605551  4.000000
 1.000000  3.605551  4.000000
 1.000000  3.605551  4.000000
 1.000000  5.000000  5.385165
 1.000000  6.324555  6.708204
 1.000000  6.324555  6.708204
 1.000000  6.324555  6.708204
 1.000000  6.324555  6.708204
 1.000000  6.324555  6.708204
 1.000000  6.708204  7.071068
 1.000000  6.708204  7.071068
 1.000000  4.123106  4.472136
 1.000000  4.123106  4.472136
 1.000000  4.123106  4.472136
 1.000000  4.123106  4.472136
 1.000000  5.656854  6.000000
 1.000000  8.602325  8.944272
 1.000000  7.280110  7.615773
 1.000000  7.280110  7.615773
 1.000000  7.280110  7.615773
 1.000000 10.440307 10.770330
 1.000000  6.403124  6.708204
 1.000000  6.403124  6.708204
 1.000000  6.403124  6.708204
 1.000000  6.403124  6.708204
 1.000000  6.403124  6.708204
 1.000000 11.401754 11.704700
 1.000000 11.401754 11.704700
 1.000000 10.000000 10.295630
 1.000000  6.708204  7.000000
 1.000000  6.708204  7.000000
 1.000000  5.099020  5.385165
 1.000000  5.099020  5.385165
 1.000000  5.099020  5.385165
 1.000000  5.099020  5.385165
 1.000000  5.099020  5.385165
 1.000000  5.099020  5.385165
 1.000000  5.099020  5.385165
 1.000000  5.099020  5.385165
 1.000000  5.099020  5.385165
 1.000000  7.000000  7.280110
 1.000000  7.000000  7.280110
 1.000000  5.385165  5.656854
 1.000000  9.219544  9.486833
 1.000000  9.219544  9.486833
 1.000000  7.810250  8.062258
 1.000000  8.000000  8.246211
 1.000000  6.082763  6.324555
 1.000000  6.082763  6.324555
 1.000000  6.082763  6.324555
 1.000000  6.082763  6.324555
 1.000000  6.082763  6.324555
 1.000000  2.000000  2.236068
 1.000000  2.000000  2.236068
 1.000000  2.000000  2.236068
 1.000000  2.000000  2.236068
 1.000000  2.000000  2.236068
 1.000000  9.219544  9.433981
 1.000000  7.000000  7.211103
 1.000000  7.000000  7.211103
 1.000000 12.165525 12.369317
 1.000000  7.615773  7.810250
 1.000000  7.615773  7.810250
 1.000000  7.615773  7.810250
 1.000000 10.440307 10.630146
 1.000000  7.810250  8.000000
 1.000000  8.062258  8.246211
 1.000000  8.062258  8.246211
 1.000000  5.656854  5.830952
 1.000000  5.656854  5.830952
 1.000000  5.656854  5.830952
 1.000000  5.656854  5.830952
 1.000000  5.656854  5.830952
 1.000000  5.656854  5.830952
 1.000000  5.656854  5.830952
 1.000000  5.656854  5.830952
 1.000000  2.828427  3.000000
 1.000000  2.828427  3.000000
 1.000000  2.828427  3.000000
 1.000000  5.830952  6.000000
 1.000000  5.830952  6.000000
 1.000000  9.055385  9.219544
 1.000000  3.000000  3.162278
 1.000000 10.049876 10.198039
 1.000000  7.071068  7.211103
 1.000000  7.071068  7.211103
 1.000000 11.045361 11.180340
 1.000000  4.000000  4.123106
 1.000000  4.000000  4.123106
 1.000000  4.000000  4.123106
 1.000000  4.000000  4.123106
 1.000000  4.000000  4.123106
 1.000000  4.000000  4.123106
 1.000000  4.000000  4.123106
 1.000000  4.000000  4.123106
 1.000000  4.123106  4.242641
 1.000000  4.123106  4.242641
 1.000000  4.123106  4.242641
 1.000000  4.123106  4.242641
 1.000000  8.485281  8.602325
 1.000000  8.485281  8.602325
 1.000000  9.899495 10.000000
 1.000000  5.000000  5.099020
 1.000000  5.000000  5.099020
 1.000000  5.000000  5.099020
 1.000000  5.000000  5.099020
 1.000000  5.000000  5.099020
 1.000000  5.000000  5.099020
 1.000000  5.000000  5.099020
 1.000000  6.000000  6.082763
 1.000000  6.324555  6.403124
 1.000000  6.324555  6.403124
 1.000000  6.324555  6.403124
 1.000000  6.324555  6.403124
 1.000000  7.000000  7.071068
 1.000000  7.000000  7.071068
 1.000000  7.000000  7.071068
 1.000000  7.000000  7.071068
 1.000000  7.000000  7.071068
 1.000000  7.000000  7.071068
 1.000000  7.000000  7.071068
 1.000000  7.211103  7.280110
 1.000000  8.000000  8.062258
 1.000000  8.000000  8.062258
 1.000000  8.000000  8.062258
 1.000000  8.000000  8.062258
 1.000000  9.000000  9.055385
 1.000000  9.848858  9.899495
 1.000000 10.000000 10.049876
 1.000000 11.000000 11.045361
 1.000000 11.000000 11.045361
 1.000000 13.000000 13.038405
 0.000000 -17.464249       inf
 0.000000 -15.297059  3.162278
 0.000000 -15.556349  1.000000
 0.000000 -15.811388 -2.236068
 0.000000 -10.000000  3.162278
 0.000000 -10.000000  2.828427
 0.000000 -11.401754  1.000000
 0.000000 -8.544004  2.236068
 0.000000 -6.000000  3.605551
 0.000000 -15.556349 -6.708204
 0.000000 -6.708204  2.000000
 0.000000 -13.341664 -5.000000
 0.000000 -8.944272 -1.000000
 0.000000 -13.892444 -6.082763
 0.000000 -10.000000 -2.236068
 0.000000 -6.324555  1.000000
 0.000000 -9.000000 -2.828427
 0.000000 -8.944272 -3.000000
 0.000000 -15.620499 -9.899495
 0.000000 -4.000000  1.414214
 0.000000 -9.000000 -3.605551
 0.000000 -7.211103 -2.236068
 0.000000 -10.630146 -5.830952
 0.000000 -13.038405 -8.602325
 0.000000 -11.000000 -6.708204
 0.000000 -1.414214  2.828427
 0.000000 -8.602325 -5.000000
 0.000000 -9.219544 -5.656854
 0.000000 -9.848858 -6.708204
 0.000000 -5.000000 -2.000000
 0.000000 -9.219544 -6.403124
 0.000000 -7.810250 -5.000000
 0.000000 -6.324555 -3.605551
 0.000000 -11.704700 -9.055385
 0.000000 -8.944272 -6.324555
 0.000000 -8.000000 -5.656854
 0.000000 -14.317821 -12.083046
 0.000000 -5.830952 -3.605551
 0.000000 -8.246211 -6.708204
 0.000000 -5.099020 -3.605551
 0.000000 -14.422205 -13.038405
 0.000000 -9.899495 -8.544004
 0.000000 -10.295630 -9.000000
 0.000000 -8.246211 -7.071068
 0.000000 -5.385165 -4.242641
 0.000000 -11.000000 -9.899495
 0.000000 -11.661904 -10.630146
 0.000000 -2.000000 -1.000000
 0.000000 -13.000000 -12.083046
 0.000000 -9.848858 -9.000000
 0.000000 -8.000000 -7.211103
 0.000000 -6.324555 -5.656854
 0.000000 -6.324555 -5.656854
 0.000000 -7.000000 -6.403124
 0.000000 -10.816654 -10.295630
 0.000000 -6.324555 -5.830952
 0.000000 -8.544004 -8.062258
 0.000000 -8.062258 -7.615773
 0.000000 -7.071068 -6.708204
 0.000000 -9.848858 -9.486833
 0.000000 -9.848858 -9.486833
 0.000000 -8.944272 -8.602325
 0.000000 -7.615773 -7.280110
 0.000000 -12.369317 -12.083046
 0.000000 -15.264338 -15.000000
 0.000000 -6.324555 -6.082763
 0.000000 -6.324555 -6.082763
 0.000000 -6.324555 -6.082763
 0.000000 -15.231546 -15.000000
 0.000000 -9.433981 -9.219544
 0.000000 -9.433981 -9.219544
 0.000000 -12.369317 -12.165525
 0.000000 -5.830952 -5.656854
 0.000000 -9.219544 -9.055385
 0.000000 -12.369317 -12.206556
 0.000000 -12.369317 -12.206556
 0.000000 -10.440307 -10.295630
 0.000000 -7.211103 -7.071068
 0.000000 -11.180340 -11.045361
 0.000000 -12.206556 -12.083046
 0.000000 -4.123106 -4.000000
 0.000000 -12.649111 -12.529964
 0.000000 -10.000000 -9.899495
 0.000000 -5.099020 -5.000000
 0.000000 -6.082763 -6.000000
 0.000000 -13.416408 -13.341664
 0.000000 -7.071068 -7.000000
 0.000000 -7.071068 -7.000000
 0.000000 -7.071068 -7.000000
 0.000000 -7.071068 -7.000000
 0.000000 -7.280110 -7.211103
 0.000000 -7.280110 -7.211103
 0.000000 -7.280110 -7.211103
 0.000000 -8.062258 -8.000000
 0.000000 -8.544004 -8.485281
 0.000000 -8.544004 -8.485281
 0.000000 -8.544004 -8.485281
 0.000000 -8.602325 -8.544004
 0.000000 -9.486833 -9.433981
 0.000000 -9.486833 -9.433981
 0.000000 -10.049876 -10.000000
