 1.000000 -2.828427 14.035669
 1.000000 -3.605551  9.899495
 1.000000 -6.324555  6.708204
 1.000000  4.123106 14.000000
 1.000000 -4.000000  5.000000
 1.000000 -2.000000  6.000000
 1.000000 -5.000000  3.000000
 1.000000  4.242641 11.045361
 1.000000  4.000000 10.770330
 1.000000 -2.828427  3.605551
 1.000000  2.000000  7.810250
 1.000000  2.828427  8.485281
 1.000000 -4.123106  1.000000
 1.000000  3.000000  7.211103
 1.000000  3.000000  6.708204
 1.000000  1.000000  4.242641
 1.000000  3.162278  6.324555
 1.000000 10.770330 13.928388
 1.000000  3.000000  5.656854
 1.000000 11.000000 13.416408
 1.000000 -1.414214  1.000000
 1.000000  3.000000  5.000000
 1.000000  3.000000  5.000000
 1.000000  5.000000  7.000000
 1.000000  4.123106  6.082763
 1.000000  6.708204  8.602325
 1.000000  2.236068  4.123106
 1.000000  1.000000  2.828427
 1.000000  6.000000  7.615773
 1.000000  4.472136  6.000000
 1.000000  4.000000  5.385165
 1.000000  5.830952  7.211103
 1.000000  6.708204  8.062258
 1.000000 10.000000 11.180340
 1.000000  3.000000  4.123106
 1.000000  4.000000  5.000000
 1.000000  1.000000  2.000000
 1.000000  3.000000  4.000000
 1.000000  5.099020  6.000000
 1.000000  4.123106  5.000000
 1.000000  4.123106  5.000000
 1.000000  5.000000  5.830952
 1.000000  7.810250  8.602325
 1.000000  8.485281  9.219544
 1.000000  9.219544  9.899495
 1.000000  9.219544  9.899495
 1.000000  7.810250  8.485281
 1.000000  7.810250  8.485281
 1.000000  5.656854  6.324555
 1.000000  5.000000  5.656854
 1.000000  5.000000  5.656854
 1.000000  5.000000  5.656854
 1.000000  3.605551  4.242641
 1.000000  3.605551  4.242641
 1.000000  3.605551  4.242641
 1.000000  3.605551  4.242641
 1.000000  3.605551  4.242641
 1.000000  6.082763  6.708204
 1.000000  3.000000  3.605551
 1.000000  7.211103  7.810250
 1.000000  7.211103  7.810250
 1.000000  7.211103  7.810250
 1.000000  2.236068  2.828427
 1.000000  2.236068  2.828427
 1.000000  2.236068  2.828427
 1.000000  1.414214  2.000000
 1.000000  1.414214  2.000000
 1.000000  5.830952  6.403124
 1.000000  8.062258  8.602325
 1.000000  4.472136  5.000000
 1.000000  4.472136  5.000000
 1.000000  4.472136  5.000000
 1.000000  4.472136  5.000000
 1.000000  3.605551  4.123106
 1.000000  3.605551  4.123106
 1.000000  3.605551  4.123106
 1.000000  3.605551  4.123106
 1.000000  6.708204  7.211103
 1.000000  6.708204  7.211103
 1.000000  6.708204  7.211103
 1.000000  6.708204  7.211103
 1.000000  5.830952  6.324555
 1.000000  5.830952  6.324555
 1.000000  5.830952  6.324555
 1.000000  5.830952  6.324555
 1.000000  8.944272  9.433981
 1.000000 11.180340 11.661904
 1.000000  9.433981  9.899495
 1.000000 13.152946 13.601471
 1.000000  7.615773  8.062258
 1.000000  7.615773  8.062258
 1.000000  7.615773  8.062258
 1.000000  5.385165  5.830952
 1.000000  5.385165  5.830952
 1.000000  3.162278  3.605551
 1.000000  3.162278  3.605551
 1.000000  3.162278  3.605551
 1.000000  3.162278  3.605551
 1.000000  3.162278  3.605551
 1.000000  3.162278  3.605551
 1.000000  3.162278  3.605551
 1.000000  3.162278  3.605551
 1.000000  8.062258  8.485281
 1.000000 13.000000 13.416408
 1.000000  9.433981  9.848858
 1.000000  9.433981  9.848858
 1.000000  1.000000  1.414214
 1.000000  8.544004  8.944272
 1.000000  8.544004  8.944272
 1.000000  9.899495 10.295630
 1.000000  3.605551  4.000000
 1.000000  3.605551  4.000000
 1.000000  3.605551  4.000000
 1.000000  5.000000  5.385165
 1.000000  5.000000  5.385165
 1.000000  6.324555  6.708204
 1.000000 13.038405 13.416408
 1.000000  9.848858 10.198039
 1.000000  4.123106  4.472136
 1.000000  4.123106  4.472136
 1.000000  4.123106  4.472136
 1.000000  4.123106  4.472136
 1.000000  7.280110  7.615773
 1.000000  7.280110  7.615773
 1.000000  7.280110  7.615773
 1.000000  2.828427  3.162278
 1.000000  2.828427  3.162278
 1.000000  2.828427  3.162278
 1.000000  2.828427  3.162278
 1.000000  2.828427  3.162278
 1.000000  6.000000  6.324555
 1.000000  6.403124  6.708204
 1.000000  8.246211  8.544004
 1.000000  8.246211  8.544004
 1.000000  6.708204  7.000000
 1.000000  5.099020  5.385165
 1.000000  5.099020  5.385165
 1.000000  5.099020  5.385165
 1.000000  5.385165  5.656854
 1.000000  5.385165  5.656854
 1.000000  9.219544  9.486833
 1.000000 11.401754 11.661904
 1.000000  7.810250  8.062258
 1.000000  7.810250  8.062258
 1.000000  7.810250  8.062258
 1.000000  5.830952  6.082763
 1.000000  6.082763  6.324555
 1.000000  6.082763  6.324555
 1.000000  6.082763  6.324555
 1.000000  6.082763  6.324555
 1.000000  6.082763  6.324555
 1.000000  2.000000  2.236068
 1.000000  2.000000  2.236068
 1.000000  2.000000  2.236068
 1.000000  4.242641  4.472136
 1.000000  4.242641  4.472136
 1.000000  4.242641  4.472136
 1.000000  4.242641  4.472136
 1.000000  7.071068  7.280110
 1.000000  7.071068  7.280110
 1.000000  7.071068  7.280110
 1.000000  7.615773  7.810250
 1.000000  7.615773  7.810250
 1.000000 10.440307 10.630146
 1.000000  5.656854  5.830952
 1.000000  5.656854  5.830952
 1.000000  5.656854  5.830952
 1.000000  5.656854  5.830952
 1.000000  2.828427  3.000000
 1.000000  2.828427  3.000000
 1.000000  5.830952  6.000000
 1.000000  9.055385  9.219544
 1.000000  3.000000  3.162278
 1.000000  3.000000  3.162278
 1.000000  3.000000  3.162278
 1.000000  3.000000  3.162278
 1.000000  3.000000  3.162278
 1.000000 12.649111 12.806248
 1.000000  9.848858 10.000000
 1.000000 10.630146 10.770330
 1.000000  7.071068  7.211103
 1.000000  7.071068  7.211103
 1.000000  7.071068  7.211103
 1.000000  7.071068  7.211103
 1.000000  7.071068  7.211103
 1.000000 11.045361 11.180340
 1.000000 11.045361 11.180340
 1.000000  4.000000  4.123106
 1.000000  4.000000  4.123106
 1.000000  4.000000  4.123106
 1.000000  4.000000  4.123106
 1.000000  4.000000  4.123106
 1.000000  4.000000  4.123106
 1.000000  4.000000  4.123106
 1.000000  4.000000  4.123106
 1.000000  4.000000  4.123106
 1.000000  4.000000  4.123106
 1.000000  4.000000  4.123106
 1.000000  4.123106  4.242641
 1.000000  4.123106  4.242641
 1.000000  8.485281  8.602325
 1.000000  5.000000  5.099020
 1.000000  5.000000  5.099020
 1.000000  5.000000  5.099020
 1.000000  5.000000  5.099020
 1.000000  6.000000  6.082763
 1.000000  6.324555  6.403124
 1.000000  6.324555  6.403124
 1.000000  6.324555  6.403124
 1.000000  6.324555  6.403124
 1.000000  6.324555  6.403124
 1.000000  7.000000  7.071068
 1.000000  7.000000  7.071068
 1.000000  7.000000  7.071068
 1.000000  7.000000  7.071068
 1.000000  7.211103  7.280110
 1.000000  7.211103  7.280110
 1.000000  8.000000  8.062258
 1.000000  9.848858  9.899495
 1.000000 10.000000 10.049876
 1.000000 10.000000 10.049876
 1.000000 10.000000 10.049876
 1.000000 10.000000 10.049876
 1.000000 11.000000 11.045361
 1.000000 13.416408 13.453624
 0.000000 -16.763055       inf
 0.000000 -12.041595  3.605551
 0.000000 -12.529964  2.000000
 0.000000 -8.602325  5.830952
 0.000000 -4.242641  9.433981
 0.000000 -14.866069 -2.000000
 0.000000 -15.000000 -2.236068
 0.000000 -5.000000  5.830952
 0.000000 -15.231546 -4.472136
 0.000000 -13.453624 -3.000000
 0.000000 -4.000000  5.385165
 0.000000 -15.000000 -6.708204
 0.000000 -6.708204  1.414214
 0.000000 -7.000000  1.000000
 0.000000 -14.142136 -6.324555
 0.000000 -12.041595 -4.242641
 0.000000 -12.649111 -5.000000
 0.000000 -9.848858 -3.000000
 0.000000 -12.165525 -5.656854
 0.000000 -10.295630 -5.000000
 0.000000 -9.219544 -4.242641
 0.000000 -11.661904 -6.708204
 0.000000 -8.944272 -4.000000
 0.000000 -2.000000  2.828427
 0.000000 -9.055385 -5.000000
 0.000000 -1.000000  3.000000
 0.000000 -10.630146 -6.708204
 0.000000 -9.848858 -6.000000
 0.000000 -9.848858 -6.708204
 0.000000 -10.295630 -7.211103
 0.000000 -9.899495 -7.071068
 0.000000 -9.848858 -7.071068
 0.000000 -9.000000 -6.403124
 0.000000 -6.708204 -4.123106
 0.000000 -9.219544 -7.071068
 0.000000 -5.656854 -3.605551
 0.000000 -7.000000 -5.000000
 0.000000 -8.246211 -6.324555
 0.000000 -6.000000 -4.242641
 0.000000 -6.708204 -5.000000
 0.000000 -9.433981 -7.810250
 0.000000 -8.602325 -7.000000
 0.000000 -6.000000 -4.472136
 0.000000 -9.486833 -8.000000
 0.000000 -7.810250 -6.324555
 0.000000 -5.656854 -4.242641
 0.000000 -11.401754 -10.049876
 0.000000 -8.000000 -6.708204
 0.000000 -7.280110 -6.000000
 0.000000 -7.211103 -6.000000
 0.000000 -8.062258 -7.000000
 0.000000 -11.045361 -10.000000
 0.000000 -11.661904 -10.630146
 0.000000 -6.403124 -5.385165
 0.000000 -8.062258 -7.071068
 0.000000 -12.369317 -11.401754
 0.000000 -5.385165 -4.472136
 0.000000 -12.000000 -11.180340
 0.000000 -16.763055 -16.124515
 0.000000 -7.000000 -6.403124
 0.000000 -10.049876 -9.486833
 0.000000 -7.615773 -7.071068
 0.000000 -8.602325 -8.062258
 0.000000 -6.324555 -5.830952
 0.000000 -8.944272 -8.485281
 0.000000 -6.082763 -5.656854
 0.000000 -9.848858 -9.433981
 0.000000 -8.944272 -8.544004
 0.000000 -8.944272 -8.544004
 0.000000 -14.317821 -13.928388
 0.000000 -11.180340 -10.816654
 0.000000 -11.180340 -10.816654
 0.000000 -9.848858 -9.486833
 0.000000 -16.155494 -15.811388
 0.000000 -7.615773 -7.280110
 0.000000 -6.708204 -6.403124
 0.000000 -6.708204 -6.403124
 0.000000 -14.317821 -14.035669
 0.000000 -9.219544 -8.944272
 0.000000 -11.661904 -11.401754
 0.000000 -11.661904 -11.401754
 0.000000 -6.324555 -6.082763
 0.000000 -11.401754 -11.180340
 0.000000 -11.401754 -11.180340
 0.000000 -7.211103 -7.000000
 0.000000 -7.280110 -7.071068
 0.000000 -10.198039 -10.000000
 0.000000 -7.810250 -7.615773
 0.000000 -7.810250 -7.615773
 0.000000 -8.246211 -8.062258
 0.000000 -8.246211 -8.062258
 0.000000 -14.317821 -14.142136
 0.000000 -7.211103 -7.071068
 0.000000 -7.211103 -7.071068
 0.000000 -7.211103 -7.071068
 0.000000 -7.211103 -7.071068
 0.000000 -5.099020 -5.000000
 0.000000 -5.099020 -5.000000
 0.000000 -6.082763 -6.000000
 0.000000 -7.071068 -7.000000
 0.000000 -7.071068 -7.000000
 0.000000 -7.071068 -7.000000
 0.000000 -7.071068 -7.000000
 0.000000 -7.071068 -7.000000
 0.000000 -7.071068 -7.000000
 0.000000 -7.071068 -7.000000
 0.000000 -7.280110 -7.211103
 0.000000 -7.280110 -7.211103
 0.000000 -8.062258 -8.000000
 0.000000 -8.062258 -8.000000
 0.000000 -8.062258 -8.000000
 0.000000 -10.049876 -10.000000
 0.000000 -10.049876 -10.000000
 0.000000 -10.049876 -10.000000
 0.000000 -12.083046 -12.041595
 0.000000 -14.035669 -14.000000
