 1.000000  2.000000 15.231546
 1.000000 -5.656854  6.000000
 1.000000  4.472136 15.132746
 1.000000  3.000000 13.601471
 1.000000  4.242641 14.035669
 1.000000 -3.000000  6.708204
 1.000000  2.000000 10.000000
 1.000000 -2.000000  5.099020
 1.000000 -2.236068  4.242641
 1.000000  1.414214  7.615773
 1.000000  2.828427  8.944272
 1.000000 -5.000000  1.000000
 1.000000 -2.000000  3.605551
 1.000000  7.211103 12.727922
 1.000000  4.000000  9.433981
 1.000000 -1.414214  4.000000
 1.000000  4.000000  8.246211
 1.000000  5.385165  9.219544
 1.000000 -1.000000  2.828427
 1.000000  4.123106  7.615773
 1.000000 -2.000000  1.414214
 1.000000 -1.414214  1.414214
 1.000000  8.602325 11.000000
 1.000000 -1.000000  1.000000
 1.000000  2.236068  4.123106
 1.000000  4.242641  6.000000
 1.000000  4.472136  6.082763
 1.000000  1.414214  2.828427
 1.000000  2.236068  3.605551
 1.000000  2.236068  3.605551
 1.000000 11.000000 12.369317
 1.000000  7.615773  8.944272
 1.000000  5.099020  6.403124
 1.000000  6.708204  8.000000
 1.000000  1.000000  2.236068
 1.000000  6.403124  7.615773
 1.000000  6.082763  7.211103
 1.000000  5.000000  6.082763
 1.000000  4.000000  5.000000
 1.000000  6.082763  7.071068
 1.000000  8.000000  8.944272
 1.000000  6.708204  7.615773
 1.000000  4.123106  5.000000
 1.000000  4.123106  5.000000
 1.000000  5.000000  5.830952
 1.000000  2.000000  2.828427
 1.000000  2.828427  3.605551
 1.000000  2.236068  3.000000
 1.000000  4.242641  5.000000
 1.000000  4.242641  5.000000
 1.000000  5.656854  6.403124
 1.000000  7.071068  7.810250
 1.000000  5.099020  5.830952
 1.000000 14.142136 14.866069
 1.000000  5.385165  6.082763
 1.000000  7.810250  8.485281
 1.000000  6.403124  7.071068
 1.000000  6.403124  7.071068
 1.000000  5.656854  6.324555
 1.000000  5.000000  5.656854
 1.000000  3.605551  4.242641
 1.000000  3.605551  4.242641
 1.000000  3.605551  4.242641
 1.000000  3.605551  4.242641
 1.000000  9.219544  9.848858
 1.000000  8.602325  9.219544
 1.000000  7.211103  7.810250
 1.000000  7.211103  7.810250
 1.000000  7.211103  7.810250
 1.000000  2.236068  2.828427
 1.000000  2.236068  2.828427
 1.000000  2.236068  2.828427
 1.000000  2.236068  2.828427
 1.000000  2.236068  2.828427
 1.000000  2.236068  2.828427
 1.000000  2.236068  2.828427
 1.000000  1.414214  2.000000
 1.000000  1.414214  2.000000
 1.000000  1.414214  2.000000
 1.000000  1.414214  2.000000
 1.000000  1.414214  2.000000
 1.000000  1.414214  2.000000
 1.000000  6.708204  7.280110
 1.000000  7.071068  7.615773
 1.000000  4.472136  5.000000
 1.000000  4.472136  5.000000
 1.000000  4.472136  5.000000
 1.000000  4.472136  5.000000
 1.000000  4.472136  5.000000
 1.000000  4.472136  5.000000
 1.000000  4.472136  5.000000
 1.000000  4.472136  5.000000
 1.000000  3.605551  4.123106
 1.000000  6.708204  7.211103
 1.000000  6.708204  7.211103
 1.000000  5.830952  6.324555
 1.000000  4.000000  4.472136
 1.000000  7.615773  8.062258
 1.000000  5.385165  5.830952
 1.000000  5.385165  5.830952
 1.000000  3.162278  3.605551
 1.000000  3.162278  3.605551
 1.000000  3.162278  3.605551
 1.000000  3.162278  3.605551
 1.000000  3.162278  3.605551
 1.000000  3.162278  3.605551
 1.000000  3.162278  3.605551
 1.000000  3.162278  3.605551
 1.000000  3.162278  3.605551
 1.000000  8.062258  8.485281
 1.000000 13.000000 13.416408
 1.000000  1.000000  1.414214
 1.000000  1.000000  1.414214
 1.000000  1.000000  1.414214
 1.000000  7.211103  7.615773
 1.000000  7.211103  7.615773
 1.000000  3.605551  4.000000
 1.000000  3.605551  4.000000
 1.000000  5.000000  5.385165
 1.000000  5.000000  5.385165
 1.000000  5.000000  5.385165
 1.000000  5.000000  5.385165
 1.000000  5.000000  5.385165
 1.000000  6.324555  6.708204
 1.000000  6.324555  6.708204
 1.000000  6.708204  7.071068
 1.000000  6.708204  7.071068
 1.000000  6.708204  7.071068
 1.000000  4.123106  4.472136
 1.000000  4.123106  4.472136
 1.000000  4.123106  4.472136
 1.000000  4.123106  4.472136
 1.000000  5.656854  6.000000
 1.000000 14.422205 14.764823
 1.000000  8.602325  8.944272
 1.000000  8.602325  8.944272
 1.000000  8.602325  8.944272
 1.000000  7.280110  7.615773
 1.000000 10.295630 10.630146
 1.000000  2.828427  3.162278
 1.000000  6.000000  6.324555
 1.000000  6.403124  6.708204
 1.000000  6.403124  6.708204
 1.000000  6.403124  6.708204
 1.000000 13.601471 13.892444
 1.000000  5.099020  5.385165
 1.000000  5.099020  5.385165
 1.000000  5.099020  5.385165
 1.000000  5.099020  5.385165
 1.000000 12.369317 12.649111
 1.000000  8.944272  9.219544
 1.000000  8.944272  9.219544
 1.000000  8.944272  9.219544
 1.000000 12.727922 13.000000
 1.000000  5.385165  5.656854
 1.000000  5.385165  5.656854
 1.000000  5.385165  5.656854
 1.000000  5.385165  5.656854
 1.000000  9.219544  9.486833
 1.000000  7.810250  8.062258
 1.000000  7.810250  8.062258
 1.000000  7.810250  8.062258
 1.000000  6.082763  6.324555
 1.000000  6.082763  6.324555
 1.000000  6.082763  6.324555
 1.000000  8.246211  8.485281
 1.000000  8.246211  8.485281
 1.000000  2.000000  2.236068
 1.000000  2.000000  2.236068
 1.000000  2.000000  2.236068
 1.000000  2.000000  2.236068
 1.000000  2.000000  2.236068
 1.000000  2.000000  2.236068
 1.000000  2.000000  2.236068
 1.000000  2.000000  2.236068
 1.000000  2.000000  2.236068
 1.000000  2.000000  2.236068
 1.000000  2.000000  2.236068
 1.000000  2.000000  2.236068
 1.000000  2.000000  2.236068
 1.000000 14.764823 15.000000
 1.000000  4.242641  4.472136
 1.000000  4.242641  4.472136
 1.000000  4.242641  4.472136
 1.000000  4.242641  4.472136
 1.000000  4.242641  4.472136
 1.000000  4.242641  4.472136
 1.000000  9.219544  9.433981
 1.000000  9.219544  9.433981
 1.000000  7.000000  7.211103
 1.000000 14.212670 14.422205
 1.000000  7.615773  7.810250
 1.000000  7.615773  7.810250
 1.000000  7.615773  7.810250
 1.000000  7.615773  7.810250
 1.000000 10.440307 10.630146
 1.000000 13.152946 13.341664
 1.000000  8.062258  8.246211
 1.000000  8.062258  8.246211
 1.000000  5.656854  5.830952
 1.000000  5.656854  5.830952
 1.000000  2.828427  3.000000
 1.000000  5.830952  6.000000
 1.000000  9.055385  9.219544
 1.000000  3.000000  3.162278
 1.000000  3.000000  3.162278
 1.000000  3.000000  3.162278
 1.000000  3.000000  3.162278
 1.000000  3.000000  3.162278
 1.000000  3.000000  3.162278
 1.000000  3.000000  3.162278
 1.000000  9.899495 10.049876
 1.000000 10.295630 10.440307
 1.000000  7.071068  7.211103
 1.000000  7.071068  7.211103
 1.000000  7.071068  7.211103
 1.000000  7.071068  7.211103
 1.000000  7.071068  7.211103
 1.000000 11.045361 11.180340
 1.000000 11.045361 11.180340
 1.000000  4.000000  4.123106
 1.000000  4.000000  4.123106
 1.000000  4.000000  4.123106
 1.000000  4.000000  4.123106
 1.000000  4.000000  4.123106
 1.000000  4.123106  4.242641
 1.000000  4.123106  4.242641
 1.000000  4.123106  4.242641
 1.000000  4.123106  4.242641
 1.000000  4.123106  4.242641
 1.000000 12.529964 12.649111
 1.000000  8.485281  8.602325
 1.000000  8.485281  8.602325
 1.000000  5.000000  5.099020
 1.000000  5.000000  5.099020
 1.000000  5.000000  5.099020
 1.000000  5.000000  5.099020
 1.000000  5.000000  5.099020
 1.000000  6.000000  6.082763
 1.000000  6.000000  6.082763
 1.000000  6.000000  6.082763
 1.000000  6.324555  6.403124
 1.000000  6.324555  6.403124
 1.000000  6.324555  6.403124
 1.000000  7.000000  7.071068
 1.000000  7.000000  7.071068
 1.000000  7.000000  7.071068
 1.000000  7.000000  7.071068
 1.000000 14.142136 14.212670
 1.000000 14.142136 14.212670
 1.000000  7.211103  7.280110
 1.000000  8.000000  8.062258
 1.000000  8.000000  8.062258
 1.000000  9.000000  9.055385
 1.000000 10.000000 10.049876
 1.000000 10.770330 10.816654
 1.000000 12.041595 12.083046
 1.000000 14.000000 14.035669
 1.000000 14.000000 14.035669
 0.000000 -17.492856       inf
 0.000000 -14.560220  1.000000
 0.000000 -13.341664  2.000000
 0.000000 -12.041595  2.828427
 0.000000 -16.552945 -3.000000
 0.000000 -10.198039  2.000000
 0.000000 -15.811388 -4.000000
 0.000000 -9.433981  2.000000
 0.000000 -6.324555  4.242641
 0.000000 -9.219544  1.000000
 0.000000 -9.055385  1.000000
 0.000000 -15.652476 -6.000000
 0.000000 -7.615773  2.000000
 0.000000 -7.615773  2.000000
 0.000000 -5.656854  3.605551
 0.000000 -14.866069 -6.000000
 0.000000 -4.472136  4.000000
 0.000000 -11.000000 -2.828427
 0.000000 -12.041595 -4.000000
 0.000000 -5.830952  2.000000
 0.000000 -9.055385 -1.414214
 0.000000 -12.369317 -5.000000
 0.000000 -10.630146 -4.000000
 0.000000 -12.000000 -6.000000
 0.000000 -11.704700 -6.000000
 0.000000 -11.000000 -6.000000
 0.000000 -10.000000 -5.000000
 0.000000 -8.944272 -4.123106
 0.000000 -8.944272 -4.242641
 0.000000 -7.280110 -3.000000
 0.000000 -10.630146 -6.403124
 0.000000 -11.180340 -7.211103
 0.000000 -10.816654 -7.211103
 0.000000 -1.414214  2.000000
 0.000000 -2.000000  1.414214
 0.000000 -11.180340 -8.246211
 0.000000 -10.630146 -8.062258
 0.000000 -13.152946 -10.630146
 0.000000 -7.280110 -5.000000
 0.000000 -10.295630 -8.062258
 0.000000 -9.899495 -7.810250
 0.000000 -6.324555 -4.242641
 0.000000 -6.000000 -4.000000
 0.000000 -6.000000 -4.000000
 0.000000 -8.062258 -6.082763
 0.000000 -6.000000 -4.123106
 0.000000 -7.280110 -5.656854
 0.000000 -12.041595 -10.440307
 0.000000 -5.830952 -4.242641
 0.000000 -10.295630 -8.944272
 0.000000 -6.403124 -5.099020
 0.000000 -10.630146 -9.486833
 0.000000 -7.071068 -6.000000
 0.000000 -2.000000 -1.000000
 0.000000 -8.944272 -8.000000
 0.000000 -8.944272 -8.000000
 0.000000 -7.000000 -6.082763
 0.000000 -7.211103 -6.324555
 0.000000 -6.708204 -5.830952
 0.000000 -8.000000 -7.211103
 0.000000 -9.219544 -8.602325
 0.000000 -6.403124 -5.830952
 0.000000 -6.324555 -5.830952
 0.000000 -9.899495 -9.433981
 0.000000 -9.000000 -8.544004
 0.000000 -8.062258 -7.615773
 0.000000 -7.071068 -6.708204
 0.000000 -10.198039 -9.848858
 0.000000 -7.615773 -7.280110
 0.000000 -6.324555 -6.000000
 0.000000 -14.317821 -14.000000
 0.000000 -7.280110 -7.000000
 0.000000 -5.656854 -5.385165
 0.000000 -8.062258 -7.810250
 0.000000 -6.082763 -5.830952
 0.000000 -6.324555 -6.082763
 0.000000 -9.219544 -9.000000
 0.000000 -9.433981 -9.219544
 0.000000 -9.433981 -9.219544
 0.000000 -8.246211 -8.062258
 0.000000 -8.246211 -8.062258
 0.000000 -8.246211 -8.062258
 0.000000 -5.830952 -5.656854
 0.000000 -3.162278 -3.000000
 0.000000 -7.211103 -7.071068
 0.000000 -8.602325 -8.485281
 0.000000 -9.055385 -8.944272
 0.000000 -6.082763 -6.000000
 0.000000 -6.082763 -6.000000
 0.000000 -6.403124 -6.324555
 0.000000 -7.071068 -7.000000
 0.000000 -7.071068 -7.000000
 0.000000 -7.071068 -7.000000
 0.000000 -7.071068 -7.000000
 0.000000 -8.062258 -8.000000
 0.000000 -8.062258 -8.000000
 0.000000 -8.544004 -8.485281
 0.000000 -8.602325 -8.544004
 0.000000 -9.000000 -8.944272
 0.000000 -9.486833 -9.433981
 0.000000 -9.899495 -9.848858
 0.000000 -10.049876 -10.000000
 0.000000 -10.049876 -10.000000
 0.000000 -10.049876 -10.000000
 0.000000 -11.045361 -11.000000
 0.000000 -16.031220 -16.000000
