 1.000000  3.605551 15.000000
 1.000000  2.828427 12.649111
 1.000000 -3.605551  5.000000
 1.000000  4.242641 12.529964
 1.000000 -4.472136  3.162278
 1.000000  5.656854 13.038405
 1.000000  4.123106 11.180340
 1.000000 -1.000000  6.000000
 1.000000 -3.605551  3.000000
 1.000000 -4.242641  2.236068
 1.000000 -2.828427  3.605551
 1.000000  3.000000  8.944272
 1.000000 -2.828427  2.828427
 1.000000  5.000000 10.440307
 1.000000  4.000000  8.944272
 1.000000  2.236068  7.000000
 1.000000 -2.000000  2.236068
 1.000000 -2.000000  2.000000
 1.000000  3.000000  6.708204
 1.000000  2.000000  5.385165
 1.000000 -2.236068  1.000000
 1.000000 -2.000000  1.000000
 1.000000  2.236068  5.000000
 1.000000  4.472136  7.000000
 1.000000  2.828427  5.000000
 1.000000  5.000000  7.071068
 1.000000  5.000000  7.071068
 1.000000  2.236068  4.242641
 1.000000 -1.000000  1.000000
 1.000000  2.236068  4.123106
 1.000000  1.000000  2.828427
 1.000000  4.472136  5.830952
 1.000000  5.656854  7.000000
 1.000000  2.828427  4.123106
 1.000000  1.000000  2.236068
 1.000000  2.000000  3.000000
 1.000000  2.000000  3.000000
 1.000000  4.000000  5.000000
 1.000000  7.071068  8.062258
 1.000000  4.242641  5.099020
 1.000000  3.162278  4.000000
 1.000000  1.414214  2.236068
 1.000000  1.414214  2.236068
 1.000000  9.848858 10.630146
 1.000000  2.828427  3.605551
 1.000000  2.828427  3.605551
 1.000000  2.828427  3.605551
 1.000000  2.828427  3.605551
 1.000000  2.828427  3.605551
 1.000000  4.242641  5.000000
 1.000000  4.242641  5.000000
 1.000000  5.656854  6.403124
 1.000000  6.000000  6.708204
 1.000000  8.246211  8.944272
 1.000000  6.324555  7.000000
 1.000000  6.403124  7.071068
 1.000000  6.403124  7.071068
 1.000000  5.656854  6.324555
 1.000000  5.656854  6.324555
 1.000000  3.605551  4.242641
 1.000000  3.605551  4.242641
 1.000000  3.605551  4.242641
 1.000000  3.605551  4.242641
 1.000000  3.605551  4.242641
 1.000000  3.605551  4.242641
 1.000000  3.605551  4.242641
 1.000000  3.605551  4.242641
 1.000000  3.605551  4.242641
 1.000000  3.605551  4.242641
 1.000000  3.605551  4.242641
 1.000000  3.605551  4.242641
 1.000000  3.605551  4.242641
 1.000000  7.615773  8.246211
 1.000000  7.615773  8.246211
 1.000000  4.472136  5.099020
 1.000000  3.000000  3.605551
 1.000000  6.403124  7.000000
 1.000000  2.236068  2.828427
 1.000000  2.236068  2.828427
 1.000000  2.236068  2.828427
 1.000000  2.236068  2.828427
 1.000000  1.414214  2.000000
 1.000000  1.414214  2.000000
 1.000000  1.414214  2.000000
 1.000000  1.414214  2.000000
 1.000000  5.830952  6.403124
 1.000000  4.472136  5.000000
 1.000000  4.472136  5.000000
 1.000000  4.472136  5.000000
 1.000000  4.472136  5.000000
 1.000000  4.472136  5.000000
 1.000000  4.472136  5.000000
 1.000000  4.472136  5.000000
 1.000000  4.472136  5.000000
 1.000000  4.472136  5.000000
 1.000000  4.472136  5.000000
 1.000000  4.472136  5.000000
 1.000000  4.472136  5.000000
 1.000000  4.472136  5.000000
 1.000000  3.605551  4.123106
 1.000000  3.605551  4.123106
 1.000000  3.605551  4.123106
 1.000000  3.605551  4.123106
 1.000000  5.830952  6.324555
 1.000000  5.830952  6.324555
 1.000000  5.830952  6.324555
 1.000000  8.062258  8.544004
 1.000000 12.083046 12.529964
 1.000000  7.615773  8.062258
 1.000000  3.162278  3.605551
 1.000000  3.162278  3.605551
 1.000000  3.162278  3.605551
 1.000000  3.162278  3.605551
 1.000000  3.162278  3.605551
 1.000000  3.162278  3.605551
 1.000000  3.162278  3.605551
 1.000000  3.162278  3.605551
 1.000000  3.162278  3.605551
 1.000000  1.000000  1.414214
 1.000000  1.000000  1.414214
 1.000000  1.000000  1.414214
 1.000000  1.000000  1.414214
 1.000000 11.000000 11.401754
 1.000000  3.605551  4.000000
 1.000000  3.605551  4.000000
 1.000000 10.049876 10.440307
 1.000000  5.000000  5.385165
 1.000000  5.000000  5.385165
 1.000000  5.000000  5.385165
 1.000000  5.000000  5.385165
 1.000000  5.000000  5.385165
 1.000000  5.000000  5.385165
 1.000000  6.324555  6.708204
 1.000000  6.324555  6.708204
 1.000000  6.324555  6.708204
 1.000000 11.661904 12.041595
 1.000000  6.708204  7.071068
 1.000000  6.708204  7.071068
 1.000000  4.123106  4.472136
 1.000000  4.123106  4.472136
 1.000000  4.123106  4.472136
 1.000000  2.828427  3.162278
 1.000000  2.828427  3.162278
 1.000000  2.828427  3.162278
 1.000000  2.828427  3.162278
 1.000000 10.440307 10.770330
 1.000000  6.000000  6.324555
 1.000000  6.000000  6.324555
 1.000000  6.000000  6.324555
 1.000000  6.000000  6.324555
 1.000000  6.403124  6.708204
 1.000000  6.403124  6.708204
 1.000000 10.000000 10.295630
 1.000000  6.708204  7.000000
 1.000000  5.099020  5.385165
 1.000000  5.099020  5.385165
 1.000000  5.099020  5.385165
 1.000000  5.099020  5.385165
 1.000000  5.385165  5.656854
 1.000000  5.385165  5.656854
 1.000000  7.810250  8.062258
 1.000000  5.830952  6.082763
 1.000000  8.000000  8.246211
 1.000000 10.198039 10.440307
 1.000000  6.082763  6.324555
 1.000000  6.082763  6.324555
 1.000000  2.000000  2.236068
 1.000000  2.000000  2.236068
 1.000000  2.000000  2.236068
 1.000000  2.000000  2.236068
 1.000000  2.000000  2.236068
 1.000000  2.000000  2.236068
 1.000000  2.000000  2.236068
 1.000000  2.000000  2.236068
 1.000000  2.000000  2.236068
 1.000000  2.000000  2.236068
 1.000000 10.770330 11.000000
 1.000000  4.242641  4.472136
 1.000000  4.242641  4.472136
 1.000000  4.242641  4.472136
 1.000000  4.242641  4.472136
 1.000000  4.242641  4.472136
 1.000000  4.242641  4.472136
 1.000000  4.242641  4.472136
 1.000000 11.180340 11.401754
 1.000000  7.071068  7.280110
 1.000000  7.615773  7.810250
 1.000000  8.062258  8.246211
 1.000000  5.656854  5.830952
 1.000000  5.656854  5.830952
 1.000000  5.656854  5.830952
 1.000000  5.656854  5.830952
 1.000000  5.656854  5.830952
 1.000000  5.656854  5.830952
 1.000000  5.656854  5.830952
 1.000000  2.828427  3.000000
 1.000000  2.828427  3.000000
 1.000000  2.828427  3.000000
 1.000000  2.828427  3.000000
 1.000000  9.055385  9.219544
 1.000000 12.206556 12.369317
 1.000000  3.000000  3.162278
 1.000000  3.000000  3.162278
 1.000000  3.000000  3.162278
 1.000000  3.000000  3.162278
 1.000000  3.000000  3.162278
 1.000000  3.000000  3.162278
 1.000000  3.000000  3.162278
 1.000000  3.000000  3.162278
 1.000000  3.000000  3.162278
 1.000000 12.649111 12.806248
 1.000000 10.049876 10.198039
 1.000000 14.000000 14.142136
 1.000000 10.630146 10.770330
 1.000000 11.045361 11.180340
 1.000000 11.045361 11.180340
 1.000000  4.000000  4.123106
 1.000000  4.000000  4.123106
 1.000000  4.000000  4.123106
 1.000000  4.000000  4.123106
 1.000000  4.000000  4.123106
 1.000000  4.123106  4.242641
 1.000000  4.123106  4.242641
 1.000000  4.123106  4.242641
 1.000000  4.123106  4.242641
 1.000000  4.123106  4.242641
 1.000000  4.123106  4.242641
 1.000000  5.000000  5.099020
 1.000000  5.000000  5.099020
 1.000000  5.000000  5.099020
 1.000000  5.000000  5.099020
 1.000000  5.000000  5.099020
 1.000000  5.000000  5.099020
 1.000000  5.000000  5.099020
 1.000000  6.000000  6.082763
 1.000000  6.000000  6.082763
 1.000000  6.324555  6.403124
 1.000000  6.324555  6.403124
 1.000000  7.000000  7.071068
 1.000000  7.000000  7.071068
 1.000000  7.000000  7.071068
 1.000000  7.211103  7.280110
 1.000000  8.000000  8.062258
 1.000000  8.000000  8.062258
 1.000000  8.000000  8.062258
 1.000000  8.000000  8.062258
 1.000000  9.000000  9.055385
 1.000000 10.000000 10.049876
 1.000000 18.000000 18.027756
 0.000000 -18.788294       inf
 0.000000 -14.317821  2.828427
 0.000000 -12.206556  2.236068
 0.000000 -11.180340  2.000000
 0.000000 -9.219544  3.605551
 0.000000 -11.180340  1.000000
 0.000000 -10.630146  1.000000
 0.000000 -7.000000  4.242641
 0.000000 -9.219544  1.000000
 0.000000 -10.440307 -1.000000
 0.000000 -13.601471 -4.242641
 0.000000 -13.453624 -5.385165
 0.000000 -6.000000  2.000000
 0.000000 -8.944272 -1.000000
 0.000000 -9.486833 -2.000000
 0.000000 -12.529964 -5.385165
 0.000000 -6.082763  1.000000
 0.000000 -9.055385 -2.000000
 0.000000 -8.485281 -2.000000
 0.000000 -5.385165  1.000000
 0.000000 -6.708204 -1.000000
 0.000000 -10.440307 -5.000000
 0.000000 -11.045361 -5.656854
 0.000000 -13.000000 -7.810250
 0.000000 -2.828427  2.236068
 0.000000 -8.544004 -3.605551
 0.000000 -9.055385 -4.242641
 0.000000 -9.000000 -4.242641
 0.000000 -7.000000 -3.162278
 0.000000 -8.062258 -4.242641
 0.000000 -10.440307 -6.708204
 0.000000 -10.770330 -7.071068
 0.000000 -5.830952 -2.236068
 0.000000 -9.219544 -5.830952
 0.000000 -1.000000  2.236068
 0.000000 -7.280110 -4.123106
 0.000000 -12.041595 -9.055385
 0.000000 -6.082763 -3.162278
 0.000000 -8.000000 -5.099020
 0.000000 -10.770330 -8.000000
 0.000000 -6.000000 -4.000000
 0.000000 -6.000000 -4.000000
 0.000000 -12.649111 -10.770330
 0.000000 -6.324555 -4.472136
 0.000000 -6.082763 -4.242641
 0.000000 -7.211103 -5.385165
 0.000000 -5.656854 -4.000000
 0.000000 -12.041595 -10.440307
 0.000000 -10.198039 -8.944272
 0.000000 -6.324555 -5.099020
 0.000000 -7.615773 -6.403124
 0.000000 -6.082763 -5.000000
 0.000000 -7.000000 -6.000000
 0.000000 -8.000000 -7.000000
 0.000000 -8.000000 -7.000000
 0.000000 -10.198039 -9.219544
 0.000000 -8.944272 -8.000000
 0.000000 -10.198039 -9.433981
 0.000000 -8.000000 -7.280110
 0.000000 -7.000000 -6.324555
 0.000000 -9.848858 -9.219544
 0.000000 -7.615773 -7.000000
 0.000000 -5.000000 -4.472136
 0.000000 -4.123106 -3.605551
 0.000000 -6.324555 -5.830952
 0.000000 -6.324555 -5.830952
 0.000000 -9.486833 -9.000000
 0.000000 -10.770330 -10.295630
 0.000000 -8.062258 -7.615773
 0.000000 -14.317821 -13.928388
 0.000000 -14.317821 -13.928388
 0.000000 -6.708204 -6.324555
 0.000000 -13.000000 -12.649111
 0.000000 -7.615773 -7.280110
 0.000000 -6.708204 -6.403124
 0.000000 -6.708204 -6.403124
 0.000000 -6.708204 -6.403124
 0.000000 -10.295630 -10.000000
 0.000000 -7.280110 -7.000000
 0.000000 -9.219544 -8.944272
 0.000000 -9.219544 -8.944272
 0.000000 -6.324555 -6.082763
 0.000000 -6.324555 -6.082763
 0.000000 -4.472136 -4.242641
 0.000000 -4.472136 -4.242641
 0.000000 -4.472136 -4.242641
 0.000000 -4.472136 -4.242641
 0.000000 -7.280110 -7.071068
 0.000000 -7.280110 -7.071068
 0.000000 -7.280110 -7.071068
 0.000000 -7.280110 -7.071068
 0.000000 -7.280110 -7.071068
 0.000000 -7.280110 -7.071068
 0.000000 -13.601471 -13.416408
 0.000000 -8.246211 -8.062258
 0.000000 -5.830952 -5.656854
 0.000000 -5.830952 -5.656854
 0.000000 -6.000000 -5.830952
 0.000000 -12.165525 -12.000000
 0.000000 -12.165525 -12.000000
 0.000000 -9.219544 -9.055385
 0.000000 -3.162278 -3.000000
 0.000000 -10.440307 -10.295630
 0.000000 -7.211103 -7.071068
 0.000000 -7.211103 -7.071068
 0.000000 -7.211103 -7.071068
 0.000000 -4.123106 -4.000000
 0.000000 -17.117243 -17.000000
 0.000000 -13.152946 -13.038405
 0.000000 -5.099020 -5.000000
 0.000000 -11.401754 -11.313708
 0.000000 -7.071068 -7.000000
 0.000000 -7.071068 -7.000000
 0.000000 -7.071068 -7.000000
 0.000000 -7.071068 -7.000000
 0.000000 -7.071068 -7.000000
 0.000000 -7.071068 -7.000000
 0.000000 -7.280110 -7.211103
 0.000000 -8.062258 -8.000000
 0.000000 -8.602325 -8.544004
 0.000000 -9.486833 -9.433981
