 1.000000  1.414214 13.000000
 1.000000 -1.414214  8.602325
 1.000000 -1.414214  7.810250
 1.000000 -2.000000  7.071068
 1.000000  2.236068 10.770330
 1.000000 -2.236068  5.656854
 1.000000  3.605551 11.401754
 1.000000 -3.605551  3.000000
 1.000000 -1.000000  5.000000
 1.000000  4.000000 10.000000
 1.000000  2.828427  7.615773
 1.000000  3.605551  8.246211
 1.000000 -1.414214  2.828427
 1.000000 -2.000000  2.236068
 1.000000  6.708204 10.770330
 1.000000  4.472136  8.485281
 1.000000  9.486833 13.416408
 1.000000  3.162278  7.071068
 1.000000  3.162278  7.071068
 1.000000  4.123106  7.810250
 1.000000  5.000000  8.062258
 1.000000  4.000000  6.708204
 1.000000  9.055385 11.661904
 1.000000 -1.000000  1.414214
 1.000000  3.605551  6.000000
 1.000000  5.000000  7.211103
 1.000000  2.828427  5.000000
 1.000000  2.828427  5.000000
 1.000000 -1.000000  1.000000
 1.000000  3.162278  5.000000
 1.000000  2.000000  3.605551
 1.000000  3.000000  4.472136
 1.000000  1.414214  2.828427
 1.000000  3.605551  5.000000
 1.000000  5.656854  6.708204
 1.000000  8.000000  9.000000
 1.000000  6.000000  7.000000
 1.000000  1.000000  2.000000
 1.000000  9.848858 10.770330
 1.000000  6.708204  7.615773
 1.000000  8.544004  9.433981
 1.000000  8.544004  9.433981
 1.000000  4.123106  5.000000
 1.000000  3.605551  4.472136
 1.000000  3.162278  4.000000
 1.000000  2.000000  2.828427
 1.000000  1.414214  2.236068
 1.000000  4.242641  5.000000
 1.000000  6.324555  7.071068
 1.000000  9.899495 10.630146
 1.000000  9.486833 10.198039
 1.000000  7.810250  8.485281
 1.000000  6.403124  7.071068
 1.000000  5.000000  5.656854
 1.000000  5.000000  5.656854
 1.000000  5.000000  5.656854
 1.000000  3.605551  4.242641
 1.000000  3.605551  4.242641
 1.000000 10.000000 10.630146
 1.000000  8.602325  9.219544
 1.000000  7.000000  7.615773
 1.000000  3.000000  3.605551
 1.000000  7.211103  7.810250
 1.000000  2.236068  2.828427
 1.000000  2.236068  2.828427
 1.000000  2.236068  2.828427
 1.000000  2.236068  2.828427
 1.000000  2.236068  2.828427
 1.000000  2.236068  2.828427
 1.000000  2.236068  2.828427
 1.000000  2.236068  2.828427
 1.000000  2.236068  2.828427
 1.000000  2.236068  2.828427
 1.000000  2.236068  2.828427
 1.000000  2.236068  2.828427
 1.000000  2.236068  2.828427
 1.000000  1.414214  2.000000
 1.000000  1.414214  2.000000
 1.000000  1.414214  2.000000
 1.000000  1.414214  2.000000
 1.000000  5.830952  6.403124
 1.000000  5.830952  6.403124
 1.000000  4.472136  5.000000
 1.000000  4.472136  5.000000
 1.000000  4.472136  5.000000
 1.000000  4.472136  5.000000
 1.000000  4.472136  5.000000
 1.000000  3.605551  4.123106
 1.000000  3.605551  4.123106
 1.000000  3.605551  4.123106
 1.000000  3.605551  4.123106
 1.000000  3.605551  4.123106
 1.000000  3.605551  4.123106
 1.000000  5.830952  6.324555
 1.000000  5.830952  6.324555
 1.000000  8.944272  9.433981
 1.000000  8.485281  8.944272
 1.000000  5.385165  5.830952
 1.000000  5.385165  5.830952
 1.000000  3.162278  3.605551
 1.000000  3.162278  3.605551
 1.000000  3.162278  3.605551
 1.000000  3.162278  3.605551
 1.000000  3.162278  3.605551
 1.000000  3.162278  3.605551
 1.000000  3.162278  3.605551
 1.000000  3.162278  3.605551
 1.000000 10.198039 10.630146
 1.000000  8.062258  8.485281
 1.000000  9.433981  9.848858
 1.000000  1.000000  1.414214
 1.000000  1.000000  1.414214
 1.000000  7.211103  7.615773
 1.000000  8.544004  8.944272
 1.000000  8.544004  8.944272
 1.000000  5.000000  5.385165
 1.000000  5.000000  5.385165
 1.000000  5.000000  5.385165
 1.000000  6.324555  6.708204
 1.000000  6.324555  6.708204
 1.000000  6.324555  6.708204
 1.000000  6.708204  7.071068
 1.000000  6.708204  7.071068
 1.000000  9.486833  9.848858
 1.000000  9.486833  9.848858
 1.000000  4.123106  4.472136
 1.000000  4.123106  4.472136
 1.000000  4.123106  4.472136
 1.000000  4.123106  4.472136
 1.000000  8.602325  8.944272
 1.000000 10.295630 10.630146
 1.000000 10.295630 10.630146
 1.000000  2.828427  3.162278
 1.000000  2.828427  3.162278
 1.000000 10.440307 10.770330
 1.000000  6.000000  6.324555
 1.000000  6.000000  6.324555
 1.000000  6.403124  6.708204
 1.000000  6.403124  6.708204
 1.000000 10.000000 10.295630
 1.000000  5.099020  5.385165
 1.000000  5.099020  5.385165
 1.000000  5.099020  5.385165
 1.000000 12.529964 12.806248
 1.000000  8.944272  9.219544
 1.000000  8.944272  9.219544
 1.000000  5.385165  5.656854
 1.000000  5.385165  5.656854
 1.000000  7.810250  8.062258
 1.000000  4.000000  4.242641
 1.000000 14.317821 14.560220
 1.000000 10.198039 10.440307
 1.000000 10.198039 10.440307
 1.000000  6.082763  6.324555
 1.000000  6.082763  6.324555
 1.000000  6.082763  6.324555
 1.000000  2.000000  2.236068
 1.000000  2.000000  2.236068
 1.000000  2.000000  2.236068
 1.000000  4.242641  4.472136
 1.000000  4.242641  4.472136
 1.000000  4.242641  4.472136
 1.000000  4.242641  4.472136
 1.000000  4.242641  4.472136
 1.000000  4.242641  4.472136
 1.000000  4.242641  4.472136
 1.000000  4.242641  4.472136
 1.000000 11.180340 11.401754
 1.000000  9.219544  9.433981
 1.000000  7.071068  7.280110
 1.000000  7.071068  7.280110
 1.000000  7.071068  7.280110
 1.000000 10.000000 10.198039
 1.000000 10.000000 10.198039
 1.000000 10.000000 10.198039
 1.000000  7.615773  7.810250
 1.000000  7.615773  7.810250
 1.000000  7.615773  7.810250
 1.000000  8.062258  8.246211
 1.000000 11.000000 11.180340
 1.000000 11.000000 11.180340
 1.000000  5.656854  5.830952
 1.000000  5.656854  5.830952
 1.000000  2.828427  3.000000
 1.000000  2.828427  3.000000
 1.000000 12.000000 12.165525
 1.000000  9.055385  9.219544
 1.000000  3.000000  3.162278
 1.000000  3.000000  3.162278
 1.000000  3.000000  3.162278
 1.000000  3.000000  3.162278
 1.000000  3.000000  3.162278
 1.000000  3.000000  3.162278
 1.000000  3.000000  3.162278
 1.000000  3.000000  3.162278
 1.000000  3.000000  3.162278
 1.000000  3.000000  3.162278
 1.000000 13.000000 13.152946
 1.000000  7.071068  7.211103
 1.000000  7.071068  7.211103
 1.000000  7.071068  7.211103
 1.000000  4.000000  4.123106
 1.000000  4.000000  4.123106
 1.000000  4.000000  4.123106
 1.000000  4.000000  4.123106
 1.000000  4.000000  4.123106
 1.000000  4.000000  4.123106
 1.000000  4.000000  4.123106
 1.000000  4.000000  4.123106
 1.000000  4.000000  4.123106
 1.000000  4.000000  4.123106
 1.000000  4.123106  4.242641
 1.000000  4.123106  4.242641
 1.000000  4.123106  4.242641
 1.000000  4.123106  4.242641
 1.000000  4.123106  4.242641
 1.000000  4.123106  4.242641
 1.000000  4.123106  4.242641
 1.000000  8.485281  8.602325
 1.000000  5.000000  5.099020
 1.000000  5.000000  5.099020
 1.000000  5.000000  5.099020
 1.000000 15.132746 15.231546
 1.000000 10.198039 10.295630
 1.000000 10.198039 10.295630
 1.000000 10.198039 10.295630
 1.000000  6.000000  6.082763
 1.000000  6.000000  6.082763
 1.000000  6.324555  6.403124
 1.000000  6.324555  6.403124
 1.000000  7.000000  7.071068
 1.000000  7.000000  7.071068
 1.000000  7.000000  7.071068
 1.000000  7.000000  7.071068
 1.000000  7.000000  7.071068
 1.000000  7.211103  7.280110
 1.000000  8.000000  8.062258
 1.000000  8.944272  9.000000
 1.000000  9.000000  9.055385
 1.000000  9.000000  9.055385
 1.000000  9.000000  9.055385
 1.000000  9.433981  9.486833
 1.000000 10.000000 10.049876
 1.000000 12.041595 12.083046
 1.000000 13.000000 13.038405
 1.000000 13.892444 13.928388
 0.000000 -27.000000       inf
 0.000000 -12.041595  3.000000
 0.000000 -11.661904  3.000000
 0.000000 -12.649111  1.000000
 0.000000 -15.231546 -3.000000
 0.000000 -12.041595 -1.000000
 0.000000 -5.830952  4.000000
 0.000000 -5.830952  4.000000
 0.000000 -7.000000  2.236068
 0.000000 -11.045361 -2.236068
 0.000000 -12.165525 -4.000000
 0.000000 -5.830952  2.236068
 0.000000 -10.049876 -2.000000
 0.000000 -9.848858 -2.000000
 0.000000 -15.556349 -7.810250
 0.000000 -6.708204  1.000000
 0.000000 -6.324555  1.000000
 0.000000 -10.000000 -4.242641
 0.000000 -9.486833 -4.242641
 0.000000 -8.062258 -3.000000
 0.000000 -10.000000 -5.000000
 0.000000 -8.944272 -4.242641
 0.000000 -13.601471 -9.000000
 0.000000 -8.544004 -4.123106
 0.000000 -1.414214  3.000000
 0.000000 -12.369317 -8.062258
 0.000000 -9.219544 -5.000000
 0.000000 -7.000000 -2.828427
 0.000000 -7.071068 -3.000000
 0.000000 -8.062258 -4.000000
 0.000000 -6.082763 -2.236068
 0.000000 -10.816654 -7.211103
 0.000000 -5.830952 -2.236068
 0.000000 -9.000000 -5.656854
 0.000000 -8.544004 -5.385165
 0.000000 -8.000000 -5.000000
 0.000000 -10.000000 -7.071068
 0.000000 -6.000000 -3.162278
 0.000000 -7.615773 -5.000000
 0.000000 -8.944272 -6.403124
 0.000000 -7.211103 -5.000000
 0.000000 -10.000000 -7.810250
 0.000000 -15.000000 -13.000000
 0.000000 -7.000000 -5.000000
 0.000000 -8.246211 -6.324555
 0.000000 -5.656854 -4.000000
 0.000000 -10.295630 -9.055385
 0.000000 -2.236068 -1.000000
 0.000000 -9.219544 -8.062258
 0.000000 -7.810250 -6.708204
 0.000000 -12.727922 -11.661904
 0.000000 -9.433981 -8.485281
 0.000000 -8.944272 -8.062258
 0.000000 -7.280110 -6.403124
 0.000000 -7.211103 -6.403124
 0.000000 -10.000000 -9.219544
 0.000000 -6.708204 -6.000000
 0.000000 -6.708204 -6.082763
 0.000000 -13.601471 -13.000000
 0.000000 -10.000000 -9.433981
 0.000000 -8.602325 -8.062258
 0.000000 -4.123106 -3.605551
 0.000000 -7.211103 -6.708204
 0.000000 -23.323808 -22.825424
 0.000000 -9.000000 -8.544004
 0.000000 -8.062258 -7.615773
 0.000000 -8.246211 -7.810250
 0.000000 -6.082763 -5.656854
 0.000000 -5.385165 -5.000000
 0.000000 -13.416408 -13.038405
 0.000000 -8.944272 -8.602325
 0.000000 -8.944272 -8.602325
 0.000000 -10.770330 -10.440307
 0.000000 -6.324555 -6.000000
 0.000000 -14.866069 -14.560220
 0.000000 -6.708204 -6.403124
 0.000000 -6.708204 -6.403124
 0.000000 -8.544004 -8.246211
 0.000000 -10.295630 -10.000000
 0.000000 -10.295630 -10.000000
 0.000000 -9.486833 -9.219544
 0.000000 -6.082763 -5.830952
 0.000000 -9.433981 -9.219544
 0.000000 -9.433981 -9.219544
 0.000000 -9.433981 -9.219544
 0.000000 -7.211103 -7.000000
 0.000000 -12.369317 -12.165525
 0.000000 -23.021729 -22.825424
 0.000000 -13.341664 -13.152946
 0.000000 -8.246211 -8.062258
 0.000000 -8.246211 -8.062258
 0.000000 -8.246211 -8.062258
 0.000000 -5.830952 -5.656854
 0.000000 -6.000000 -5.830952
 0.000000 -3.162278 -3.000000
 0.000000 -7.211103 -7.071068
 0.000000 -4.123106 -4.000000
 0.000000 -8.602325 -8.485281
 0.000000 -5.099020 -5.000000
 0.000000 -5.099020 -5.000000
 0.000000 -12.083046 -12.000000
 0.000000 -6.082763 -6.000000
 0.000000 -6.082763 -6.000000
 0.000000 -13.416408 -13.341664
 0.000000 -13.416408 -13.341664
 0.000000 -7.071068 -7.000000
 0.000000 -7.071068 -7.000000
 0.000000 -7.071068 -7.000000
 0.000000 -7.071068 -7.000000
 0.000000 -8.062258 -8.000000
 0.000000 -8.062258 -8.000000
 0.000000 -8.544004 -8.485281
 0.000000 -9.000000 -8.944272
 0.000000 -9.055385 -9.000000
 0.000000 -10.049876 -10.000000
 0.000000 -10.049876 -10.000000
