 1.000000  4.123106 15.524175
 1.000000 -6.082763  4.000000
 1.000000 -6.403124  3.605551
 1.000000 -5.385165  4.123106
 1.000000  1.000000  9.219544
 1.000000  2.000000 10.000000
 1.000000 -5.099020  2.236068
 1.000000 -6.000000  1.000000
 1.000000 -4.000000  2.828427
 1.000000  2.828427  9.486833
 1.000000 -2.000000  4.472136
 1.000000  3.000000  9.219544
 1.000000  7.071068 12.806248
 1.000000  6.324555 11.661904
 1.000000  3.000000  8.062258
 1.000000  3.000000  8.062258
 1.000000 -1.414214  3.605551
 1.000000  1.414214  6.324555
 1.000000  4.000000  8.544004
 1.000000 -1.414214  3.000000
 1.000000 -2.828427  1.000000
 1.000000  8.944272 12.529964
 1.000000 -2.000000  1.414214
 1.000000  3.605551  7.000000
 1.000000 -2.000000  1.000000
 1.000000  4.472136  7.000000
 1.000000  8.944272 11.313708
 1.000000  6.708204  8.944272
 1.000000 -1.000000  1.000000
 1.000000  9.000000 10.816654
 1.000000  3.605551  5.385165
 1.000000  3.000000  4.242641
 1.000000  7.000000  8.062258
 1.000000  5.385165  6.403124
 1.000000  3.000000  4.000000
 1.000000  1.000000  2.000000
 1.000000  6.000000  7.000000
 1.000000  7.211103  8.062258
 1.000000  3.162278  4.000000
 1.000000  3.162278  4.000000
 1.000000  2.000000  2.828427
 1.000000  2.000000  2.828427
 1.000000  2.000000  2.828427
 1.000000  2.828427  3.605551
 1.000000  2.828427  3.605551
 1.000000  4.242641  5.000000
 1.000000  4.242641  5.000000
 1.000000  6.324555  7.071068
 1.000000 11.000000 11.704700
 1.000000 10.630146 11.313708
 1.000000  9.219544  9.899495
 1.000000  9.219544  9.899495
 1.000000  5.000000  5.656854
 1.000000  5.000000  5.656854
 1.000000  3.605551  4.242641
 1.000000  3.605551  4.242641
 1.000000  4.472136  5.099020
 1.000000  4.472136  5.099020
 1.000000  7.000000  7.615773
 1.000000  7.211103  7.810250
 1.000000  2.236068  2.828427
 1.000000  2.236068  2.828427
 1.000000  2.236068  2.828427
 1.000000  2.236068  2.828427
 1.000000  2.236068  2.828427
 1.000000  2.236068  2.828427
 1.000000  1.414214  2.000000
 1.000000  1.414214  2.000000
 1.000000  1.414214  2.000000
 1.000000  5.830952  6.403124
 1.000000  9.433981 10.000000
 1.000000  8.062258  8.602325
 1.000000  8.062258  8.602325
 1.000000  4.472136  5.000000
 1.000000  4.472136  5.000000
 1.000000  4.472136  5.000000
 1.000000  4.472136  5.000000
 1.000000  4.472136  5.000000
 1.000000  4.472136  5.000000
 1.000000  4.472136  5.000000
 1.000000  4.472136  5.000000
 1.000000 11.180340 11.704700
 1.000000 10.295630 10.816654
 1.000000  3.605551  4.123106
 1.000000  6.708204  7.211103
 1.000000 10.816654 11.313708
 1.000000  5.830952  6.324555
 1.000000  8.944272  9.433981
 1.000000  8.062258  8.544004
 1.000000 11.180340 11.661904
 1.000000 10.295630 10.770330
 1.000000 14.317821 14.764823
 1.000000  9.848858 10.295630
 1.000000  5.385165  5.830952
 1.000000  3.162278  3.605551
 1.000000  3.162278  3.605551
 1.000000  3.162278  3.605551
 1.000000  3.162278  3.605551
 1.000000  3.162278  3.605551
 1.000000  9.433981  9.848858
 1.000000  1.000000  1.414214
 1.000000  1.000000  1.414214
 1.000000  1.000000  1.414214
 1.000000  1.000000  1.414214
 1.000000 10.770330 11.180340
 1.000000  8.544004  8.944272
 1.000000  9.899495 10.295630
 1.000000  5.000000  5.385165
 1.000000  5.000000  5.385165
 1.000000  7.615773  8.000000
 1.000000  6.324555  6.708204
 1.000000  6.324555  6.708204
 1.000000  8.602325  8.944272
 1.000000  7.280110  7.615773
 1.000000  7.280110  7.615773
 1.000000  7.280110  7.615773
 1.000000  7.280110  7.615773
 1.000000  2.828427  3.162278
 1.000000  6.403124  6.708204
 1.000000 11.401754 11.704700
 1.000000  6.708204  7.000000
 1.000000  6.708204  7.000000
 1.000000  5.099020  5.385165
 1.000000  5.099020  5.385165
 1.000000  7.000000  7.280110
 1.000000 14.142136 14.422205
 1.000000  5.385165  5.656854
 1.000000  9.219544  9.486833
 1.000000  9.219544  9.486833
 1.000000 11.401754 11.661904
 1.000000  7.810250  8.062258
 1.000000  7.810250  8.062258
 1.000000  6.082763  6.324555
 1.000000  6.082763  6.324555
 1.000000  6.082763  6.324555
 1.000000  2.000000  2.236068
 1.000000  2.000000  2.236068
 1.000000  2.000000  2.236068
 1.000000  2.000000  2.236068
 1.000000  2.000000  2.236068
 1.000000  2.000000  2.236068
 1.000000 10.770330 11.000000
 1.000000  4.242641  4.472136
 1.000000  4.242641  4.472136
 1.000000  4.242641  4.472136
 1.000000  4.242641  4.472136
 1.000000  9.219544  9.433981
 1.000000  9.219544  9.433981
 1.000000  9.219544  9.433981
 1.000000  9.219544  9.433981
 1.000000  7.000000  7.211103
 1.000000  7.071068  7.280110
 1.000000  7.615773  7.810250
 1.000000  7.615773  7.810250
 1.000000 10.440307 10.630146
 1.000000  5.656854  5.830952
 1.000000  5.656854  5.830952
 1.000000  2.828427  3.000000
 1.000000  2.828427  3.000000
 1.000000  2.828427  3.000000
 1.000000  5.830952  6.000000
 1.000000  9.055385  9.219544
 1.000000  9.055385  9.219544
 1.000000  3.000000  3.162278
 1.000000  3.000000  3.162278
 1.000000  3.000000  3.162278
 1.000000  3.000000  3.162278
 1.000000  3.000000  3.162278
 1.000000  3.000000  3.162278
 1.000000 10.630146 10.770330
 1.000000  7.071068  7.211103
 1.000000  7.071068  7.211103
 1.000000  7.071068  7.211103
 1.000000 11.180340 11.313708
 1.000000  4.000000  4.123106
 1.000000  4.000000  4.123106
 1.000000  4.000000  4.123106
 1.000000  4.000000  4.123106
 1.000000  4.000000  4.123106
 1.000000  4.000000  4.123106
 1.000000  4.000000  4.123106
 1.000000  4.123106  4.242641
 1.000000  4.123106  4.242641
 1.000000  4.123106  4.242641
 1.000000  4.123106  4.242641
 1.000000  4.123106  4.242641
 1.000000  8.485281  8.602325
 1.000000  8.485281  8.602325
 1.000000  9.899495 10.000000
 1.000000  5.000000  5.099020
 1.000000  5.000000  5.099020
 1.000000  5.000000  5.099020
 1.000000  5.000000  5.099020
 1.000000 11.313708 11.401754
 1.000000  6.000000  6.082763
 1.000000  6.000000  6.082763
 1.000000  6.324555  6.403124
 1.000000  6.324555  6.403124
 1.000000  6.324555  6.403124
 1.000000  7.000000  7.071068
 1.000000 14.142136 14.212670
 1.000000  8.000000  8.062258
 1.000000  8.000000  8.062258
 1.000000  8.000000  8.062258
 1.000000  8.000000  8.062258
 1.000000  8.544004  8.602325
 1.000000  9.848858  9.899495
 1.000000 10.000000 10.049876
 1.000000 12.000000 12.041595
 0.000000 -18.439089       inf
 0.000000 -15.524175  3.000000
 0.000000 -13.601471  4.000000
 0.000000 -18.248288 -1.000000
 0.000000 -9.848858  6.082763
 0.000000 -7.615773  7.071068
 0.000000 -12.369317  2.000000
 0.000000 -15.556349 -1.414214
 0.000000 -10.630146  3.000000
 0.000000 -11.661904  1.414214
 0.000000 -18.000000 -8.062258
 0.000000 -7.280110  1.000000
 0.000000 -5.830952  2.236068
 0.000000 -6.403124  1.414214
 0.000000 -8.944272 -1.414214
 0.000000 -11.401754 -4.000000
 0.000000 -10.049876 -4.242641
 0.000000 -12.041595 -6.324555
 0.000000 -11.180340 -6.082763
 0.000000 -3.000000  2.000000
 0.000000 -13.892444 -9.000000
 0.000000 -9.000000 -4.242641
 0.000000 -6.708204 -2.236068
 0.000000 -11.180340 -6.708204
 0.000000 -10.000000 -5.656854
 0.000000 -8.062258 -4.000000
 0.000000 -8.062258 -4.123106
 0.000000 -5.830952 -2.000000
 0.000000 -6.000000 -2.236068
 0.000000 -6.000000 -2.236068
 0.000000 -10.198039 -7.000000
 0.000000 -12.727922 -9.899495
 0.000000 -5.000000 -2.236068
 0.000000 -10.630146 -8.000000
 0.000000 -8.602325 -6.000000
 0.000000 -8.944272 -6.403124
 0.000000 -1.000000  1.414214
 0.000000 -6.324555 -4.000000
 0.000000 -9.000000 -6.708204
 0.000000 -12.000000 -9.848858
 0.000000 -9.848858 -7.810250
 0.000000 -6.000000 -4.000000
 0.000000 -7.000000 -5.000000
 0.000000 -6.082763 -4.123106
 0.000000 -8.062258 -6.403124
 0.000000 -8.062258 -6.403124
 0.000000 -8.544004 -7.071068
 0.000000 -4.472136 -3.000000
 0.000000 -12.206556 -10.770330
 0.000000 -8.944272 -7.615773
 0.000000 -8.062258 -7.071068
 0.000000 -7.071068 -6.082763
 0.000000 -10.000000 -9.055385
 0.000000 -9.848858 -9.000000
 0.000000 -5.830952 -5.000000
 0.000000 -8.000000 -7.211103
 0.000000 -7.071068 -6.324555
 0.000000 -7.810250 -7.071068
 0.000000 -14.866069 -14.142136
 0.000000 -7.071068 -6.403124
 0.000000 -7.211103 -6.708204
 0.000000 -9.486833 -9.000000
 0.000000 -8.062258 -7.615773
 0.000000 -7.615773 -7.211103
 0.000000 -11.401754 -11.000000
 0.000000 -8.944272 -8.544004
 0.000000 -12.083046 -11.704700
 0.000000 -12.083046 -11.704700
 0.000000 -6.324555 -6.000000
 0.000000 -6.324555 -6.000000
 0.000000 -6.708204 -6.403124
 0.000000 -6.708204 -6.403124
 0.000000 -5.385165 -5.099020
 0.000000 -9.219544 -8.944272
 0.000000 -8.062258 -7.810250
 0.000000 -8.062258 -7.810250
 0.000000 -8.246211 -8.000000
 0.000000 -6.324555 -6.082763
 0.000000 -6.324555 -6.082763
 0.000000 -4.472136 -4.242641
 0.000000 -4.472136 -4.242641
 0.000000 -9.219544 -9.000000
 0.000000 -7.810250 -7.615773
 0.000000 -6.000000 -5.830952
 0.000000 -17.262677 -17.117243
 0.000000 -7.211103 -7.071068
 0.000000 -7.211103 -7.071068
 0.000000 -7.211103 -7.071068
 0.000000 -7.211103 -7.071068
 0.000000 -7.211103 -7.071068
 0.000000 -7.211103 -7.071068
 0.000000 -7.211103 -7.071068
 0.000000 -7.211103 -7.071068
 0.000000 -7.211103 -7.071068
 0.000000 -7.211103 -7.071068
 0.000000 -7.211103 -7.071068
 0.000000 -11.180340 -11.045361
 0.000000 -11.401754 -11.313708
 0.000000 -6.082763 -6.000000
 0.000000 -7.280110 -7.211103
 0.000000 -8.062258 -8.000000
 0.000000 -8.062258 -8.000000
 0.000000 -9.055385 -9.000000
 0.000000 -9.055385 -9.000000
 0.000000 -9.055385 -9.000000
 0.000000 -10.816654 -10.770330
