 1.000000  6.000000 16.763055
 1.000000  2.000000 10.049876
 1.000000  5.000000 13.000000
 1.000000  1.000000  8.246211
 1.000000 -4.242641  3.000000
 1.000000 -5.000000  2.236068
 1.000000  3.000000  9.848858
 1.000000 -4.242641  2.000000
 1.000000 -2.236068  3.605551
 1.000000 -3.000000  2.828427
 1.000000  3.162278  8.944272
 1.000000 -2.236068  2.828427
 1.000000  5.000000 10.000000
 1.000000  2.828427  7.810250
 1.000000  6.000000 10.295630
 1.000000 -2.236068  2.000000
 1.000000 -3.162278  1.000000
 1.000000  2.236068  5.656854
 1.000000 -2.000000  1.414214
 1.000000  3.000000  6.324555
 1.000000  6.324555  9.486833
 1.000000 -1.000000  2.000000
 1.000000  3.000000  5.830952
 1.000000  1.414214  4.242641
 1.000000  1.414214  4.123106
 1.000000  3.000000  5.656854
 1.000000  3.000000  5.656854
 1.000000  7.810250 10.198039
 1.000000  6.403124  8.485281
 1.000000  6.000000  8.062258
 1.000000  8.485281 10.000000
 1.000000  4.000000  5.385165
 1.000000  3.162278  4.472136
 1.000000  6.000000  7.280110
 1.000000  8.246211  9.433981
 1.000000  2.828427  4.000000
 1.000000  5.656854  6.708204
 1.000000  8.485281  9.486833
 1.000000  5.000000  6.000000
 1.000000  7.000000  8.000000
 1.000000  3.000000  4.000000
 1.000000  6.082763  7.000000
 1.000000  7.211103  8.062258
 1.000000  9.000000  9.848858
 1.000000  3.162278  4.000000
 1.000000  2.828427  3.605551
 1.000000  4.242641  5.000000
 1.000000  5.656854  6.403124
 1.000000  7.810250  8.485281
 1.000000  5.000000  5.656854
 1.000000  5.000000  5.656854
 1.000000  3.605551  4.242641
 1.000000  3.605551  4.242641
 1.000000  8.602325  9.219544
 1.000000  8.602325  9.219544
 1.000000  7.211103  7.810250
 1.000000  2.236068  2.828427
 1.000000  2.236068  2.828427
 1.000000  2.236068  2.828427
 1.000000  2.236068  2.828427
 1.000000  2.236068  2.828427
 1.000000  2.236068  2.828427
 1.000000  2.236068  2.828427
 1.000000  2.236068  2.828427
 1.000000  2.236068  2.828427
 1.000000  2.236068  2.828427
 1.000000  2.236068  2.828427
 1.000000  2.236068  2.828427
 1.000000  1.414214  2.000000
 1.000000  1.414214  2.000000
 1.000000  1.414214  2.000000
 1.000000  1.414214  2.000000
 1.000000  1.414214  2.000000
 1.000000  5.830952  6.403124
 1.000000  5.830952  6.403124
 1.000000  5.830952  6.403124
 1.000000  5.830952  6.403124
 1.000000  8.062258  8.602325
 1.000000  4.472136  5.000000
 1.000000  4.472136  5.000000
 1.000000  4.472136  5.000000
 1.000000  4.472136  5.000000
 1.000000  4.472136  5.000000
 1.000000  4.472136  5.000000
 1.000000  4.472136  5.000000
 1.000000  3.605551  4.123106
 1.000000  6.708204  7.211103
 1.000000  7.615773  8.062258
 1.000000  5.385165  5.830952
 1.000000  5.385165  5.830952
 1.000000  3.162278  3.605551
 1.000000  3.162278  3.605551
 1.000000  3.162278  3.605551
 1.000000  3.162278  3.605551
 1.000000  3.162278  3.605551
 1.000000  3.162278  3.605551
 1.000000  3.162278  3.605551
 1.000000  3.162278  3.605551
 1.000000  3.162278  3.605551
 1.000000  3.162278  3.605551
 1.000000  3.162278  3.605551
 1.000000  3.162278  3.605551
 1.000000  3.162278  3.605551
 1.000000  3.162278  3.605551
 1.000000  3.162278  3.605551
 1.000000  3.162278  3.605551
 1.000000  9.055385  9.486833
 1.000000  8.062258  8.485281
 1.000000  8.062258  8.485281
 1.000000  8.062258  8.485281
 1.000000 11.661904 12.083046
 1.000000  1.000000  1.414214
 1.000000  1.000000  1.414214
 1.000000  1.000000  1.414214
 1.000000  1.000000  1.414214
 1.000000  1.000000  1.414214
 1.000000  1.000000  1.414214
 1.000000  1.000000  1.414214
 1.000000  1.000000  1.414214
 1.000000  1.000000  1.414214
 1.000000  1.000000  1.414214
 1.000000  1.000000  1.414214
 1.000000  1.000000  1.414214
 1.000000  8.544004  8.944272
 1.000000  8.544004  8.944272
 1.000000  5.000000  5.385165
 1.000000  5.000000  5.385165
 1.000000  5.000000  5.385165
 1.000000  7.615773  8.000000
 1.000000  6.324555  6.708204
 1.000000  6.708204  7.071068
 1.000000  4.123106  4.472136
 1.000000  4.123106  4.472136
 1.000000  4.123106  4.472136
 1.000000  8.602325  8.944272
 1.000000 11.661904 12.000000
 1.000000  7.280110  7.615773
 1.000000  2.828427  3.162278
 1.000000  2.828427  3.162278
 1.000000  2.828427  3.162278
 1.000000  2.828427  3.162278
 1.000000  6.000000  6.324555
 1.000000  6.000000  6.324555
 1.000000  6.403124  6.708204
 1.000000  6.403124  6.708204
 1.000000  6.403124  6.708204
 1.000000  6.403124  6.708204
 1.000000  8.246211  8.544004
 1.000000  5.099020  5.385165
 1.000000  5.099020  5.385165
 1.000000  5.099020  5.385165
 1.000000  8.944272  9.219544
 1.000000  8.944272  9.219544
 1.000000  8.944272  9.219544
 1.000000 16.278821 16.552945
 1.000000  5.385165  5.656854
 1.000000  5.385165  5.656854
 1.000000  7.810250  8.062258
 1.000000  5.830952  6.082763
 1.000000  5.830952  6.082763
 1.000000  2.000000  2.236068
 1.000000  2.000000  2.236068
 1.000000  2.000000  2.236068
 1.000000  2.000000  2.236068
 1.000000  2.000000  2.236068
 1.000000  2.000000  2.236068
 1.000000  2.000000  2.236068
 1.000000  4.242641  4.472136
 1.000000  4.242641  4.472136
 1.000000  4.242641  4.472136
 1.000000  9.219544  9.433981
 1.000000  9.219544  9.433981
 1.000000  7.071068  7.280110
 1.000000 16.763055 16.970563
 1.000000 17.262677 17.464249
 1.000000  7.615773  7.810250
 1.000000  7.615773  7.810250
 1.000000  7.615773  7.810250
 1.000000  7.810250  8.000000
 1.000000  7.810250  8.000000
 1.000000  8.062258  8.246211
 1.000000  8.062258  8.246211
 1.000000  8.062258  8.246211
 1.000000  2.828427  3.000000
 1.000000  2.828427  3.000000
 1.000000  2.828427  3.000000
 1.000000 12.041595 12.206556
 1.000000  9.055385  9.219544
 1.000000  3.000000  3.162278
 1.000000  3.000000  3.162278
 1.000000  3.000000  3.162278
 1.000000  3.000000  3.162278
 1.000000  3.000000  3.162278
 1.000000  3.000000  3.162278
 1.000000  3.000000  3.162278
 1.000000  3.000000  3.162278
 1.000000  3.000000  3.162278
 1.000000  3.000000  3.162278
 1.000000  3.000000  3.162278
 1.000000  7.071068  7.211103
 1.000000 16.155494 16.278821
 1.000000  4.000000  4.123106
 1.000000  4.000000  4.123106
 1.000000  4.000000  4.123106
 1.000000  4.000000  4.123106
 1.000000  4.000000  4.123106
 1.000000  4.000000  4.123106
 1.000000  4.123106  4.242641
 1.000000  8.485281  8.602325
 1.000000  8.485281  8.602325
 1.000000 18.000000 18.110770
 1.000000  5.000000  5.099020
 1.000000  5.000000  5.099020
 1.000000  6.000000  6.082763
 1.000000  6.000000  6.082763
 1.000000  6.324555  6.403124
 1.000000  6.324555  6.403124
 1.000000  6.324555  6.403124
 1.000000  6.324555  6.403124
 1.000000  6.324555  6.403124
 1.000000  7.000000  7.071068
 1.000000  7.000000  7.071068
 1.000000  7.000000  7.071068
 1.000000  7.211103  7.280110
 1.000000  8.000000  8.062258
 1.000000  8.000000  8.062258
 1.000000  8.544004  8.602325
 1.000000  8.544004  8.602325
 1.000000  9.000000  9.055385
 1.000000  9.000000  9.055385
 1.000000 11.000000 11.045361
 1.000000 18.000000 18.027756
 0.000000 -23.430749       inf
 0.000000 -15.620499  3.000000
 0.000000 -17.029386  1.000000
 0.000000 -17.204651 -2.828427
 0.000000 -7.810250  5.830952
 0.000000 -7.615773  4.123106
 0.000000 -17.088007 -5.656854
 0.000000 -17.029386 -5.830952
 0.000000 -9.848858  1.000000
 0.000000 -12.649111 -2.000000
 0.000000 -6.403124  2.828427
 0.000000 -6.324555  2.828427
 0.000000 -10.000000 -1.414214
 0.000000 -14.035669 -6.000000
 0.000000 -6.000000  1.414214
 0.000000 -9.486833 -2.236068
 0.000000 -15.524175 -9.219544
 0.000000 -11.180340 -5.385165
 0.000000 -8.544004 -3.000000
 0.000000 -11.000000 -5.656854
 0.000000 -8.944272 -3.605551
 0.000000 -9.000000 -4.242641
 0.000000 -10.049876 -5.385165
 0.000000 -8.062258 -3.605551
 0.000000 -6.324555 -2.000000
 0.000000 -10.198039 -6.000000
 0.000000 -15.231546 -11.180340
 0.000000 -11.000000 -7.000000
 0.000000 -9.899495 -6.000000
 0.000000 -7.211103 -3.605551
 0.000000 -9.486833 -6.403124
 0.000000 -5.099020 -2.236068
 0.000000 -5.830952 -3.000000
 0.000000 -7.810250 -5.000000
 0.000000 -11.401754 -8.944272
 0.000000 -8.246211 -5.830952
 0.000000 -6.403124 -4.000000
 0.000000 -6.708204 -4.472136
 0.000000 -9.486833 -7.280110
 0.000000 -8.062258 -6.000000
 0.000000 -1.000000  1.000000
 0.000000 -7.000000 -5.000000
 0.000000 -6.403124 -4.472136
 0.000000 -6.324555 -4.472136
 0.000000 -9.899495 -8.062258
 0.000000 -7.071068 -5.385165
 0.000000 -5.656854 -4.123106
 0.000000 -7.810250 -6.403124
 0.000000 -5.385165 -4.000000
 0.000000 -9.000000 -7.810250
 0.000000 -10.049876 -9.055385
 0.000000 -4.000000 -3.162278
 0.000000 -5.830952 -5.000000
 0.000000 -13.000000 -12.206556
 0.000000 -10.000000 -9.219544
 0.000000 -7.000000 -6.324555
 0.000000 -14.000000 -13.341664
 0.000000 -9.848858 -9.219544
 0.000000 -13.601471 -13.000000
 0.000000 -2.828427 -2.236068
 0.000000 -7.615773 -7.071068
 0.000000 -10.440307 -10.000000
 0.000000 -6.708204 -6.324555
 0.000000 -6.708204 -6.324555
 0.000000 -7.071068 -6.708204
 0.000000 -7.615773 -7.280110
 0.000000 -7.615773 -7.280110
 0.000000 -6.708204 -6.403124
 0.000000 -6.708204 -6.403124
 0.000000 -9.486833 -9.219544
 0.000000 -9.486833 -9.219544
 0.000000 -11.661904 -11.401754
 0.000000 -11.661904 -11.401754
 0.000000 -6.324555 -6.082763
 0.000000 -4.472136 -4.242641
 0.000000 -4.472136 -4.242641
 0.000000 -9.433981 -9.219544
 0.000000 -9.433981 -9.219544
 0.000000 -9.433981 -9.219544
 0.000000 -7.280110 -7.071068
 0.000000 -5.830952 -5.656854
 0.000000 -12.165525 -12.000000
 0.000000 -9.219544 -9.055385
 0.000000 -10.198039 -10.049876
 0.000000 -10.770330 -10.630146
 0.000000 -9.055385 -8.944272
 0.000000 -10.000000 -9.899495
 0.000000 -5.099020 -5.000000
 0.000000 -5.099020 -5.000000
 0.000000 -16.124515 -16.031220
 0.000000 -6.082763 -6.000000
 0.000000 -6.082763 -6.000000
 0.000000 -6.082763 -6.000000
 0.000000 -6.082763 -6.000000
 0.000000 -13.416408 -13.341664
 0.000000 -7.071068 -7.000000
 0.000000 -14.212670 -14.142136
 0.000000 -8.062258 -8.000000
 0.000000 -8.062258 -8.000000
 0.000000 -8.544004 -8.485281
 0.000000 -8.544004 -8.485281
 0.000000 -9.055385 -9.000000
 0.000000 -9.055385 -9.000000
 0.000000 -9.055385 -9.000000
 0.000000 -9.055385 -9.000000
 0.000000 -10.049876 -10.000000
 0.000000 -13.038405 -13.000000
