 1.000000  4.000000 20.024984
 1.000000  2.000000 16.552945
 1.000000  3.000000 15.231546
 1.000000 -8.000000  2.236068
 1.000000 -6.000000  3.162278
 1.000000 -5.385165  2.828427
 1.000000 -6.708204  1.000000
 1.000000 -3.162278  4.472136
 1.000000  2.828427 10.198039
 1.000000 -5.000000  2.236068
 1.000000 -5.830952  1.000000
 1.000000 -1.414214  5.000000
 1.000000  3.000000  9.219544
 1.000000 -4.123106  1.000000
 1.000000  5.000000  9.899495
 1.000000  3.162278  8.000000
 1.000000  8.000000 12.083046
 1.000000  2.000000  5.830952
 1.000000  5.656854  9.433981
 1.000000  1.414214  5.099020
 1.000000  2.236068  5.656854
 1.000000  6.403124  9.486833
 1.000000  5.385165  8.062258
 1.000000 11.000000 13.601471
 1.000000 -1.000000  1.414214
 1.000000  4.123106  6.403124
 1.000000  7.000000  9.000000
 1.000000  6.000000  8.000000
 1.000000 -1.000000  1.000000
 1.000000 -1.000000  1.000000
 1.000000  4.000000  5.830952
 1.000000  4.000000  5.656854
 1.000000  1.414214  3.000000
 1.000000  3.605551  5.000000
 1.000000  3.605551  5.000000
 1.000000  5.830952  7.071068
 1.000000  2.000000  3.000000
 1.000000  3.000000  4.000000
 1.000000  4.000000  5.000000
 1.000000  3.000000  4.000000
 1.000000  5.000000  5.830952
 1.000000  1.414214  2.236068
 1.000000  4.242641  5.000000
 1.000000  4.242641  5.000000
 1.000000  7.071068  7.810250
 1.000000  9.219544  9.899495
 1.000000  8.544004  9.219544
 1.000000  6.403124  7.071068
 1.000000  6.403124  7.071068
 1.000000  8.602325  9.219544
 1.000000  7.000000  7.615773
 1.000000  7.211103  7.810250
 1.000000  2.236068  2.828427
 1.000000  2.236068  2.828427
 1.000000  2.236068  2.828427
 1.000000  2.236068  2.828427
 1.000000  2.236068  2.828427
 1.000000  2.236068  2.828427
 1.000000  2.236068  2.828427
 1.000000  1.414214  2.000000
 1.000000  1.414214  2.000000
 1.000000  4.472136  5.000000
 1.000000  4.472136  5.000000
 1.000000  4.472136  5.000000
 1.000000  4.472136  5.000000
 1.000000  4.472136  5.000000
 1.000000  3.605551  4.123106
 1.000000  3.605551  4.123106
 1.000000  3.605551  4.123106
 1.000000 17.204651 17.720045
 1.000000  5.830952  6.324555
 1.000000  8.944272  9.433981
 1.000000  8.944272  9.433981
 1.000000  8.062258  8.544004
 1.000000  8.485281  8.944272
 1.000000  7.615773  8.062258
 1.000000  5.385165  5.830952
 1.000000  5.385165  5.830952
 1.000000  5.385165  5.830952
 1.000000  3.162278  3.605551
 1.000000  3.162278  3.605551
 1.000000  3.162278  3.605551
 1.000000  3.162278  3.605551
 1.000000  3.162278  3.605551
 1.000000  3.162278  3.605551
 1.000000 14.000000 14.422205
 1.000000  9.433981  9.848858
 1.000000  1.000000  1.414214
 1.000000  8.544004  8.944272
 1.000000  3.605551  4.000000
 1.000000  6.324555  6.708204
 1.000000  6.708204  7.071068
 1.000000  6.708204  7.071068
 1.000000  6.708204  7.071068
 1.000000  6.708204  7.071068
 1.000000 18.027756 18.384776
 1.000000  4.123106  4.472136
 1.000000  4.123106  4.472136
 1.000000  8.602325  8.944272
 1.000000  8.602325  8.944272
 1.000000  7.280110  7.615773
 1.000000  2.828427  3.162278
 1.000000 15.811388 16.124515
 1.000000 17.492856 17.804494
 1.000000  6.403124  6.708204
 1.000000 18.384776 18.681542
 1.000000  5.099020  5.385165
 1.000000  8.944272  9.219544
 1.000000  8.944272  9.219544
 1.000000  5.385165  5.656854
 1.000000  5.385165  5.656854
 1.000000 13.892444 14.142136
 1.000000  8.000000  8.246211
 1.000000  6.082763  6.324555
 1.000000  6.082763  6.324555
 1.000000  6.082763  6.324555
 1.000000  6.082763  6.324555
 1.000000  8.246211  8.485281
 1.000000  2.000000  2.236068
 1.000000  2.000000  2.236068
 1.000000  2.000000  2.236068
 1.000000  2.000000  2.236068
 1.000000  2.000000  2.236068
 1.000000  2.000000  2.236068
 1.000000  2.000000  2.236068
 1.000000  2.000000  2.236068
 1.000000  2.000000  2.236068
 1.000000  2.000000  2.236068
 1.000000  2.000000  2.236068
 1.000000  2.000000  2.236068
 1.000000  2.000000  2.236068
 1.000000 19.416488 19.646883
 1.000000  4.242641  4.472136
 1.000000  4.242641  4.472136
 1.000000  4.242641  4.472136
 1.000000  9.000000  9.219544
 1.000000  9.219544  9.433981
 1.000000  9.219544  9.433981
 1.000000 17.691806 17.888544
 1.000000  8.062258  8.246211
 1.000000  8.062258  8.246211
 1.000000  5.656854  5.830952
 1.000000  5.656854  5.830952
 1.000000  5.656854  5.830952
 1.000000  5.656854  5.830952
 1.000000  5.656854  5.830952
 1.000000  9.055385  9.219544
 1.000000  3.000000  3.162278
 1.000000  3.000000  3.162278
 1.000000 13.453624 13.601471
 1.000000 18.973666 19.104973
 1.000000  4.000000  4.123106
 1.000000  4.000000  4.123106
 1.000000  4.000000  4.123106
 1.000000  4.000000  4.123106
 1.000000  4.000000  4.123106
 1.000000  4.000000  4.123106
 1.000000  5.000000  5.099020
 1.000000  6.000000  6.082763
 1.000000  6.000000  6.082763
 1.000000  6.000000  6.082763
 1.000000  6.000000  6.082763
 1.000000  6.324555  6.403124
 1.000000  7.000000  7.071068
 1.000000  7.000000  7.071068
 1.000000  8.000000  8.062258
 1.000000  8.485281  8.544004
 1.000000  9.000000  9.055385
 1.000000  9.000000  9.055385
 1.000000  9.000000  9.055385
 1.000000 10.000000 10.049876
 1.000000 12.041595 12.083046
 1.000000 17.000000 17.029386
 0.000000 -18.384776       inf
 0.000000 -14.317821  3.162278
 0.000000 -15.000000  2.000000
 0.000000 -13.000000  2.828427
 0.000000 -17.262677 -2.236068
 0.000000 -12.806248  1.414214
 0.000000 -10.295630  1.414214
 0.000000 -12.806248 -1.414214
 0.000000 -4.000000  6.403124
 0.000000 -7.000000  3.000000
 0.000000 -4.000000  5.656854
 0.000000 -7.211103  2.000000
 0.000000 -6.000000  3.000000
 0.000000 -5.099020  3.000000
 0.000000 -2.000000  5.099020
 0.000000 -9.899495 -2.828427
 0.000000 -8.944272 -2.236068
 0.000000 -17.262677 -10.630146
 0.000000 -12.000000 -6.000000
 0.000000 -8.485281 -3.000000
 0.000000 -11.045361 -6.000000
 0.000000 -10.000000 -5.000000
 0.000000 -10.000000 -5.000000
 0.000000 -7.211103 -2.236068
 0.000000 -7.615773 -3.000000
 0.000000 -13.000000 -8.485281
 0.000000 -11.313708 -7.071068
 0.000000 -7.071068 -3.000000
 0.000000 -6.000000 -2.000000
 0.000000 -11.000000 -7.000000
 0.000000 -9.848858 -6.324555
 0.000000 -15.652476 -12.369317
 0.000000 -8.062258 -5.000000
 0.000000 -8.062258 -5.000000
 0.000000 -9.219544 -6.324555
 0.000000 -7.810250 -5.000000
 0.000000 -6.324555 -3.605551
 0.000000 -10.198039 -7.810250
 0.000000 -9.433981 -7.071068
 0.000000 -5.830952 -3.605551
 0.000000 -6.082763 -4.472136
 0.000000 -10.000000 -8.544004
 0.000000 -8.062258 -6.708204
 0.000000 -6.324555 -5.000000
 0.000000 -8.000000 -6.708204
 0.000000 -10.295630 -9.055385
 0.000000 -6.082763 -5.000000
 0.000000 -7.000000 -6.000000
 0.000000 -6.000000 -5.000000
 0.000000 -8.000000 -7.000000
 0.000000 -8.062258 -7.071068
 0.000000 -8.944272 -8.000000
 0.000000 -3.162278 -2.236068
 0.000000 -11.704700 -10.816654
 0.000000 -8.062258 -7.211103
 0.000000 -11.045361 -10.295630
 0.000000 -6.324555 -5.656854
 0.000000 -7.615773 -7.000000
 0.000000 -7.810250 -7.211103
 0.000000 -7.810250 -7.211103
 0.000000 -7.000000 -6.403124
 0.000000 -6.403124 -5.830952
 0.000000 -6.403124 -5.830952
 0.000000 -11.000000 -10.440307
 0.000000 -10.440307 -9.899495
 0.000000 -8.602325 -8.062258
 0.000000 -10.000000 -9.486833
 0.000000 -11.313708 -10.816654
 0.000000 -6.324555 -5.830952
 0.000000 -8.944272 -8.485281
 0.000000 -8.062258 -7.615773
 0.000000 -7.615773 -7.211103
 0.000000 -8.944272 -8.544004
 0.000000 -5.385165 -5.000000
 0.000000 -8.944272 -8.602325
 0.000000 -7.615773 -7.280110
 0.000000 -10.630146 -10.295630
 0.000000 -8.062258 -7.810250
 0.000000 -9.219544 -9.000000
 0.000000 -9.433981 -9.219544
 0.000000 -8.000000 -7.810250
 0.000000 -10.816654 -10.630146
 0.000000 -8.246211 -8.062258
 0.000000 -8.246211 -8.062258
 0.000000 -5.830952 -5.656854
 0.000000 -6.000000 -5.830952
 0.000000 -12.165525 -12.000000
 0.000000 -9.219544 -9.055385
 0.000000 -3.162278 -3.000000
 0.000000 -10.440307 -10.295630
 0.000000 -10.770330 -10.630146
 0.000000 -10.770330 -10.630146
 0.000000 -7.211103 -7.071068
 0.000000 -7.211103 -7.071068
 0.000000 -7.211103 -7.071068
 0.000000 -7.211103 -7.071068
 0.000000 -7.211103 -7.071068
 0.000000 -8.602325 -8.485281
 0.000000 -9.055385 -8.944272
 0.000000 -5.099020 -5.000000
 0.000000 -5.099020 -5.000000
 0.000000 -6.082763 -6.000000
 0.000000 -6.082763 -6.000000
 0.000000 -6.082763 -6.000000
 0.000000 -7.071068 -7.000000
 0.000000 -7.071068 -7.000000
 0.000000 -7.280110 -7.211103
 0.000000 -7.280110 -7.211103
 0.000000 -8.544004 -8.485281
 0.000000 -8.602325 -8.544004
 0.000000 -8.602325 -8.544004
 0.000000 -10.049876 -10.000000
 0.000000 -17.029386 -17.000000
 0.000000 -18.384776 -18.357560
