 1.000000 -3.162278 14.000000
 1.000000 -4.472136  5.830952
 1.000000 -2.828427  7.000000
 1.000000  1.414214 10.816654
 1.000000 -5.656854  3.605551
 1.000000 -3.162278  6.082763
 1.000000 -4.242641  5.000000
 1.000000  2.000000 10.000000
 1.000000 -3.000000  5.000000
 1.000000  2.000000  9.433981
 1.000000  6.000000 13.000000
 1.000000  2.828427  9.486833
 1.000000 -4.472136  1.000000
 1.000000 -1.000000  4.123106
 1.000000  5.000000  9.899495
 1.000000  3.605551  8.000000
 1.000000 -2.236068  2.000000
 1.000000 -1.000000  2.828427
 1.000000  9.486833 13.038405
 1.000000  1.000000  4.123106
 1.000000  4.123106  7.211103
 1.000000 -1.000000  2.000000
 1.000000  3.000000  6.000000
 1.000000  2.828427  5.656854
 1.000000  2.236068  5.000000
 1.000000  3.605551  6.324555
 1.000000  3.605551  6.082763
 1.000000 -1.414214  1.000000
 1.000000  4.000000  6.403124
 1.000000  8.000000 10.049876
 1.000000 -1.000000  1.000000
 1.000000 -1.000000  1.000000
 1.000000  4.000000  6.000000
 1.000000  1.000000  3.000000
 1.000000  5.099020  7.071068
 1.000000  4.242641  6.000000
 1.000000  2.828427  4.472136
 1.000000  2.828427  4.123106
 1.000000  2.000000  3.162278
 1.000000  1.000000  2.000000
 1.000000  1.000000  2.000000
 1.000000  6.000000  7.000000
 1.000000  4.000000  5.000000
 1.000000  1.000000  2.000000
 1.000000  2.236068  3.162278
 1.000000  4.123106  5.000000
 1.000000  4.123106  5.000000
 1.000000  4.123106  5.000000
 1.000000  3.605551  4.472136
 1.000000  3.605551  4.472136
 1.000000 11.313708 12.165525
 1.000000  2.000000  2.828427
 1.000000  1.414214  2.236068
 1.000000  5.099020  5.830952
 1.000000  7.280110  8.000000
 1.000000  9.486833 10.198039
 1.000000  5.000000  5.656854
 1.000000  3.605551  4.242641
 1.000000  4.472136  5.099020
 1.000000  2.236068  2.828427
 1.000000  2.236068  2.828427
 1.000000  2.236068  2.828427
 1.000000  2.236068  2.828427
 1.000000  2.236068  2.828427
 1.000000  2.236068  2.828427
 1.000000  2.236068  2.828427
 1.000000  2.236068  2.828427
 1.000000  2.236068  2.828427
 1.000000  1.414214  2.000000
 1.000000  1.414214  2.000000
 1.000000  1.414214  2.000000
 1.000000  1.414214  2.000000
 1.000000 10.198039 10.770330
 1.000000  9.433981 10.000000
 1.000000  4.472136  5.000000
 1.000000  4.472136  5.000000
 1.000000  4.472136  5.000000
 1.000000  4.472136  5.000000
 1.000000  4.472136  5.000000
 1.000000  4.472136  5.000000
 1.000000  3.605551  4.123106
 1.000000  3.605551  4.123106
 1.000000  3.605551  4.123106
 1.000000  3.605551  4.123106
 1.000000  3.605551  4.123106
 1.000000  3.605551  4.123106
 1.000000  3.605551  4.123106
 1.000000  8.062258  8.544004
 1.000000  8.062258  8.544004
 1.000000  8.062258  8.544004
 1.000000  9.433981  9.899495
 1.000000  5.385165  5.830952
 1.000000  5.385165  5.830952
 1.000000  5.385165  5.830952
 1.000000  3.162278  3.605551
 1.000000  3.162278  3.605551
 1.000000  3.162278  3.605551
 1.000000  3.162278  3.605551
 1.000000  3.162278  3.605551
 1.000000  3.162278  3.605551
 1.000000  3.162278  3.605551
 1.000000  3.162278  3.605551
 1.000000  3.162278  3.605551
 1.000000  3.162278  3.605551
 1.000000  3.162278  3.605551
 1.000000  3.162278  3.605551
 1.000000  9.433981  9.848858
 1.000000  1.000000  1.414214
 1.000000  1.000000  1.414214
 1.000000 10.770330 11.180340
 1.000000  8.544004  8.944272
 1.000000  3.605551  4.000000
 1.000000  5.000000  5.385165
 1.000000  5.000000  5.385165
 1.000000  5.000000  5.385165
 1.000000  5.000000  5.385165
 1.000000  5.000000  5.385165
 1.000000 11.704700 12.083046
 1.000000 11.704700 12.083046
 1.000000 11.704700 12.083046
 1.000000  9.486833  9.848858
 1.000000  4.123106  4.472136
 1.000000  4.123106  4.472136
 1.000000  4.123106  4.472136
 1.000000  4.123106  4.472136
 1.000000  4.123106  4.472136
 1.000000  4.123106  4.472136
 1.000000  4.123106  4.472136
 1.000000  2.828427  3.162278
 1.000000  2.828427  3.162278
 1.000000  2.828427  3.162278
 1.000000  2.828427  3.162278
 1.000000  6.403124  6.708204
 1.000000  5.099020  5.385165
 1.000000  5.099020  5.385165
 1.000000  5.385165  5.656854
 1.000000  5.385165  5.656854
 1.000000  5.385165  5.656854
 1.000000  9.219544  9.486833
 1.000000 11.401754 11.661904
 1.000000 11.401754 11.661904
 1.000000 11.401754 11.661904
 1.000000 11.401754 11.661904
 1.000000  5.830952  6.082763
 1.000000 10.198039 10.440307
 1.000000 10.198039 10.440307
 1.000000  6.082763  6.324555
 1.000000  2.000000  2.236068
 1.000000  2.000000  2.236068
 1.000000  2.000000  2.236068
 1.000000  2.000000  2.236068
 1.000000  2.000000  2.236068
 1.000000  2.000000  2.236068
 1.000000  2.000000  2.236068
 1.000000  2.000000  2.236068
 1.000000  2.000000  2.236068
 1.000000  2.000000  2.236068
 1.000000  2.000000  2.236068
 1.000000  2.000000  2.236068
 1.000000  2.000000  2.236068
 1.000000  4.242641  4.472136
 1.000000  4.242641  4.472136
 1.000000  4.242641  4.472136
 1.000000  4.242641  4.472136
 1.000000 11.180340 11.401754
 1.000000  9.219544  9.433981
 1.000000  9.219544  9.433981
 1.000000  7.071068  7.280110
 1.000000 10.000000 10.198039
 1.000000  8.062258  8.246211
 1.000000  2.828427  3.000000
 1.000000  2.828427  3.000000
 1.000000  9.055385  9.219544
 1.000000  3.000000  3.162278
 1.000000  3.000000  3.162278
 1.000000  3.000000  3.162278
 1.000000  3.000000  3.162278
 1.000000  3.000000  3.162278
 1.000000  3.000000  3.162278
 1.000000  3.000000  3.162278
 1.000000  3.000000  3.162278
 1.000000 12.369317 12.529964
 1.000000 10.049876 10.198039
 1.000000 10.049876 10.198039
 1.000000  7.071068  7.211103
 1.000000  4.000000  4.123106
 1.000000  4.000000  4.123106
 1.000000  4.000000  4.123106
 1.000000  4.000000  4.123106
 1.000000  4.000000  4.123106
 1.000000  4.000000  4.123106
 1.000000  4.000000  4.123106
 1.000000  4.000000  4.123106
 1.000000  4.000000  4.123106
 1.000000  4.000000  4.123106
 1.000000  4.000000  4.123106
 1.000000  4.000000  4.123106
 1.000000  4.123106  4.242641
 1.000000  4.123106  4.242641
 1.000000  4.123106  4.242641
 1.000000  4.123106  4.242641
 1.000000  4.123106  4.242641
 1.000000  5.000000  5.099020
 1.000000  5.000000  5.099020
 1.000000  5.000000  5.099020
 1.000000  5.000000  5.099020
 1.000000  5.000000  5.099020
 1.000000  5.000000  5.099020
 1.000000 11.313708 11.401754
 1.000000 11.313708 11.401754
 1.000000 11.313708 11.401754
 1.000000  6.000000  6.082763
 1.000000  6.000000  6.082763
 1.000000  6.000000  6.082763
 1.000000  6.000000  6.082763
 1.000000  7.000000  7.071068
 1.000000  7.000000  7.071068
 1.000000  7.000000  7.071068
 1.000000  7.000000  7.071068
 1.000000  9.000000  9.055385
 1.000000  9.848858  9.899495
 1.000000  9.848858  9.899495
 1.000000 11.000000 11.045361
 1.000000 12.000000 12.041595
 0.000000 -18.384776       inf
 0.000000 -13.416408  1.000000
 0.000000 -7.071068  4.123106
 0.000000 -7.000000  3.605551
 0.000000 -13.000000 -3.000000
 0.000000 -13.000000 -3.000000
 0.000000 -7.810250  2.000000
 0.000000 -13.000000 -3.605551
 0.000000 -2.828427  6.000000
 0.000000 -11.401754 -2.828427
 0.000000 -12.369317 -4.242641
 0.000000 -10.816654 -2.828427
 0.000000 -12.083046 -4.123106
 0.000000 -11.401754 -3.605551
 0.000000 -3.000000  4.472136
 0.000000 -11.401754 -4.000000
 0.000000 -5.830952  1.414214
 0.000000 -6.082763  1.000000
 0.000000 -8.944272 -2.236068
 0.000000 -5.385165  1.000000
 0.000000 -9.899495 -3.605551
 0.000000 -4.472136  1.414214
 0.000000 -11.401754 -5.656854
 0.000000 -3.605551  2.000000
 0.000000 -2.000000  3.162278
 0.000000 -10.816654 -5.656854
 0.000000 -2.000000  2.828427
 0.000000 -10.630146 -5.830952
 0.000000 -10.440307 -6.000000
 0.000000 -6.082763 -2.000000
 0.000000 -10.295630 -6.403124
 0.000000 -10.000000 -6.403124
 0.000000 -9.055385 -6.000000
 0.000000 -10.049876 -7.000000
 0.000000 -1.000000  2.000000
 0.000000 -10.049876 -7.071068
 0.000000 -5.385165 -2.828427
 0.000000 -8.544004 -6.082763
 0.000000 -9.000000 -6.708204
 0.000000 -9.000000 -6.708204
 0.000000 -7.280110 -5.000000
 0.000000 -9.219544 -7.000000
 0.000000 -7.211103 -5.000000
 0.000000 -11.313708 -9.219544
 0.000000 -10.630146 -8.544004
 0.000000 -9.055385 -7.071068
 0.000000 -9.219544 -7.280110
 0.000000 -9.000000 -7.071068
 0.000000 -9.000000 -7.071068
 0.000000 -9.899495 -8.000000
 0.000000 -6.082763 -4.242641
 0.000000 -10.630146 -9.000000
 0.000000 -5.830952 -4.242641
 0.000000 -7.615773 -6.082763
 0.000000 -10.000000 -8.544004
 0.000000 -5.656854 -4.242641
 0.000000 -8.062258 -6.708204
 0.000000 -12.649111 -11.313708
 0.000000 -9.486833 -8.246211
 0.000000 -7.000000 -5.830952
 0.000000 -8.944272 -7.810250
 0.000000 -8.062258 -7.071068
 0.000000 -11.000000 -10.049876
 0.000000 -10.000000 -9.055385
 0.000000 -7.000000 -6.082763
 0.000000 -6.708204 -5.830952
 0.000000 -9.000000 -8.246211
 0.000000 -7.000000 -6.324555
 0.000000 -5.656854 -5.000000
 0.000000 -9.848858 -9.219544
 0.000000 -11.180340 -10.630146
 0.000000 -8.602325 -8.062258
 0.000000 -11.661904 -11.180340
 0.000000 -8.062258 -7.615773
 0.000000 -6.082763 -5.656854
 0.000000 -9.848858 -9.433981
 0.000000 -7.071068 -6.708204
 0.000000 -7.071068 -6.708204
 0.000000 -7.615773 -7.280110
 0.000000 -6.708204 -6.403124
 0.000000 -6.708204 -6.403124
 0.000000 -6.708204 -6.403124
 0.000000 -10.198039 -9.899495
 0.000000 -8.544004 -8.246211
 0.000000 -8.544004 -8.246211
 0.000000 -7.280110 -7.000000
 0.000000 -11.661904 -11.401754
 0.000000 -6.324555 -6.082763
 0.000000 -6.324555 -6.082763
 0.000000 -4.472136 -4.242641
 0.000000 -4.472136 -4.242641
 0.000000 -11.401754 -11.180340
 0.000000 -9.433981 -9.219544
 0.000000 -7.280110 -7.071068
 0.000000 -7.280110 -7.071068
 0.000000 -10.198039 -10.000000
 0.000000 -10.816654 -10.630146
 0.000000 -9.219544 -9.055385
 0.000000 -10.000000 -9.848858
 0.000000 -10.000000 -9.848858
 0.000000 -7.211103 -7.071068
 0.000000 -7.211103 -7.071068
 0.000000 -7.211103 -7.071068
 0.000000 -7.211103 -7.071068
 0.000000 -8.602325 -8.485281
 0.000000 -6.082763 -6.000000
 0.000000 -6.403124 -6.324555
 0.000000 -13.416408 -13.341664
 0.000000 -7.071068 -7.000000
 0.000000 -7.280110 -7.211103
 0.000000 -8.062258 -8.000000
 0.000000 -8.062258 -8.000000
 0.000000 -8.602325 -8.544004
 0.000000 -9.899495 -9.848858
 0.000000 -10.049876 -10.000000
