 1.000000  3.000000 15.620499
 1.000000 -2.236068  8.602325
 1.000000  6.324555 15.033296
 1.000000 -4.000000  4.000000
 1.000000 -2.000000  4.472136
 1.000000  2.000000  8.062258
 1.000000  2.828427  8.544004
 1.000000  2.236068  7.810250
 1.000000 -4.242641  1.000000
 1.000000  4.000000  8.544004
 1.000000 -3.000000  1.414214
 1.000000 -3.000000  1.414214
 1.000000 -2.000000  2.000000
 1.000000  2.000000  6.000000
 1.000000  4.123106  7.810250
 1.000000  4.242641  7.615773
 1.000000  4.000000  7.211103
 1.000000 11.661904 14.866069
 1.000000  2.000000  5.000000
 1.000000  8.000000 11.000000
 1.000000  1.000000  4.000000
 1.000000 -1.000000  2.000000
 1.000000  3.162278  6.000000
 1.000000 -1.414214  1.414214
 1.000000  7.810250 10.630146
 1.000000  5.000000  7.810250
 1.000000  2.236068  5.000000
 1.000000  3.162278  5.830952
 1.000000  1.000000  3.605551
 1.000000  6.000000  8.602325
 1.000000  1.414214  4.000000
 1.000000  2.828427  5.099020
 1.000000  1.000000  2.828427
 1.000000  2.000000  3.605551
 1.000000  8.602325 10.049876
 1.000000  1.000000  2.236068
 1.000000 14.422205 15.620499
 1.000000  9.433981 10.630146
 1.000000  6.708204  7.810250
 1.000000  2.000000  3.000000
 1.000000  1.000000  2.000000
 1.000000  4.000000  5.000000
 1.000000  5.385165  6.324555
 1.000000  2.236068  3.162278
 1.000000  6.082763  7.000000
 1.000000  3.162278  4.000000
 1.000000  5.000000  5.830952
 1.000000  1.414214  2.236068
 1.000000  2.828427  3.605551
 1.000000  4.242641  5.000000
 1.000000  8.485281  9.219544
 1.000000  9.899495 10.630146
 1.000000  9.899495 10.630146
 1.000000  8.246211  8.944272
 1.000000  8.544004  9.219544
 1.000000  7.810250  8.485281
 1.000000  7.810250  8.485281
 1.000000  7.810250  8.485281
 1.000000  7.810250  8.485281
 1.000000  7.810250  8.485281
 1.000000  6.403124  7.071068
 1.000000  6.403124  7.071068
 1.000000  6.403124  7.071068
 1.000000  4.472136  5.099020
 1.000000  7.000000  7.615773
 1.000000  5.385165  6.000000
 1.000000  3.000000  3.605551
 1.000000  3.000000  3.605551
 1.000000  7.211103  7.810250
 1.000000  2.236068  2.828427
 1.000000  2.236068  2.828427
 1.000000  2.236068  2.828427
 1.000000  2.236068  2.828427
 1.000000  2.236068  2.828427
 1.000000  2.236068  2.828427
 1.000000  2.236068  2.828427
 1.000000  2.236068  2.828427
 1.000000  1.414214  2.000000
 1.000000  1.414214  2.000000
 1.000000  1.414214  2.000000
 1.000000  1.414214  2.000000
 1.000000  1.414214  2.000000
 1.000000  1.414214  2.000000
 1.000000  5.830952  6.403124
 1.000000  5.830952  6.403124
 1.000000  9.433981 10.000000
 1.000000  7.071068  7.615773
 1.000000  7.071068  7.615773
 1.000000  7.071068  7.615773
 1.000000  8.062258  8.602325
 1.000000  4.472136  5.000000
 1.000000  4.472136  5.000000
 1.000000  4.472136  5.000000
 1.000000  4.472136  5.000000
 1.000000  4.472136  5.000000
 1.000000  4.472136  5.000000
 1.000000  6.708204  7.211103
 1.000000  6.708204  7.211103
 1.000000  6.708204  7.211103
 1.000000  6.708204  7.211103
 1.000000  8.000000  8.485281
 1.000000  8.062258  8.544004
 1.000000  7.615773  8.062258
 1.000000  5.385165  5.830952
 1.000000  5.385165  5.830952
 1.000000  3.162278  3.605551
 1.000000  3.162278  3.605551
 1.000000  3.162278  3.605551
 1.000000  3.162278  3.605551
 1.000000  3.162278  3.605551
 1.000000  3.162278  3.605551
 1.000000  3.162278  3.605551
 1.000000  3.162278  3.605551
 1.000000  3.162278  3.605551
 1.000000  3.162278  3.605551
 1.000000  3.162278  3.605551
 1.000000 10.000000 10.440307
 1.000000  7.810250  8.246211
 1.000000  8.062258  8.485281
 1.000000  8.062258  8.485281
 1.000000 11.661904 12.083046
 1.000000  1.000000  1.414214
 1.000000  1.000000  1.414214
 1.000000  1.000000  1.414214
 1.000000  1.000000  1.414214
 1.000000  1.000000  1.414214
 1.000000  1.000000  1.414214
 1.000000  7.211103  7.615773
 1.000000  7.211103  7.615773
 1.000000  7.211103  7.615773
 1.000000  8.544004  8.944272
 1.000000  8.544004  8.944272
 1.000000  8.544004  8.944272
 1.000000  8.544004  8.944272
 1.000000  9.899495 10.295630
 1.000000  5.000000  5.385165
 1.000000  5.000000  5.385165
 1.000000  5.000000  5.385165
 1.000000  5.000000  5.385165
 1.000000  7.615773  8.000000
 1.000000 14.866069 15.231546
 1.000000 14.866069 15.231546
 1.000000  6.708204  7.071068
 1.000000  6.708204  7.071068
 1.000000  9.486833  9.848858
 1.000000  9.486833  9.848858
 1.000000  4.123106  4.472136
 1.000000  8.602325  8.944272
 1.000000  7.280110  7.615773
 1.000000  7.280110  7.615773
 1.000000  7.280110  7.615773
 1.000000  2.828427  3.162278
 1.000000  2.828427  3.162278
 1.000000  2.828427  3.162278
 1.000000  6.403124  6.708204
 1.000000  6.403124  6.708204
 1.000000  8.246211  8.544004
 1.000000  8.246211  8.544004
 1.000000  6.708204  7.000000
 1.000000  5.099020  5.385165
 1.000000  5.099020  5.385165
 1.000000  5.099020  5.385165
 1.000000  5.099020  5.385165
 1.000000 12.369317 12.649111
 1.000000 12.369317 12.649111
 1.000000  8.944272  9.219544
 1.000000  8.944272  9.219544
 1.000000  8.944272  9.219544
 1.000000  5.385165  5.656854
 1.000000  7.810250  8.062258
 1.000000  8.000000  8.246211
 1.000000 10.198039 10.440307
 1.000000  6.082763  6.324555
 1.000000  2.000000  2.236068
 1.000000  2.000000  2.236068
 1.000000  2.000000  2.236068
 1.000000  2.000000  2.236068
 1.000000  2.000000  2.236068
 1.000000  2.000000  2.236068
 1.000000  2.000000  2.236068
 1.000000  2.000000  2.236068
 1.000000  2.000000  2.236068
 1.000000  2.000000  2.236068
 1.000000  2.000000  2.236068
 1.000000  2.000000  2.236068
 1.000000 14.764823 15.000000
 1.000000 14.764823 15.000000
 1.000000  4.242641  4.472136
 1.000000  9.219544  9.433981
 1.000000  7.071068  7.280110
 1.000000  7.071068  7.280110
 1.000000 10.000000 10.198039
 1.000000 10.000000 10.198039
 1.000000  7.615773  7.810250
 1.000000  7.615773  7.810250
 1.000000  5.656854  5.830952
 1.000000  2.828427  3.000000
 1.000000  2.828427  3.000000
 1.000000  2.828427  3.000000
 1.000000  2.828427  3.000000
 1.000000 12.041595 12.206556
 1.000000 12.041595 12.206556
 1.000000  9.055385  9.219544
 1.000000  9.055385  9.219544
 1.000000  9.055385  9.219544
 1.000000  3.000000  3.162278
 1.000000  3.000000  3.162278
 1.000000  3.000000  3.162278
 1.000000  3.000000  3.162278
 1.000000  3.000000  3.162278
 1.000000  3.000000  3.162278
 1.000000  3.000000  3.162278
 1.000000  3.000000  3.162278
 1.000000  3.000000  3.162278
 1.000000  3.000000  3.162278
 1.000000  3.000000  3.162278
 1.000000  3.000000  3.162278
 1.000000 10.049876 10.198039
 1.000000  7.071068  7.211103
 1.000000  7.071068  7.211103
 1.000000  7.071068  7.211103
 1.000000  4.000000  4.123106
 1.000000  4.000000  4.123106
 1.000000  4.000000  4.123106
 1.000000  4.000000  4.123106
 1.000000  8.485281  8.602325
 1.000000  8.485281  8.602325
 1.000000 13.038405 13.152946
 1.000000 13.038405 13.152946
 1.000000  5.000000  5.099020
 1.000000  5.000000  5.099020
 1.000000  5.000000  5.099020
 1.000000  5.000000  5.099020
 1.000000  5.000000  5.099020
 1.000000  5.000000  5.099020
 1.000000  5.000000  5.099020
 1.000000  5.000000  5.099020
 1.000000  5.000000  5.099020
 1.000000  5.000000  5.099020
 1.000000 10.198039 10.295630
 1.000000  6.000000  6.082763
 1.000000  6.000000  6.082763
 1.000000  6.000000  6.082763
 1.000000  6.000000  6.082763
 1.000000  6.324555  6.403124
 1.000000  7.000000  7.071068
 1.000000  7.000000  7.071068
 1.000000  7.211103  7.280110
 1.000000  8.000000  8.062258
 1.000000  8.000000  8.062258
 1.000000  8.000000  8.062258
 1.000000  9.000000  9.055385
 1.000000  9.433981  9.486833
 1.000000  9.848858  9.899495
 1.000000  9.848858  9.899495
 1.000000 10.000000 10.049876
 1.000000 10.000000 10.049876
 1.000000 12.000000 12.041595
 1.000000 14.000000 14.035669
 1.000000 15.524175 15.556349
 0.000000 -16.492423       inf
 0.000000 -15.132746  5.000000
 0.000000 -13.000000  2.828427
 0.000000 -13.000000  2.236068
 0.000000 -14.000000  1.000000
 0.000000 -12.083046  1.414214
 0.000000 -9.848858  1.414214
 0.000000 -9.219544  2.000000
 0.000000 -14.142136 -3.162278
 0.000000 -12.206556 -1.414214
 0.000000 -9.000000  1.414214
 0.000000 -13.416408 -4.123106
 0.000000 -13.416408 -4.123106
 0.000000 -8.062258  1.000000
 0.000000 -12.529964 -3.605551
 0.000000 -12.806248 -4.000000
 0.000000 -12.529964 -4.000000
 0.000000 -5.385165  3.000000
 0.000000 -5.656854  2.000000
 0.000000 -13.000000 -5.385165
 0.000000 -9.000000 -1.414214
 0.000000 -6.324555  1.000000
 0.000000 -5.656854  1.000000
 0.000000 -9.433981 -3.000000
 0.000000 -12.165525 -6.000000
 0.000000 -7.000000 -1.000000
 0.000000 -11.000000 -5.000000
 0.000000 -11.180340 -6.324555
 0.000000 -11.313708 -7.071068
 0.000000 -3.000000  1.000000
 0.000000 -6.000000 -2.236068
 0.000000 -6.324555 -3.605551
 0.000000 -9.486833 -7.000000
 0.000000 -8.000000 -5.656854
 0.000000 -6.403124 -4.123106
 0.000000 -5.830952 -3.605551
 0.000000 -7.615773 -5.656854
 0.000000 -6.403124 -4.472136
 0.000000 -5.385165 -3.605551
 0.000000 -8.485281 -6.708204
 0.000000 -6.000000 -4.242641
 0.000000 -7.071068 -5.385165
 0.000000 -10.198039 -8.544004
 0.000000 -9.000000 -7.615773
 0.000000 -10.295630 -9.000000
 0.000000 -7.280110 -6.000000
 0.000000 -7.000000 -5.830952
 0.000000 -11.401754 -10.295630
 0.000000 -7.071068 -6.000000
 0.000000 -6.708204 -5.656854
 0.000000 -6.000000 -5.000000
 0.000000 -6.000000 -5.000000
 0.000000 -6.000000 -5.000000
 0.000000 -6.000000 -5.000000
 0.000000 -10.000000 -9.000000
 0.000000 -9.000000 -8.062258
 0.000000 -7.000000 -6.082763
 0.000000 -7.615773 -6.708204
 0.000000 -9.433981 -8.544004
 0.000000 -6.708204 -5.830952
 0.000000 -5.830952 -5.000000
 0.000000 -10.198039 -9.486833
 0.000000 -5.656854 -5.000000
 0.000000 -5.656854 -5.000000
 0.000000 -2.000000 -1.414214
 0.000000 -6.403124 -5.830952
 0.000000 -7.615773 -7.071068
 0.000000 -7.211103 -6.708204
 0.000000 -6.324555 -5.830952
 0.000000 -6.324555 -5.830952
 0.000000 -6.324555 -5.830952
 0.000000 -8.944272 -8.485281
 0.000000 -5.830952 -5.385165
 0.000000 -13.416408 -13.000000
 0.000000 -11.180340 -10.770330
 0.000000 -6.403124 -6.000000
 0.000000 -5.385165 -5.000000
 0.000000 -11.000000 -10.630146
 0.000000 -6.324555 -6.000000
 0.000000 -6.324555 -6.000000
 0.000000 -6.708204 -6.403124
 0.000000 -6.708204 -6.403124
 0.000000 -13.341664 -13.038405
 0.000000 -7.000000 -6.708204
 0.000000 -12.369317 -12.083046
 0.000000 -5.385165 -5.099020
 0.000000 -5.385165 -5.099020
 0.000000 -5.385165 -5.099020
 0.000000 -6.082763 -5.830952
 0.000000 -6.082763 -5.830952
 0.000000 -6.324555 -6.082763
 0.000000 -6.324555 -6.082763
 0.000000 -2.236068 -2.000000
 0.000000 -4.472136 -4.242641
 0.000000 -9.433981 -9.219544
 0.000000 -7.211103 -7.000000
 0.000000 -7.810250 -7.615773
 0.000000 -10.816654 -10.630146
 0.000000 -8.246211 -8.062258
 0.000000 -8.246211 -8.062258
 0.000000 -5.830952 -5.656854
 0.000000 -9.219544 -9.055385
 0.000000 -10.440307 -10.295630
 0.000000 -10.770330 -10.630146
 0.000000 -7.211103 -7.071068
 0.000000 -7.211103 -7.071068
 0.000000 -7.211103 -7.071068
 0.000000 -7.211103 -7.071068
 0.000000 -7.211103 -7.071068
 0.000000 -7.211103 -7.071068
 0.000000 -11.180340 -11.045361
 0.000000 -8.602325 -8.485281
 0.000000 -8.602325 -8.485281
 0.000000 -5.099020 -5.000000
 0.000000 -5.099020 -5.000000
 0.000000 -5.099020 -5.000000
 0.000000 -6.082763 -6.000000
 0.000000 -6.082763 -6.000000
 0.000000 -6.082763 -6.000000
 0.000000 -6.082763 -6.000000
 0.000000 -6.082763 -6.000000
 0.000000 -13.416408 -13.341664
 0.000000 -7.071068 -7.000000
 0.000000 -7.071068 -7.000000
 0.000000 -7.280110 -7.211103
 0.000000 -8.062258 -8.000000
 0.000000 -8.062258 -8.000000
 0.000000 -8.062258 -8.000000
 0.000000 -8.602325 -8.544004
 0.000000 -10.049876 -10.000000
 0.000000 -10.049876 -10.000000
 0.000000 -10.816654 -10.770330
 0.000000 -12.041595 -12.000000
 0.000000 -12.083046 -12.041595
