 1.000000 -1.000000  9.219544
 1.000000  3.000000 13.000000
 1.000000 -6.000000  3.605551
 1.000000  3.605551 13.152946
 1.000000 -4.000000  5.000000
 1.000000  3.000000 11.000000
 1.000000  4.000000 11.704700
 1.000000  5.000000 12.041595
 1.000000 -1.414214  4.472136
 1.000000  5.656854 11.180340
 1.000000  3.000000  8.485281
 1.000000  4.000000  9.055385
 1.000000 -3.162278  1.414214
 1.000000  4.000000  8.000000
 1.000000  1.000000  5.000000
 1.000000  4.472136  8.062258
 1.000000  2.828427  6.000000
 1.000000  3.000000  6.000000
 1.000000  6.000000  8.544004
 1.000000  3.000000  5.385165
 1.000000  3.000000  5.385165
 1.000000  7.000000  9.219544
 1.000000  7.000000  9.219544
 1.000000  1.000000  3.162278
 1.000000  3.000000  5.000000
 1.000000  1.000000  2.828427
 1.000000 10.770330 12.369317
 1.000000  7.000000  8.485281
 1.000000  5.656854  7.071068
 1.000000  1.414214  2.828427
 1.000000  1.414214  2.828427
 1.000000  5.000000  6.403124
 1.000000  5.000000  6.403124
 1.000000  4.000000  5.385165
 1.000000  7.615773  9.000000
 1.000000  2.236068  3.605551
 1.000000  7.211103  8.544004
 1.000000  1.000000  2.236068
 1.000000  9.433981 10.630146
 1.000000  7.071068  8.246211
 1.000000  2.828427  4.000000
 1.000000  5.830952  7.000000
 1.000000  5.656854  6.708204
 1.000000  1.000000  2.000000
 1.000000  6.000000  7.000000
 1.000000  4.000000  5.000000
 1.000000  8.544004  9.433981
 1.000000  8.062258  8.944272
 1.000000  4.123106  5.000000
 1.000000  1.414214  2.236068
 1.000000  6.403124  7.211103
 1.000000  2.828427  3.605551
 1.000000  5.656854  6.403124
 1.000000  5.656854  6.403124
 1.000000  5.656854  6.403124
 1.000000  7.071068  7.810250
 1.000000  8.485281  9.219544
 1.000000  8.485281  9.219544
 1.000000  6.403124  7.071068
 1.000000  5.000000  5.656854
 1.000000  5.000000  5.656854
 1.000000  5.000000  5.656854
 1.000000  5.000000  5.656854
 1.000000  7.615773  8.246211
 1.000000  8.602325  9.219544
 1.000000  3.000000  3.605551
 1.000000  2.236068  2.828427
 1.000000  2.236068  2.828427
 1.000000  2.236068  2.828427
 1.000000  2.236068  2.828427
 1.000000  2.236068  2.828427
 1.000000  2.236068  2.828427
 1.000000  2.236068  2.828427
 1.000000  2.236068  2.828427
 1.000000  2.236068  2.828427
 1.000000  2.236068  2.828427
 1.000000  2.236068  2.828427
 1.000000  2.236068  2.828427
 1.000000  2.236068  2.828427
 1.000000  2.236068  2.828427
 1.000000  2.236068  2.828427
 1.000000  2.236068  2.828427
 1.000000  1.414214  2.000000
 1.000000  5.830952  6.403124
 1.000000  5.830952  6.403124
 1.000000  5.830952  6.403124
 1.000000  5.830952  6.403124
 1.000000  5.830952  6.403124
 1.000000  5.830952  6.403124
 1.000000  5.830952  6.403124
 1.000000  5.830952  6.403124
 1.000000  5.830952  6.403124
 1.000000  5.830952  6.403124
 1.000000  7.071068  7.615773
 1.000000  7.280110  7.810250
 1.000000  4.472136  5.000000
 1.000000  3.605551  4.123106
 1.000000  3.605551  4.123106
 1.000000  5.830952  6.324555
 1.000000  8.944272  9.433981
 1.000000  8.944272  9.433981
 1.000000  8.062258  8.544004
 1.000000  8.062258  8.544004
 1.000000  8.062258  8.544004
 1.000000 11.180340 11.661904
 1.000000 10.295630 10.770330
 1.000000  4.000000  4.472136
 1.000000  7.615773  8.062258
 1.000000  5.385165  5.830952
 1.000000  5.385165  5.830952
 1.000000  3.162278  3.605551
 1.000000  3.162278  3.605551
 1.000000  3.162278  3.605551
 1.000000  3.162278  3.605551
 1.000000  3.162278  3.605551
 1.000000  3.162278  3.605551
 1.000000  3.162278  3.605551
 1.000000 10.000000 10.440307
 1.000000  9.055385  9.486833
 1.000000  8.062258  8.485281
 1.000000  1.000000  1.414214
 1.000000  1.000000  1.414214
 1.000000  1.000000  1.414214
 1.000000 10.770330 11.180340
 1.000000 10.770330 11.180340
 1.000000  7.211103  7.615773
 1.000000  6.000000  6.403124
 1.000000  8.544004  8.944272
 1.000000  8.544004  8.944272
 1.000000  8.544004  8.944272
 1.000000  8.602325  9.000000
 1.000000  3.605551  4.000000
 1.000000  3.605551  4.000000
 1.000000  3.605551  4.000000
 1.000000  5.000000  5.385165
 1.000000  5.000000  5.385165
 1.000000  5.000000  5.385165
 1.000000  5.000000  5.385165
 1.000000  5.000000  5.385165
 1.000000  5.000000  5.385165
 1.000000  7.615773  8.000000
 1.000000  7.615773  8.000000
 1.000000  6.324555  6.708204
 1.000000  6.324555  6.708204
 1.000000  6.708204  7.071068
 1.000000  6.708204  7.071068
 1.000000  9.486833  9.848858
 1.000000  9.486833  9.848858
 1.000000  9.848858 10.198039
 1.000000  4.123106  4.472136
 1.000000  4.123106  4.472136
 1.000000  4.123106  4.472136
 1.000000  5.656854  6.000000
 1.000000 11.704700 12.041595
 1.000000  7.280110  7.615773
 1.000000  7.280110  7.615773
 1.000000  7.280110  7.615773
 1.000000  7.280110  7.615773
 1.000000  2.828427  3.162278
 1.000000  2.828427  3.162278
 1.000000  2.828427  3.162278
 1.000000  2.828427  3.162278
 1.000000  2.828427  3.162278
 1.000000  6.000000  6.324555
 1.000000  6.403124  6.708204
 1.000000  5.099020  5.385165
 1.000000  5.099020  5.385165
 1.000000  5.099020  5.385165
 1.000000 12.369317 12.649111
 1.000000  8.944272  9.219544
 1.000000 10.770330 11.045361
 1.000000  5.385165  5.656854
 1.000000  5.385165  5.656854
 1.000000  5.385165  5.656854
 1.000000  5.385165  5.656854
 1.000000  5.385165  5.656854
 1.000000  7.810250  8.062258
 1.000000  8.000000  8.246211
 1.000000 10.049876 10.295630
 1.000000  4.000000  4.242641
 1.000000  6.082763  6.324555
 1.000000  6.082763  6.324555
 1.000000  6.082763  6.324555
 1.000000  6.082763  6.324555
 1.000000  6.082763  6.324555
 1.000000  6.082763  6.324555
 1.000000  8.246211  8.485281
 1.000000  2.000000  2.236068
 1.000000  2.000000  2.236068
 1.000000  2.000000  2.236068
 1.000000  2.000000  2.236068
 1.000000  2.000000  2.236068
 1.000000  2.000000  2.236068
 1.000000  2.000000  2.236068
 1.000000  4.242641  4.472136
 1.000000  4.242641  4.472136
 1.000000  4.242641  4.472136
 1.000000  4.242641  4.472136
 1.000000 11.180340 11.401754
 1.000000 11.180340 11.401754
 1.000000  9.000000  9.219544
 1.000000  7.071068  7.280110
 1.000000  7.071068  7.280110
 1.000000  7.071068  7.280110
 1.000000 12.165525 12.369317
 1.000000  8.062258  8.246211
 1.000000  8.062258  8.246211
 1.000000  8.062258  8.246211
 1.000000  5.656854  5.830952
 1.000000  5.656854  5.830952
 1.000000  5.656854  5.830952
 1.000000  2.828427  3.000000
 1.000000  2.828427  3.000000
 1.000000  2.828427  3.000000
 1.000000  2.828427  3.000000
 1.000000  9.055385  9.219544
 1.000000  3.000000  3.162278
 1.000000  3.000000  3.162278
 1.000000  3.000000  3.162278
 1.000000  3.000000  3.162278
 1.000000  3.000000  3.162278
 1.000000  3.000000  3.162278
 1.000000  3.000000  3.162278
 1.000000  3.000000  3.162278
 1.000000  3.000000  3.162278
 1.000000  3.000000  3.162278
 1.000000  3.000000  3.162278
 1.000000  9.848858 10.000000
 1.000000  9.848858 10.000000
 1.000000  7.071068  7.211103
 1.000000 11.180340 11.313708
 1.000000  4.000000  4.123106
 1.000000  4.000000  4.123106
 1.000000  4.000000  4.123106
 1.000000  4.000000  4.123106
 1.000000  4.000000  4.123106
 1.000000  4.000000  4.123106
 1.000000  4.000000  4.123106
 1.000000  4.000000  4.123106
 1.000000  4.000000  4.123106
 1.000000  4.000000  4.123106
 1.000000  4.123106  4.242641
 1.000000  4.123106  4.242641
 1.000000  8.485281  8.602325
 1.000000  5.000000  5.099020
 1.000000  5.000000  5.099020
 1.000000  5.000000  5.099020
 1.000000  5.000000  5.099020
 1.000000  5.000000  5.099020
 1.000000 10.198039 10.295630
 1.000000  6.000000  6.082763
 1.000000  6.000000  6.082763
 1.000000  6.000000  6.082763
 1.000000  6.324555  6.403124
 1.000000  6.324555  6.403124
 1.000000  6.324555  6.403124
 1.000000  6.324555  6.403124
 1.000000  6.324555  6.403124
 1.000000  6.324555  6.403124
 1.000000  7.000000  7.071068
 1.000000  7.000000  7.071068
 1.000000  7.000000  7.071068
 1.000000  7.000000  7.071068
 1.000000  7.000000  7.071068
 1.000000  7.000000  7.071068
 1.000000  7.000000  7.071068
 1.000000  7.000000  7.071068
 1.000000  7.211103  7.280110
 1.000000  8.000000  8.062258
 1.000000  8.000000  8.062258
 1.000000  8.000000  8.062258
 1.000000  8.000000  8.062258
 1.000000  8.000000  8.062258
 1.000000  8.000000  8.062258
 1.000000  8.000000  8.062258
 1.000000  8.000000  8.062258
 1.000000  8.000000  8.062258
 1.000000  8.485281  8.544004
 1.000000  8.944272  9.000000
 1.000000 10.000000 10.049876
 1.000000 11.000000 11.045361
 1.000000 12.000000 12.041595
 1.000000 12.000000 12.041595
 1.000000 13.000000 13.038405
 0.000000 -22.561028       inf
 0.000000 -17.000000  3.000000
 0.000000 -17.691806  2.236068
 0.000000 -12.727922  1.000000
 0.000000 -13.892444 -1.414214
 0.000000 -10.000000  2.236068
 0.000000 -14.317821 -2.236068
 0.000000 -8.944272  2.000000
 0.000000 -13.453624 -3.000000
 0.000000 -8.000000  1.414214
 0.000000 -2.828427  6.000000
 0.000000 -7.810250  1.000000
 0.000000 -5.656854  2.828427
 0.000000 -12.083046 -3.605551
 0.000000 -9.433981 -1.000000
 0.000000 -6.000000  2.236068
 0.000000 -9.219544 -2.000000
 0.000000 -12.041595 -5.000000
 0.000000 -4.472136  2.236068
 0.000000 -11.045361 -5.000000
 0.000000 -5.000000  1.000000
 0.000000 -9.848858 -4.000000
 0.000000 -12.041595 -6.324555
 0.000000 -8.485281 -3.000000
 0.000000 -3.000000  2.236068
 0.000000 -6.000000 -1.000000
 0.000000 -6.000000 -1.000000
 0.000000 -11.401754 -6.403124
 0.000000 -7.615773 -3.000000
 0.000000 -5.830952 -1.414214
 0.000000 -10.440307 -6.082763
 0.000000 -9.219544 -5.000000
 0.000000 -9.219544 -5.000000
 0.000000 -10.440307 -6.324555
 0.000000 -12.000000 -8.000000
 0.000000 -10.630146 -6.708204
 0.000000 -5.099020 -1.414214
 0.000000 -10.295630 -6.708204
 0.000000 -2.236068  1.000000
 0.000000 -9.486833 -6.324555
 0.000000 -9.000000 -6.082763
 0.000000 -6.324555 -3.605551
 0.000000 -9.000000 -6.324555
 0.000000 -7.280110 -5.000000
 0.000000 -6.000000 -4.000000
 0.000000 -7.810250 -6.000000
 0.000000 -12.806248 -11.045361
 0.000000 -7.071068 -5.656854
 0.000000 -8.246211 -7.000000
 0.000000 -7.211103 -6.000000
 0.000000 -7.810250 -6.708204
 0.000000 -4.000000 -3.000000
 0.000000 -10.000000 -9.000000
 0.000000 -5.000000 -4.000000
 0.000000 -7.000000 -6.082763
 0.000000 -16.124515 -15.231546
 0.000000 -8.944272 -8.062258
 0.000000 -13.000000 -12.165525
 0.000000 -8.062258 -7.280110
 0.000000 -5.656854 -5.000000
 0.000000 -12.727922 -12.083046
 0.000000 -6.708204 -6.082763
 0.000000 -6.000000 -5.385165
 0.000000 -6.403124 -5.830952
 0.000000 -5.656854 -5.099020
 0.000000 -5.656854 -5.099020
 0.000000 -8.544004 -8.000000
 0.000000 -8.544004 -8.000000
 0.000000 -5.000000 -4.472136
 0.000000 -9.486833 -9.000000
 0.000000 -9.899495 -9.433981
 0.000000 -5.385165 -5.000000
 0.000000 -5.385165 -5.000000
 0.000000 -6.708204 -6.324555
 0.000000 -9.848858 -9.486833
 0.000000 -8.602325 -8.246211
 0.000000 -8.944272 -8.602325
 0.000000 -8.944272 -8.602325
 0.000000 -12.529964 -12.206556
 0.000000 -6.708204 -6.403124
 0.000000 -6.708204 -6.403124
 0.000000 -13.341664 -13.038405
 0.000000 -8.544004 -8.246211
 0.000000 -5.385165 -5.099020
 0.000000 -5.385165 -5.099020
 0.000000 -5.385165 -5.099020
 0.000000 -5.385165 -5.099020
 0.000000 -5.385165 -5.099020
 0.000000 -5.385165 -5.099020
 0.000000 -13.000000 -12.727922
 0.000000 -6.324555 -6.082763
 0.000000 -6.324555 -6.082763
 0.000000 -9.219544 -9.000000
 0.000000 -7.280110 -7.071068
 0.000000 -12.369317 -12.165525
 0.000000 -10.198039 -10.000000
 0.000000 -10.816654 -10.630146
 0.000000 -13.601471 -13.416408
 0.000000 -5.830952 -5.656854
 0.000000 -9.219544 -9.055385
 0.000000 -9.219544 -9.055385
 0.000000 -12.529964 -12.369317
 0.000000 -10.049876 -9.899495
 0.000000 -7.211103 -7.071068
 0.000000 -7.211103 -7.071068
 0.000000 -7.211103 -7.071068
 0.000000 -11.180340 -11.045361
 0.000000 -11.180340 -11.045361
 0.000000 -12.165525 -12.041595
 0.000000 -4.123106 -4.000000
 0.000000 -8.602325 -8.485281
 0.000000 -8.602325 -8.485281
 0.000000 -9.055385 -8.944272
 0.000000 -5.099020 -5.000000
 0.000000 -16.124515 -16.031220
 0.000000 -6.082763 -6.000000
 0.000000 -6.403124 -6.324555
 0.000000 -12.806248 -12.727922
 0.000000 -7.071068 -7.000000
 0.000000 -8.062258 -8.000000
 0.000000 -8.544004 -8.485281
 0.000000 -8.544004 -8.485281
 0.000000 -9.486833 -9.433981
 0.000000 -10.049876 -10.000000
 0.000000 -13.453624 -13.416408
