 1.000000 -6.708204  5.000000
 1.000000  3.000000 13.601471
 1.000000  2.000000 11.313708
 1.000000 -5.385165  2.828427
 1.000000  1.000000  9.000000
 1.000000 -4.242641  3.605551
 1.000000 -2.236068  5.385165
 1.000000  5.385165 12.727922
 1.000000 -1.000000  6.082763
 1.000000 -3.605551  3.162278
 1.000000 -3.605551  2.828427
 1.000000  2.236068  8.062258
 1.000000  2.000000  7.211103
 1.000000 -1.414214  3.162278
 1.000000  4.123106  8.544004
 1.000000  5.099020  9.433981
 1.000000  7.810250 12.041595
 1.000000  5.000000  9.219544
 1.000000  3.000000  7.071068
 1.000000  4.000000  8.062258
 1.000000  3.162278  7.071068
 1.000000  3.605551  7.280110
 1.000000  1.414214  5.000000
 1.000000 -2.000000  1.414214
 1.000000  2.236068  5.385165
 1.000000 10.000000 13.000000
 1.000000  6.324555  9.055385
 1.000000 -1.414214  1.000000
 1.000000  8.000000 10.295630
 1.000000  5.385165  7.615773
 1.000000  3.000000  5.000000
 1.000000 -1.000000  1.000000
 1.000000  3.605551  5.385165
 1.000000  4.242641  5.656854
 1.000000  5.000000  6.403124
 1.000000  3.605551  5.000000
 1.000000  3.605551  5.000000
 1.000000  7.280110  8.544004
 1.000000  1.000000  2.236068
 1.000000  6.000000  7.211103
 1.000000 10.000000 11.180340
 1.000000  1.000000  2.000000
 1.000000  3.000000  4.000000
 1.000000  2.000000  3.000000
 1.000000  3.162278  4.123106
 1.000000  3.162278  4.000000
 1.000000  2.000000  2.828427
 1.000000  2.000000  2.828427
 1.000000  1.414214  2.236068
 1.000000  1.414214  2.236068
 1.000000  7.810250  8.602325
 1.000000  9.219544 10.000000
 1.000000  2.828427  3.605551
 1.000000 10.000000 10.770330
 1.000000  4.242641  5.000000
 1.000000  4.242641  5.000000
 1.000000  4.242641  5.000000
 1.000000  4.242641  5.000000
 1.000000  4.242641  5.000000
 1.000000  8.246211  8.944272
 1.000000  9.219544  9.899495
 1.000000  7.810250  8.485281
 1.000000  7.810250  8.485281
 1.000000  5.000000  5.656854
 1.000000  3.605551  4.242641
 1.000000  3.605551  4.242641
 1.000000  3.000000  3.605551
 1.000000  2.236068  2.828427
 1.000000  2.236068  2.828427
 1.000000  2.236068  2.828427
 1.000000  2.236068  2.828427
 1.000000  2.236068  2.828427
 1.000000  1.414214  2.000000
 1.000000  1.414214  2.000000
 1.000000  5.830952  6.403124
 1.000000  8.062258  8.602325
 1.000000  4.472136  5.000000
 1.000000  4.472136  5.000000
 1.000000  4.472136  5.000000
 1.000000  4.472136  5.000000
 1.000000  4.472136  5.000000
 1.000000  4.472136  5.000000
 1.000000  3.605551  4.123106
 1.000000  3.605551  4.123106
 1.000000  8.544004  9.055385
 1.000000  6.708204  7.211103
 1.000000  5.830952  6.324555
 1.000000  5.830952  6.324555
 1.000000  5.830952  6.324555
 1.000000  5.830952  6.324555
 1.000000 10.295630 10.770330
 1.000000  9.433981  9.899495
 1.000000  9.433981  9.899495
 1.000000  7.615773  8.062258
 1.000000  7.615773  8.062258
 1.000000  7.615773  8.062258
 1.000000  7.615773  8.062258
 1.000000  5.385165  5.830952
 1.000000  5.385165  5.830952
 1.000000  3.162278  3.605551
 1.000000  3.162278  3.605551
 1.000000  3.162278  3.605551
 1.000000  3.162278  3.605551
 1.000000  3.162278  3.605551
 1.000000  3.162278  3.605551
 1.000000  3.162278  3.605551
 1.000000  8.062258  8.485281
 1.000000  8.062258  8.485281
 1.000000  8.062258  8.485281
 1.000000  1.000000  1.414214
 1.000000  1.000000  1.414214
 1.000000  1.000000  1.414214
 1.000000  1.000000  1.414214
 1.000000  1.000000  1.414214
 1.000000  1.000000  1.414214
 1.000000  1.000000  1.414214
 1.000000  7.211103  7.615773
 1.000000  8.544004  8.944272
 1.000000  3.605551  4.000000
 1.000000  5.000000  5.385165
 1.000000  5.000000  5.385165
 1.000000  5.000000  5.385165
 1.000000  5.000000  5.385165
 1.000000  6.324555  6.708204
 1.000000  6.708204  7.071068
 1.000000  4.123106  4.472136
 1.000000  4.123106  4.472136
 1.000000  4.123106  4.472136
 1.000000  4.123106  4.472136
 1.000000  4.123106  4.472136
 1.000000  4.123106  4.472136
 1.000000  8.602325  8.944272
 1.000000  7.280110  7.615773
 1.000000  2.828427  3.162278
 1.000000  6.000000  6.324555
 1.000000  6.403124  6.708204
 1.000000  8.246211  8.544004
 1.000000  5.099020  5.385165
 1.000000  5.099020  5.385165
 1.000000  5.099020  5.385165
 1.000000  5.099020  5.385165
 1.000000  7.810250  8.062258
 1.000000  7.810250  8.062258
 1.000000  8.000000  8.246211
 1.000000  8.000000  8.246211
 1.000000  8.000000  8.246211
 1.000000 10.198039 10.440307
 1.000000 10.198039 10.440307
 1.000000  6.082763  6.324555
 1.000000  8.246211  8.485281
 1.000000  2.000000  2.236068
 1.000000  2.000000  2.236068
 1.000000  2.000000  2.236068
 1.000000  2.000000  2.236068
 1.000000  2.000000  2.236068
 1.000000  2.000000  2.236068
 1.000000  2.000000  2.236068
 1.000000  2.000000  2.236068
 1.000000  4.242641  4.472136
 1.000000  4.242641  4.472136
 1.000000  4.242641  4.472136
 1.000000  4.242641  4.472136
 1.000000 11.180340 11.401754
 1.000000  9.219544  9.433981
 1.000000  7.615773  7.810250
 1.000000  7.615773  7.810250
 1.000000  8.062258  8.246211
 1.000000  5.656854  5.830952
 1.000000  5.656854  5.830952
 1.000000  5.656854  5.830952
 1.000000  5.656854  5.830952
 1.000000  2.828427  3.000000
 1.000000  2.828427  3.000000
 1.000000  2.828427  3.000000
 1.000000  2.828427  3.000000
 1.000000  2.828427  3.000000
 1.000000 12.041595 12.206556
 1.000000  3.000000  3.162278
 1.000000  3.000000  3.162278
 1.000000  3.000000  3.162278
 1.000000  3.000000  3.162278
 1.000000  3.000000  3.162278
 1.000000  9.848858 10.000000
 1.000000  7.071068  7.211103
 1.000000  7.071068  7.211103
 1.000000 11.045361 11.180340
 1.000000  4.000000  4.123106
 1.000000  4.000000  4.123106
 1.000000  4.000000  4.123106
 1.000000  4.123106  4.242641
 1.000000  4.123106  4.242641
 1.000000  4.123106  4.242641
 1.000000  4.123106  4.242641
 1.000000  4.123106  4.242641
 1.000000  4.123106  4.242641
 1.000000  4.123106  4.242641
 1.000000  4.123106  4.242641
 1.000000 12.529964 12.649111
 1.000000 13.038405 13.152946
 1.000000  5.000000  5.099020
 1.000000  5.000000  5.099020
 1.000000  5.000000  5.099020
 1.000000  5.000000  5.099020
 1.000000  6.000000  6.082763
 1.000000  6.324555  6.403124
 1.000000  6.324555  6.403124
 1.000000  6.324555  6.403124
 1.000000  6.324555  6.403124
 1.000000  7.000000  7.071068
 1.000000  8.000000  8.062258
 1.000000  8.000000  8.062258
 1.000000  8.000000  8.062258
 1.000000  8.544004  8.602325
 1.000000  8.544004  8.602325
 1.000000  8.944272  9.000000
 1.000000  9.000000  9.055385
 1.000000  9.848858  9.899495
 1.000000 10.000000 10.049876
 1.000000 11.000000 11.045361
 1.000000 12.000000 12.041595
 1.000000 12.041595 12.083046
 0.000000 -23.259407       inf
 0.000000 -17.804494  1.414214
 0.000000 -14.560220  1.000000
 0.000000 -13.152946  1.000000
 0.000000 -11.661904  1.414214
 0.000000 -13.152946 -2.828427
 0.000000 -8.062258  2.000000
 0.000000 -7.810250  2.236068
 0.000000 -16.401219 -7.211103
 0.000000 -10.000000 -1.000000
 0.000000 -5.830952  3.162278
 0.000000 -14.866069 -7.071068
 0.000000 -12.529964 -5.000000
 0.000000 -12.529964 -5.000000
 0.000000 -5.000000  2.236068
 0.000000 -10.198039 -3.000000
 0.000000 -8.000000 -1.000000
 0.000000 -5.385165  1.414214
 0.000000 -12.529964 -6.403124
 0.000000 -12.000000 -6.403124
 0.000000 -10.000000 -5.000000
 0.000000 -7.810250 -3.000000
 0.000000 -11.180340 -6.403124
 0.000000 -8.544004 -4.123106
 0.000000 -3.000000  1.414214
 0.000000 -13.453624 -9.055385
 0.000000 -7.071068 -2.828427
 0.000000 -11.180340 -7.211103
 0.000000 -10.000000 -6.324555
 0.000000 -11.045361 -7.810250
 0.000000 -5.385165 -2.236068
 0.000000 -11.180340 -8.062258
 0.000000 -6.708204 -3.605551
 0.000000 -7.071068 -4.123106
 0.000000 -8.062258 -5.385165
 0.000000 -9.000000 -6.324555
 0.000000 -8.544004 -6.000000
 0.000000 -9.219544 -6.708204
 0.000000 -6.403124 -4.000000
 0.000000 -6.324555 -4.000000
 0.000000 -5.099020 -2.828427
 0.000000 -8.485281 -6.324555
 0.000000 -9.055385 -7.000000
 0.000000 -7.810250 -5.830952
 0.000000 -6.000000 -4.123106
 0.000000 -16.124515 -14.317821
 0.000000 -6.708204 -5.099020
 0.000000 -12.529964 -11.000000
 0.000000 -9.848858 -8.485281
 0.000000 -6.324555 -5.000000
 0.000000 -8.544004 -7.280110
 0.000000 -9.848858 -8.602325
 0.000000 -9.219544 -8.000000
 0.000000 -8.062258 -7.000000
 0.000000 -4.000000 -3.000000
 0.000000 -2.000000 -1.000000
 0.000000 -6.000000 -5.000000
 0.000000 -10.198039 -9.219544
 0.000000 -9.433981 -8.485281
 0.000000 -7.280110 -6.403124
 0.000000 -5.830952 -5.000000
 0.000000 -2.828427 -2.000000
 0.000000 -10.630146 -9.848858
 0.000000 -7.071068 -6.324555
 0.000000 -8.000000 -7.280110
 0.000000 -7.000000 -6.324555
 0.000000 -6.000000 -5.385165
 0.000000 -7.615773 -7.071068
 0.000000 -8.544004 -8.062258
 0.000000 -8.544004 -8.062258
 0.000000 -4.472136 -4.000000
 0.000000 -10.295630 -9.848858
 0.000000 -10.295630 -9.848858
 0.000000 -8.062258 -7.615773
 0.000000 -9.433981 -9.000000
 0.000000 -9.433981 -9.000000
 0.000000 -6.082763 -5.656854
 0.000000 -6.708204 -6.324555
 0.000000 -6.708204 -6.324555
 0.000000 -6.708204 -6.324555
 0.000000 -7.071068 -6.708204
 0.000000 -10.198039 -9.848858
 0.000000 -7.615773 -7.280110
 0.000000 -12.529964 -12.206556
 0.000000 -6.708204 -6.403124
 0.000000 -10.295630 -10.000000
 0.000000 -7.000000 -6.708204
 0.000000 -5.385165 -5.099020
 0.000000 -9.219544 -8.944272
 0.000000 -5.656854 -5.385165
 0.000000 -14.560220 -14.317821
 0.000000 -6.324555 -6.082763
 0.000000 -11.401754 -11.180340
 0.000000 -11.401754 -11.180340
 0.000000 -9.219544 -9.000000
 0.000000 -9.433981 -9.219544
 0.000000 -7.280110 -7.071068
 0.000000 -10.198039 -10.000000
 0.000000 -8.000000 -7.810250
 0.000000 -10.816654 -10.630146
 0.000000 -8.246211 -8.062258
 0.000000 -5.830952 -5.656854
 0.000000 -5.830952 -5.656854
 0.000000 -5.830952 -5.656854
 0.000000 -3.000000 -2.828427
 0.000000 -9.219544 -9.055385
 0.000000 -10.198039 -10.049876
 0.000000 -10.198039 -10.049876
 0.000000 -7.211103 -7.071068
 0.000000 -7.211103 -7.071068
 0.000000 -7.211103 -7.071068
 0.000000 -7.211103 -7.071068
 0.000000 -7.211103 -7.071068
 0.000000 -7.211103 -7.071068
 0.000000 -7.211103 -7.071068
 0.000000 -5.099020 -5.000000
 0.000000 -10.295630 -10.198039
 0.000000 -6.082763 -6.000000
 0.000000 -6.082763 -6.000000
 0.000000 -12.165525 -12.083046
 0.000000 -12.806248 -12.727922
 0.000000 -8.544004 -8.485281
 0.000000 -8.602325 -8.544004
 0.000000 -10.049876 -10.000000
 0.000000 -10.049876 -10.000000
 0.000000 -12.041595 -12.000000
