 1.000000 -3.162278  9.848858
 1.000000 -3.605551  9.000000
 1.000000  1.000000  9.848858
 1.000000 -1.000000  7.280110
 1.000000  7.280110 14.035669
 1.000000  3.605551 10.295630
 1.000000 -2.000000  4.472136
 1.000000  2.000000  8.000000
 1.000000  4.000000  9.899495
 1.000000 -3.000000  2.000000
 1.000000  2.236068  7.000000
 1.000000  2.000000  6.000000
 1.000000 -1.000000  2.828427
 1.000000  2.236068  6.000000
 1.000000  1.414214  5.000000
 1.000000 -2.000000  1.414214
 1.000000  4.000000  7.000000
 1.000000 -1.000000  2.000000
 1.000000  2.000000  5.000000
 1.000000  9.000000 12.000000
 1.000000  2.236068  5.000000
 1.000000  5.000000  7.615773
 1.000000  2.000000  4.472136
 1.000000 -1.414214  1.000000
 1.000000  4.000000  6.403124
 1.000000  4.472136  6.708204
 1.000000  5.830952  8.000000
 1.000000  5.000000  7.071068
 1.000000  5.000000  7.071068
 1.000000 -1.000000  1.000000
 1.000000  6.082763  8.000000
 1.000000  4.123106  6.000000
 1.000000  8.485281 10.295630
 1.000000  4.242641  6.000000
 1.000000  4.242641  5.830952
 1.000000  3.605551  5.000000
 1.000000  5.656854  7.000000
 1.000000  2.828427  4.123106
 1.000000  3.000000  4.242641
 1.000000  4.472136  5.656854
 1.000000  6.000000  7.071068
 1.000000  5.000000  6.000000
 1.000000  2.000000  3.000000
 1.000000  5.000000  6.000000
 1.000000  2.000000  3.000000
 1.000000  7.000000  8.000000
 1.000000 10.000000 11.000000
 1.000000  1.000000  2.000000
 1.000000  4.000000  5.000000
 1.000000  3.605551  4.472136
 1.000000  3.162278  4.000000
 1.000000  3.162278  4.000000
 1.000000  5.000000  5.830952
 1.000000  5.000000  5.830952
 1.000000  9.219544 10.049876
 1.000000  2.000000  2.828427
 1.000000  2.828427  3.605551
 1.000000  2.828427  3.605551
 1.000000  2.828427  3.605551
 1.000000  2.828427  3.605551
 1.000000  4.242641  5.000000
 1.000000  4.242641  5.000000
 1.000000  4.242641  5.000000
 1.000000  6.324555  7.071068
 1.000000  6.000000  6.708204
 1.000000  6.000000  6.708204
 1.000000  6.403124  7.071068
 1.000000  5.000000  5.656854
 1.000000  5.000000  5.656854
 1.000000  3.605551  4.242641
 1.000000  3.605551  4.242641
 1.000000  9.219544  9.848858
 1.000000  8.602325  9.219544
 1.000000  3.000000  3.605551
 1.000000  3.000000  3.605551
 1.000000  2.236068  2.828427
 1.000000  2.236068  2.828427
 1.000000  2.236068  2.828427
 1.000000  2.236068  2.828427
 1.000000  2.236068  2.828427
 1.000000  1.414214  2.000000
 1.000000  1.414214  2.000000
 1.000000  5.830952  6.403124
 1.000000  5.830952  6.403124
 1.000000  5.830952  6.403124
 1.000000  5.830952  6.403124
 1.000000  5.830952  6.403124
 1.000000  4.472136  5.000000
 1.000000  4.472136  5.000000
 1.000000  4.472136  5.000000
 1.000000  4.472136  5.000000
 1.000000  4.472136  5.000000
 1.000000  4.472136  5.000000
 1.000000  4.472136  5.000000
 1.000000  4.472136  5.000000
 1.000000  4.472136  5.000000
 1.000000  3.605551  4.123106
 1.000000  3.605551  4.123106
 1.000000  5.830952  6.324555
 1.000000  5.830952  6.324555
 1.000000 10.295630 10.770330
 1.000000  8.485281  8.944272
 1.000000  7.615773  8.062258
 1.000000  5.385165  5.830952
 1.000000  3.162278  3.605551
 1.000000  3.162278  3.605551
 1.000000  3.162278  3.605551
 1.000000  3.162278  3.605551
 1.000000  3.162278  3.605551
 1.000000  3.162278  3.605551
 1.000000  3.162278  3.605551
 1.000000  3.162278  3.605551
 1.000000  1.000000  1.414214
 1.000000  6.000000  6.403124
 1.000000  8.544004  8.944272
 1.000000  8.544004  8.944272
 1.000000  8.544004  8.944272
 1.000000  8.544004  8.944272
 1.000000  3.605551  4.000000
 1.000000  3.605551  4.000000
 1.000000  5.000000  5.385165
 1.000000  7.615773  8.000000
 1.000000  6.324555  6.708204
 1.000000  6.324555  6.708204
 1.000000  6.324555  6.708204
 1.000000  6.324555  6.708204
 1.000000  6.708204  7.071068
 1.000000  6.708204  7.071068
 1.000000  9.486833  9.848858
 1.000000  9.486833  9.848858
 1.000000  4.123106  4.472136
 1.000000  4.123106  4.472136
 1.000000  4.123106  4.472136
 1.000000  4.123106  4.472136
 1.000000  4.123106  4.472136
 1.000000  4.123106  4.472136
 1.000000  4.123106  4.472136
 1.000000  4.123106  4.472136
 1.000000  8.602325  8.944272
 1.000000  7.280110  7.615773
 1.000000  2.828427  3.162278
 1.000000  2.828427  3.162278
 1.000000  2.828427  3.162278
 1.000000  2.828427  3.162278
 1.000000  6.000000  6.324555
 1.000000  6.000000  6.324555
 1.000000  6.403124  6.708204
 1.000000  6.403124  6.708204
 1.000000  6.403124  6.708204
 1.000000  6.403124  6.708204
 1.000000  5.099020  5.385165
 1.000000  5.099020  5.385165
 1.000000  5.099020  5.385165
 1.000000  5.099020  5.385165
 1.000000  5.099020  5.385165
 1.000000  5.099020  5.385165
 1.000000  8.944272  9.219544
 1.000000  8.944272  9.219544
 1.000000  8.944272  9.219544
 1.000000  5.385165  5.656854
 1.000000  5.385165  5.656854
 1.000000  5.385165  5.656854
 1.000000  5.385165  5.656854
 1.000000  5.385165  5.656854
 1.000000  5.385165  5.656854
 1.000000  5.385165  5.656854
 1.000000  5.385165  5.656854
 1.000000  9.219544  9.486833
 1.000000  9.219544  9.486833
 1.000000  5.830952  6.082763
 1.000000 10.198039 10.440307
 1.000000  6.082763  6.324555
 1.000000  6.082763  6.324555
 1.000000  6.082763  6.324555
 1.000000  2.000000  2.236068
 1.000000  2.000000  2.236068
 1.000000  2.000000  2.236068
 1.000000  2.000000  2.236068
 1.000000  4.242641  4.472136
 1.000000  4.242641  4.472136
 1.000000  4.242641  4.472136
 1.000000  4.242641  4.472136
 1.000000  4.242641  4.472136
 1.000000  4.242641  4.472136
 1.000000  4.242641  4.472136
 1.000000  9.219544  9.433981
 1.000000  9.219544  9.433981
 1.000000  8.062258  8.246211
 1.000000  8.062258  8.246211
 1.000000  5.656854  5.830952
 1.000000  5.656854  5.830952
 1.000000  5.656854  5.830952
 1.000000  5.830952  6.000000
 1.000000  9.055385  9.219544
 1.000000  3.000000  3.162278
 1.000000  3.000000  3.162278
 1.000000  3.000000  3.162278
 1.000000  3.000000  3.162278
 1.000000 13.000000 13.152946
 1.000000  9.848858 10.000000
 1.000000  9.848858 10.000000
 1.000000 10.295630 10.440307
 1.000000 11.045361 11.180340
 1.000000  4.000000  4.123106
 1.000000  4.000000  4.123106
 1.000000  4.000000  4.123106
 1.000000  4.000000  4.123106
 1.000000  4.000000  4.123106
 1.000000  4.000000  4.123106
 1.000000  4.123106  4.242641
 1.000000  4.123106  4.242641
 1.000000  4.123106  4.242641
 1.000000  4.123106  4.242641
 1.000000  4.123106  4.242641
 1.000000  8.485281  8.602325
 1.000000  8.485281  8.602325
 1.000000  5.000000  5.099020
 1.000000  5.000000  5.099020
 1.000000  5.000000  5.099020
 1.000000  5.000000  5.099020
 1.000000  5.000000  5.099020
 1.000000  5.000000  5.099020
 1.000000  5.000000  5.099020
 1.000000  5.000000  5.099020
 1.000000  5.000000  5.099020
 1.000000  5.000000  5.099020
 1.000000  5.000000  5.099020
 1.000000  6.000000  6.082763
 1.000000  6.000000  6.082763
 1.000000  6.000000  6.082763
 1.000000  6.324555  6.403124
 1.000000  6.324555  6.403124
 1.000000  6.324555  6.403124
 1.000000  6.324555  6.403124
 1.000000  6.324555  6.403124
 1.000000  6.324555  6.403124
 1.000000  6.324555  6.403124
 1.000000  7.000000  7.071068
 1.000000  7.000000  7.071068
 1.000000  7.000000  7.071068
 1.000000  7.211103  7.280110
 1.000000  8.485281  8.544004
 1.000000 11.000000 11.045361
 1.000000 11.000000 11.045361
 1.000000 12.000000 12.041595
 1.000000 13.000000 13.038405
 1.000000 19.000000 19.026298
 0.000000 -17.000000       inf
 0.000000 -9.899495  3.605551
 0.000000 -14.866069 -2.000000
 0.000000 -10.630146  2.000000
 0.000000 -14.764823 -2.236068
 0.000000 -7.615773  4.000000
 0.000000 -6.000000  5.000000
 0.000000 -13.000000 -2.236068
 0.000000 -7.810250  2.236068
 0.000000 -2.828427  7.000000
 0.000000 -12.165525 -3.000000
 0.000000 -8.000000  1.000000
 0.000000 -12.000000 -3.000000
 0.000000 -7.211103  1.414214
 0.000000 -5.000000  3.000000
 0.000000 -6.000000  2.000000
 0.000000 -13.000000 -5.000000
 0.000000 -13.000000 -5.099020
 0.000000 -11.180340 -3.605551
 0.000000 -9.848858 -3.000000
 0.000000 -10.770330 -4.123106
 0.000000 -9.219544 -3.000000
 0.000000 -9.219544 -3.000000
 0.000000 -2.000000  4.000000
 0.000000 -14.317821 -8.602325
 0.000000 -8.485281 -3.000000
 0.000000 -11.401754 -6.000000
 0.000000 -10.049876 -5.385165
 0.000000 -1.414214  3.000000
 0.000000 -10.295630 -6.000000
 0.000000 -7.071068 -2.828427
 0.000000 -5.099020 -1.000000
 0.000000 -6.324555 -2.236068
 0.000000 -8.544004 -4.472136
 0.000000 -7.810250 -4.000000
 0.000000 -5.099020 -1.414214
 0.000000 -1.414214  2.236068
 0.000000 -11.401754 -8.000000
 0.000000 -5.385165 -2.000000
 0.000000 -8.000000 -5.000000
 0.000000 -9.848858 -7.280110
 0.000000 -6.000000 -3.605551
 0.000000 -6.708204 -5.000000
 0.000000 -6.708204 -5.000000
 0.000000 -9.219544 -7.615773
 0.000000 -8.000000 -6.403124
 0.000000 -10.000000 -8.544004
 0.000000 -5.656854 -4.242641
 0.000000 -6.403124 -5.000000
 0.000000 -8.062258 -6.708204
 0.000000 -9.848858 -8.544004
 0.000000 -8.246211 -7.000000
 0.000000 -7.810250 -6.708204
 0.000000 -6.082763 -5.000000
 0.000000 -6.403124 -5.385165
 0.000000 -6.000000 -5.000000
 0.000000 -6.000000 -5.000000
 0.000000 -8.944272 -8.000000
 0.000000 -8.000000 -7.071068
 0.000000 -5.000000 -4.123106
 0.000000 -14.142136 -13.341664
 0.000000 -9.000000 -8.246211
 0.000000 -9.000000 -8.246211
 0.000000 -13.416408 -12.727922
 0.000000 -7.071068 -6.403124
 0.000000 -2.000000 -1.414214
 0.000000 -6.403124 -5.830952
 0.000000 -10.049876 -9.486833
 0.000000 -14.560220 -14.000000
 0.000000 -7.615773 -7.071068
 0.000000 -7.211103 -6.708204
 0.000000 -8.485281 -8.062258
 0.000000 -6.708204 -6.324555
 0.000000 -12.083046 -11.704700
 0.000000 -6.000000 -5.656854
 0.000000 -8.944272 -8.602325
 0.000000 -8.944272 -8.602325
 0.000000 -7.615773 -7.280110
 0.000000 -7.615773 -7.280110
 0.000000 -7.615773 -7.280110
 0.000000 -13.928388 -13.601471
 0.000000 -6.324555 -6.000000
 0.000000 -6.324555 -6.000000
 0.000000 -8.544004 -8.246211
 0.000000 -8.544004 -8.246211
 0.000000 -8.544004 -8.246211
 0.000000 -5.385165 -5.099020
 0.000000 -14.317821 -14.035669
 0.000000 -8.062258 -7.810250
 0.000000 -6.082763 -5.830952
 0.000000 -10.440307 -10.198039
 0.000000 -6.324555 -6.082763
 0.000000 -7.280110 -7.071068
 0.000000 -7.280110 -7.071068
 0.000000 -7.280110 -7.071068
 0.000000 -13.000000 -12.806248
 0.000000 -8.246211 -8.062258
 0.000000 -5.830952 -5.656854
 0.000000 -5.830952 -5.656854
 0.000000 -13.601471 -13.453624
 0.000000 -10.440307 -10.295630
 0.000000 -7.211103 -7.071068
 0.000000 -7.211103 -7.071068
 0.000000 -7.211103 -7.071068
 0.000000 -8.602325 -8.485281
 0.000000 -14.317821 -14.212670
 0.000000 -5.099020 -5.000000
 0.000000 -5.099020 -5.000000
 0.000000 -5.099020 -5.000000
 0.000000 -7.071068 -7.000000
 0.000000 -7.071068 -7.000000
 0.000000 -7.071068 -7.000000
 0.000000 -7.071068 -7.000000
 0.000000 -8.062258 -8.000000
 0.000000 -8.062258 -8.000000
 0.000000 -8.602325 -8.544004
 0.000000 -10.049876 -10.000000
 0.000000 -10.049876 -10.000000
 0.000000 -12.206556 -12.165525
