 1.000000 -4.242641  8.485281
 1.000000  2.236068 11.401754
 1.000000 -5.000000  4.123106
 1.000000 -7.000000  2.000000
 1.000000  2.236068 11.045361
 1.000000  2.236068 10.816654
 1.000000 -4.000000  4.472136
 1.000000 -5.385165  2.000000
 1.000000  3.000000 10.198039
 1.000000  3.605551 10.440307
 1.000000  5.099020 11.180340
 1.000000 -5.000000  1.000000
 1.000000  4.242641  9.899495
 1.000000 -4.472136  1.000000
 1.000000  2.828427  8.062258
 1.000000  3.000000  8.062258
 1.000000  2.000000  6.324555
 1.000000  2.828427  7.071068
 1.000000  1.000000  5.000000
 1.000000 -3.000000  1.000000
 1.000000  4.242641  8.000000
 1.000000  6.403124 10.049876
 1.000000  1.414214  5.000000
 1.000000  8.000000 11.313708
 1.000000  4.000000  7.071068
 1.000000  7.810250 10.630146
 1.000000  8.062258 10.770330
 1.000000  3.605551  5.656854
 1.000000 -1.000000  1.000000
 1.000000  3.000000  5.000000
 1.000000  4.242641  6.082763
 1.000000  2.236068  4.000000
 1.000000  4.000000  5.656854
 1.000000  6.000000  7.615773
 1.000000  5.656854  7.000000
 1.000000  5.000000  6.324555
 1.000000  3.000000  4.000000
 1.000000  1.000000  2.000000
 1.000000  4.472136  5.385165
 1.000000  4.472136  5.385165
 1.000000  8.944272  9.848858
 1.000000 13.000000 13.892444
 1.000000 10.295630 11.180340
 1.000000  4.123106  5.000000
 1.000000  9.899495 10.770330
 1.000000  1.414214  2.236068
 1.000000  2.828427  3.605551
 1.000000  4.242641  5.000000
 1.000000  4.242641  5.000000
 1.000000  7.810250  8.485281
 1.000000  6.403124  7.071068
 1.000000  5.656854  6.324555
 1.000000  5.000000  5.656854
 1.000000  5.000000  5.656854
 1.000000  3.605551  4.242641
 1.000000  3.605551  4.242641
 1.000000  3.605551  4.242641
 1.000000  6.082763  6.708204
 1.000000  2.236068  2.828427
 1.000000  2.236068  2.828427
 1.000000  2.236068  2.828427
 1.000000  2.236068  2.828427
 1.000000  2.236068  2.828427
 1.000000  2.236068  2.828427
 1.000000  2.236068  2.828427
 1.000000  2.236068  2.828427
 1.000000  1.414214  2.000000
 1.000000  1.414214  2.000000
 1.000000  1.414214  2.000000
 1.000000  5.830952  6.403124
 1.000000 10.440307 11.000000
 1.000000  4.472136  5.000000
 1.000000  4.472136  5.000000
 1.000000  4.472136  5.000000
 1.000000  4.472136  5.000000
 1.000000  4.472136  5.000000
 1.000000  4.472136  5.000000
 1.000000  3.605551  4.123106
 1.000000  5.830952  6.324555
 1.000000  8.944272  9.433981
 1.000000  8.062258  8.544004
 1.000000  4.000000  4.472136
 1.000000  9.433981  9.899495
 1.000000  7.615773  8.062258
 1.000000  7.615773  8.062258
 1.000000  5.385165  5.830952
 1.000000  5.385165  5.830952
 1.000000  5.385165  5.830952
 1.000000  5.385165  5.830952
 1.000000  5.385165  5.830952
 1.000000  5.385165  5.830952
 1.000000  3.162278  3.605551
 1.000000  8.062258  8.485281
 1.000000  8.062258  8.485281
 1.000000  9.433981  9.848858
 1.000000  1.000000  1.414214
 1.000000  1.000000  1.414214
 1.000000  1.000000  1.414214
 1.000000 10.770330 11.180340
 1.000000  8.544004  8.944272
 1.000000  9.899495 10.295630
 1.000000  3.605551  4.000000
 1.000000  3.605551  4.000000
 1.000000  3.605551  4.000000
 1.000000  3.605551  4.000000
 1.000000  3.605551  4.000000
 1.000000  5.000000  5.385165
 1.000000  5.000000  5.385165
 1.000000  5.000000  5.385165
 1.000000  5.000000  5.385165
 1.000000  5.000000  5.385165
 1.000000  6.324555  6.708204
 1.000000  6.708204  7.071068
 1.000000  9.486833  9.848858
 1.000000  9.486833  9.848858
 1.000000  9.486833  9.848858
 1.000000  4.123106  4.472136
 1.000000  4.123106  4.472136
 1.000000  7.280110  7.615773
 1.000000  7.280110  7.615773
 1.000000  7.280110  7.615773
 1.000000  7.280110  7.615773
 1.000000 10.295630 10.630146
 1.000000 10.295630 10.630146
 1.000000  2.828427  3.162278
 1.000000  2.828427  3.162278
 1.000000  2.828427  3.162278
 1.000000  2.828427  3.162278
 1.000000 10.440307 10.770330
 1.000000  6.403124  6.708204
 1.000000  6.403124  6.708204
 1.000000  6.403124  6.708204
 1.000000  6.403124  6.708204
 1.000000 13.038405 13.341664
 1.000000  8.246211  8.544004
 1.000000 10.000000 10.295630
 1.000000  6.708204  7.000000
 1.000000  5.099020  5.385165
 1.000000  8.944272  9.219544
 1.000000  8.944272  9.219544
 1.000000  5.385165  5.656854
 1.000000  9.219544  9.486833
 1.000000  9.219544  9.486833
 1.000000  9.219544  9.486833
 1.000000  7.810250  8.062258
 1.000000  7.810250  8.062258
 1.000000  7.810250  8.062258
 1.000000 10.198039 10.440307
 1.000000  6.082763  6.324555
 1.000000  6.082763  6.324555
 1.000000  6.082763  6.324555
 1.000000  6.082763  6.324555
 1.000000  6.082763  6.324555
 1.000000  2.000000  2.236068
 1.000000  2.000000  2.236068
 1.000000  2.000000  2.236068
 1.000000  2.000000  2.236068
 1.000000  2.000000  2.236068
 1.000000  2.000000  2.236068
 1.000000  2.000000  2.236068
 1.000000  2.000000  2.236068
 1.000000  4.242641  4.472136
 1.000000  4.242641  4.472136
 1.000000  9.219544  9.433981
 1.000000  9.219544  9.433981
 1.000000  9.219544  9.433981
 1.000000  7.000000  7.211103
 1.000000  7.000000  7.211103
 1.000000 10.000000 10.198039
 1.000000  7.615773  7.810250
 1.000000  7.615773  7.810250
 1.000000 10.440307 10.630146
 1.000000 10.630146 10.816654
 1.000000 10.630146 10.816654
 1.000000 11.000000 11.180340
 1.000000  5.656854  5.830952
 1.000000  5.656854  5.830952
 1.000000  5.656854  5.830952
 1.000000  2.828427  3.000000
 1.000000  2.828427  3.000000
 1.000000  5.830952  6.000000
 1.000000  5.830952  6.000000
 1.000000  9.055385  9.219544
 1.000000  3.000000  3.162278
 1.000000  3.000000  3.162278
 1.000000  3.000000  3.162278
 1.000000  3.000000  3.162278
 1.000000  3.000000  3.162278
 1.000000  3.000000  3.162278
 1.000000  3.000000  3.162278
 1.000000  3.000000  3.162278
 1.000000  3.000000  3.162278
 1.000000  3.000000  3.162278
 1.000000  3.000000  3.162278
 1.000000  3.000000  3.162278
 1.000000  9.848858 10.000000
 1.000000  9.899495 10.049876
 1.000000 10.049876 10.198039
 1.000000 14.000000 14.142136
 1.000000 14.000000 14.142136
 1.000000  7.071068  7.211103
 1.000000  7.071068  7.211103
 1.000000  7.071068  7.211103
 1.000000 11.045361 11.180340
 1.000000  4.000000  4.123106
 1.000000  4.000000  4.123106
 1.000000  4.000000  4.123106
 1.000000  4.000000  4.123106
 1.000000  4.000000  4.123106
 1.000000  4.000000  4.123106
 1.000000  4.000000  4.123106
 1.000000  4.123106  4.242641
 1.000000  4.123106  4.242641
 1.000000  4.123106  4.242641
 1.000000  4.123106  4.242641
 1.000000  8.485281  8.602325
 1.000000 14.035669 14.142136
 1.000000  5.000000  5.099020
 1.000000  5.000000  5.099020
 1.000000  5.000000  5.099020
 1.000000  5.000000  5.099020
 1.000000  5.000000  5.099020
 1.000000  5.000000  5.099020
 1.000000 10.198039 10.295630
 1.000000  6.000000  6.082763
 1.000000  6.000000  6.082763
 1.000000  6.000000  6.082763
 1.000000  6.324555  6.403124
 1.000000  7.000000  7.071068
 1.000000  7.000000  7.071068
 1.000000  7.000000  7.071068
 1.000000  7.000000  7.071068
 1.000000  8.000000  8.062258
 1.000000  8.000000  8.062258
 1.000000  8.485281  8.544004
 1.000000  8.544004  8.602325
 1.000000  9.000000  9.055385
 1.000000  9.000000  9.055385
 1.000000  9.848858  9.899495
 1.000000  9.848858  9.899495
 1.000000 10.000000 10.049876
 1.000000 10.000000 10.049876
 1.000000 10.000000 10.049876
 1.000000 10.000000 10.049876
 1.000000 12.000000 12.041595
 0.000000 -19.697716       inf
 0.000000 -15.033296  1.414214
 0.000000 -14.866069  1.000000
 0.000000 -12.806248  2.000000
 0.000000 -10.816654  3.000000
 0.000000 -13.416408 -1.414214
 0.000000 -17.000000 -5.000000
 0.000000 -10.049876  1.414214
 0.000000 -9.899495  1.414214
 0.000000 -8.944272  2.000000
 0.000000 -9.219544  1.000000
 0.000000 -6.000000  4.000000
 0.000000 -8.485281  1.000000
 0.000000 -8.000000  1.000000
 0.000000 -14.000000 -5.000000
 0.000000 -6.324555  1.414214
 0.000000 -5.099020  2.000000
 0.000000 -15.000000 -8.000000
 0.000000 -12.041595 -5.099020
 0.000000 -13.892444 -7.071068
 0.000000 -9.486833 -2.828427
 0.000000 -10.198039 -3.605551
 0.000000 -11.661904 -5.099020
 0.000000 -12.806248 -6.403124
 0.000000 -10.000000 -3.605551
 0.000000 -9.000000 -3.000000
 0.000000 -9.219544 -4.123106
 0.000000 -10.000000 -5.000000
 0.000000 -9.848858 -5.000000
 0.000000 -9.433981 -6.000000
 0.000000 -11.180340 -8.000000
 0.000000 -8.485281 -5.656854
 0.000000 -5.385165 -2.828427
 0.000000 -8.062258 -5.656854
 0.000000 -12.529964 -10.295630
 0.000000 -5.656854 -3.605551
 0.000000 -9.219544 -7.211103
 0.000000 -8.000000 -6.000000
 0.000000 -6.000000 -4.000000
 0.000000 -7.615773 -5.656854
 0.000000 -8.944272 -7.000000
 0.000000 -9.848858 -8.062258
 0.000000 -8.062258 -6.324555
 0.000000 -7.615773 -6.000000
 0.000000 -9.219544 -7.615773
 0.000000 -12.529964 -11.000000
 0.000000 -6.403124 -5.000000
 0.000000 -6.403124 -5.000000
 0.000000 -5.830952 -4.472136
 0.000000 -7.615773 -6.403124
 0.000000 -9.000000 -7.810250
 0.000000 -8.062258 -7.000000
 0.000000 -8.246211 -7.211103
 0.000000 -9.219544 -8.246211
 0.000000 -8.246211 -7.280110
 0.000000 -8.000000 -7.071068
 0.000000 -14.866069 -14.000000
 0.000000 -5.000000 -4.242641
 0.000000 -7.071068 -6.324555
 0.000000 -6.708204 -6.000000
 0.000000 -8.944272 -8.246211
 0.000000 -8.944272 -8.246211
 0.000000 -9.219544 -8.544004
 0.000000 -6.324555 -5.656854
 0.000000 -2.000000 -1.414214
 0.000000 -14.866069 -14.317821
 0.000000 -7.810250 -7.280110
 0.000000 -7.211103 -6.708204
 0.000000 -9.000000 -8.544004
 0.000000 -8.062258 -7.615773
 0.000000 -11.401754 -11.045361
 0.000000 -8.944272 -8.602325
 0.000000 -8.944272 -8.602325
 0.000000 -8.944272 -8.602325
 0.000000 -7.615773 -7.280110
 0.000000 -7.615773 -7.280110
 0.000000 -7.615773 -7.280110
 0.000000 -6.708204 -6.403124
 0.000000 -5.385165 -5.099020
 0.000000 -5.385165 -5.099020
 0.000000 -5.385165 -5.099020
 0.000000 -9.219544 -8.944272
 0.000000 -9.219544 -8.944272
 0.000000 -11.045361 -10.770330
 0.000000 -8.246211 -8.000000
 0.000000 -6.324555 -6.082763
 0.000000 -14.422205 -14.212670
 0.000000 -8.246211 -8.062258
 0.000000 -12.206556 -12.041595
 0.000000 -9.219544 -9.055385
 0.000000 -3.162278 -3.000000
 0.000000 -3.162278 -3.000000
 0.000000 -10.770330 -10.630146
 0.000000 -10.770330 -10.630146
 0.000000 -7.211103 -7.071068
 0.000000 -11.180340 -11.045361
 0.000000 -4.123106 -4.000000
 0.000000 -4.242641 -4.123106
 0.000000 -5.099020 -5.000000
 0.000000 -11.401754 -11.313708
 0.000000 -6.082763 -6.000000
 0.000000 -6.082763 -6.000000
 0.000000 -6.082763 -6.000000
 0.000000 -8.062258 -8.000000
 0.000000 -8.062258 -8.000000
 0.000000 -8.062258 -8.000000
 0.000000 -8.062258 -8.000000
 0.000000 -8.062258 -8.000000
 0.000000 -8.062258 -8.000000
 0.000000 -8.062258 -8.000000
 0.000000 -8.062258 -8.000000
 0.000000 -8.602325 -8.544004
 0.000000 -8.602325 -8.544004
 0.000000 -9.000000 -8.944272
 0.000000 -9.486833 -9.433981
 0.000000 -10.049876 -10.000000
 0.000000 -10.049876 -10.000000
 0.000000 -13.038405 -13.000000
