 1.000000  3.605551 13.152946
 1.000000  3.000000 12.000000
 1.000000  3.162278 12.041595
 1.000000  2.000000  9.055385
 1.000000 -4.000000  2.000000
 1.000000  3.000000  8.485281
 1.000000  2.000000  7.211103
 1.000000  4.123106  9.219544
 1.000000 -3.000000  2.000000
 1.000000  3.605551  8.602325
 1.000000  4.242641  9.219544
 1.000000  5.099020 10.000000
 1.000000 -3.162278  1.414214
 1.000000  4.000000  8.000000
 1.000000  4.123106  8.062258
 1.000000  3.162278  7.071068
 1.000000  5.830952  8.944272
 1.000000  2.000000  5.000000
 1.000000  8.000000 10.630146
 1.000000 -1.000000  1.414214
 1.000000  2.000000  4.242641
 1.000000  5.830952  8.000000
 1.000000  4.000000  6.082763
 1.000000  6.000000  8.062258
 1.000000  4.000000  6.000000
 1.000000  8.062258 10.049876
 1.000000  2.236068  4.123106
 1.000000  5.385165  7.071068
 1.000000  4.123106  5.656854
 1.000000  3.000000  4.472136
 1.000000  3.605551  5.000000
 1.000000  5.830952  7.211103
 1.000000 10.000000 11.313708
 1.000000  6.000000  7.071068
 1.000000  4.000000  5.000000
 1.000000  4.000000  5.000000
 1.000000  5.000000  6.000000
 1.000000  8.000000  8.944272
 1.000000  4.472136  5.385165
 1.000000  8.062258  8.944272
 1.000000  4.123106  5.000000
 1.000000  4.123106  5.000000
 1.000000  4.242641  5.099020
 1.000000  5.000000  5.830952
 1.000000  2.000000  2.828427
 1.000000  1.414214  2.236068
 1.000000  7.000000  7.810250
 1.000000  9.848858 10.630146
 1.000000  2.828427  3.605551
 1.000000  2.828427  3.605551
 1.000000  2.828427  3.605551
 1.000000  2.828427  3.605551
 1.000000  4.242641  5.000000
 1.000000  4.242641  5.000000
 1.000000  4.242641  5.000000
 1.000000  4.242641  5.000000
 1.000000  5.099020  5.830952
 1.000000  7.280110  8.000000
 1.000000  6.000000  6.708204
 1.000000  8.544004  9.219544
 1.000000  6.324555  7.000000
 1.000000  5.000000  5.656854
 1.000000  5.000000  5.656854
 1.000000  5.000000  5.656854
 1.000000  5.000000  5.656854
 1.000000  5.000000  5.656854
 1.000000  5.000000  5.656854
 1.000000  5.000000  5.656854
 1.000000 12.000000 12.649111
 1.000000  3.605551  4.242641
 1.000000  3.605551  4.242641
 1.000000  3.605551  4.242641
 1.000000  3.605551  4.242641
 1.000000  4.472136  5.099020
 1.000000  3.000000  3.605551
 1.000000  2.236068  2.828427
 1.000000  2.236068  2.828427
 1.000000  2.236068  2.828427
 1.000000  2.236068  2.828427
 1.000000  2.236068  2.828427
 1.000000  2.236068  2.828427
 1.000000  2.236068  2.828427
 1.000000  2.236068  2.828427
 1.000000  1.414214  2.000000
 1.000000  5.830952  6.403124
 1.000000  4.472136  5.000000
 1.000000  4.472136  5.000000
 1.000000  4.472136  5.000000
 1.000000  4.472136  5.000000
 1.000000  4.472136  5.000000
 1.000000  4.472136  5.000000
 1.000000  4.472136  5.000000
 1.000000  4.472136  5.000000
 1.000000  4.472136  5.000000
 1.000000  4.472136  5.000000
 1.000000  4.472136  5.000000
 1.000000  4.472136  5.000000
 1.000000  4.472136  5.000000
 1.000000  4.472136  5.000000
 1.000000 10.295630 10.816654
 1.000000  3.605551  4.123106
 1.000000  3.605551  4.123106
 1.000000  3.605551  4.123106
 1.000000  3.605551  4.123106
 1.000000  3.605551  4.123106
 1.000000  3.605551  4.123106
 1.000000  8.544004  9.055385
 1.000000  5.830952  6.324555
 1.000000  5.830952  6.324555
 1.000000  5.830952  6.324555
 1.000000  5.830952  6.324555
 1.000000  5.830952  6.324555
 1.000000  5.830952  6.324555
 1.000000  5.830952  6.324555
 1.000000  8.062258  8.544004
 1.000000  5.385165  5.830952
 1.000000  5.385165  5.830952
 1.000000  3.162278  3.605551
 1.000000  3.162278  3.605551
 1.000000  3.162278  3.605551
 1.000000  3.162278  3.605551
 1.000000  3.162278  3.605551
 1.000000  3.162278  3.605551
 1.000000  3.162278  3.605551
 1.000000  3.162278  3.605551
 1.000000  3.162278  3.605551
 1.000000  3.162278  3.605551
 1.000000  3.162278  3.605551
 1.000000  1.000000  1.414214
 1.000000  1.000000  1.414214
 1.000000 10.770330 11.180340
 1.000000  7.211103  7.615773
 1.000000  7.211103  7.615773
 1.000000  7.211103  7.615773
 1.000000  8.544004  8.944272
 1.000000  8.544004  8.944272
 1.000000  8.544004  8.944272
 1.000000  9.899495 10.295630
 1.000000  3.605551  4.000000
 1.000000  3.605551  4.000000
 1.000000  3.605551  4.000000
 1.000000  3.605551  4.000000
 1.000000  5.000000  5.385165
 1.000000  5.000000  5.385165
 1.000000  5.000000  5.385165
 1.000000  5.000000  5.385165
 1.000000  5.000000  5.385165
 1.000000  6.324555  6.708204
 1.000000 10.816654 11.180340
 1.000000  6.708204  7.071068
 1.000000 11.045361 11.401754
 1.000000  4.123106  4.472136
 1.000000  4.123106  4.472136
 1.000000  4.123106  4.472136
 1.000000  4.123106  4.472136
 1.000000  4.123106  4.472136
 1.000000  7.280110  7.615773
 1.000000 10.295630 10.630146
 1.000000  2.828427  3.162278
 1.000000  6.403124  6.708204
 1.000000  6.403124  6.708204
 1.000000 11.401754 11.704700
 1.000000  8.246211  8.544004
 1.000000  5.099020  5.385165
 1.000000  5.099020  5.385165
 1.000000  8.944272  9.219544
 1.000000  5.385165  5.656854
 1.000000  5.385165  5.656854
 1.000000  5.385165  5.656854
 1.000000  9.219544  9.486833
 1.000000 10.198039 10.440307
 1.000000 10.198039 10.440307
 1.000000 10.198039 10.440307
 1.000000  6.082763  6.324555
 1.000000  6.082763  6.324555
 1.000000  6.082763  6.324555
 1.000000  6.082763  6.324555
 1.000000  6.082763  6.324555
 1.000000  8.246211  8.485281
 1.000000  2.000000  2.236068
 1.000000  2.000000  2.236068
 1.000000  2.000000  2.236068
 1.000000  2.000000  2.236068
 1.000000  2.000000  2.236068
 1.000000 10.770330 11.000000
 1.000000  4.242641  4.472136
 1.000000  4.242641  4.472136
 1.000000  4.242641  4.472136
 1.000000  4.242641  4.472136
 1.000000 10.440307 10.630146
 1.000000  8.062258  8.246211
 1.000000  5.656854  5.830952
 1.000000  5.656854  5.830952
 1.000000  5.830952  6.000000
 1.000000  9.055385  9.219544
 1.000000  9.055385  9.219544
 1.000000  3.000000  3.162278
 1.000000  3.000000  3.162278
 1.000000  3.000000  3.162278
 1.000000  3.000000  3.162278
 1.000000  9.848858 10.000000
 1.000000 10.049876 10.198039
 1.000000  7.071068  7.211103
 1.000000  7.071068  7.211103
 1.000000  7.071068  7.211103
 1.000000 11.045361 11.180340
 1.000000 11.180340 11.313708
 1.000000 12.041595 12.165525
 1.000000  4.000000  4.123106
 1.000000  4.000000  4.123106
 1.000000  4.000000  4.123106
 1.000000  4.000000  4.123106
 1.000000  4.000000  4.123106
 1.000000  4.000000  4.123106
 1.000000  4.000000  4.123106
 1.000000  4.000000  4.123106
 1.000000  4.000000  4.123106
 1.000000  4.000000  4.123106
 1.000000  4.123106  4.242641
 1.000000  4.123106  4.242641
 1.000000  4.123106  4.242641
 1.000000  4.123106  4.242641
 1.000000  4.123106  4.242641
 1.000000  8.485281  8.602325
 1.000000  8.485281  8.602325
 1.000000  9.899495 10.000000
 1.000000  5.000000  5.099020
 1.000000  5.000000  5.099020
 1.000000  5.000000  5.099020
 1.000000  5.000000  5.099020
 1.000000  5.000000  5.099020
 1.000000  5.000000  5.099020
 1.000000  5.000000  5.099020
 1.000000  5.000000  5.099020
 1.000000  5.000000  5.099020
 1.000000  6.000000  6.082763
 1.000000  6.000000  6.082763
 1.000000  6.000000  6.082763
 1.000000  6.000000  6.082763
 1.000000  6.324555  6.403124
 1.000000  6.324555  6.403124
 1.000000  6.324555  6.403124
 1.000000  6.324555  6.403124
 1.000000  6.324555  6.403124
 1.000000  6.324555  6.403124
 1.000000  7.000000  7.071068
 1.000000  7.000000  7.071068
 1.000000  7.000000  7.071068
 1.000000  7.000000  7.071068
 1.000000  7.211103  7.280110
 1.000000  8.000000  8.062258
 1.000000  8.485281  8.544004
 1.000000 10.770330 10.816654
 1.000000 11.000000 11.045361
 0.000000 -26.419690       inf
 0.000000 -16.552945  2.828427
 0.000000 -15.652476  3.162278
 0.000000 -13.000000  2.828427
 0.000000 -11.045361  2.236068
 0.000000 -13.038405 -1.000000
 0.000000 -7.615773  3.000000
 0.000000 -7.615773  2.000000
 0.000000 -6.324555  3.000000
 0.000000 -6.000000  2.828427
 0.000000 -5.830952  2.828427
 0.000000 -6.324555  2.236068
 0.000000 -13.000000 -4.472136
 0.000000 -13.000000 -4.472136
 0.000000 -6.000000  1.000000
 0.000000 -12.000000 -5.000000
 0.000000 -5.000000  2.000000
 0.000000 -12.369317 -6.082763
 0.000000 -1.000000  5.099020
 0.000000 -10.816654 -5.000000
 0.000000 -12.041595 -7.071068
 0.000000 -5.830952 -1.000000
 0.000000 -12.000000 -7.211103
 0.000000 -9.486833 -5.000000
 0.000000 -8.485281 -5.000000
 0.000000 -4.472136 -1.000000
 0.000000 -9.000000 -5.830952
 0.000000 -5.385165 -2.236068
 0.000000 -5.385165 -2.236068
 0.000000 -5.099020 -2.000000
 0.000000 -6.082763 -3.000000
 0.000000 -9.219544 -6.403124
 0.000000 -12.806248 -10.000000
 0.000000 -11.401754 -8.602325
 0.000000 -8.246211 -5.656854
 0.000000 -5.385165 -2.828427
 0.000000 -11.000000 -8.544004
 0.000000 -6.403124 -4.000000
 0.000000 -6.000000 -3.605551
 0.000000 -6.000000 -3.605551
 0.000000 -10.000000 -7.810250
 0.000000 -12.165525 -10.000000
 0.000000 -11.000000 -8.944272
 0.000000 -10.000000 -8.062258
 0.000000 -9.848858 -8.000000
 0.000000 -6.082763 -4.242641
 0.000000 -5.830952 -4.000000
 0.000000 -8.485281 -6.708204
 0.000000 -6.708204 -5.000000
 0.000000 -12.000000 -10.295630
 0.000000 -6.708204 -5.099020
 0.000000 -5.830952 -4.242641
 0.000000 -3.000000 -1.414214
 0.000000 -6.000000 -4.472136
 0.000000 -6.403124 -5.000000
 0.000000 -5.000000 -3.605551
 0.000000 -8.062258 -7.000000
 0.000000 -6.000000 -5.000000
 0.000000 -9.000000 -8.000000
 0.000000 -8.062258 -7.071068
 0.000000 -8.944272 -8.000000
 0.000000 -12.041595 -11.180340
 0.000000 -10.000000 -9.219544
 0.000000 -10.770330 -10.000000
 0.000000 -11.180340 -10.440307
 0.000000 -6.708204 -6.000000
 0.000000 -9.899495 -9.219544
 0.000000 -7.071068 -6.403124
 0.000000 -12.041595 -11.401754
 0.000000 -9.848858 -9.219544
 0.000000 -8.602325 -8.000000
 0.000000 -7.280110 -6.708204
 0.000000 -5.656854 -5.099020
 0.000000 -7.211103 -6.708204
 0.000000 -10.770330 -10.295630
 0.000000 -8.944272 -8.485281
 0.000000 -11.180340 -10.770330
 0.000000 -5.385165 -5.000000
 0.000000 -5.385165 -5.000000
 0.000000 -9.433981 -9.055385
 0.000000 -11.180340 -10.816654
 0.000000 -7.071068 -6.708204
 0.000000 -11.661904 -11.313708
 0.000000 -7.615773 -7.280110
 0.000000 -6.708204 -6.403124
 0.000000 -6.708204 -6.403124
 0.000000 -5.385165 -5.099020
 0.000000 -5.385165 -5.099020
 0.000000 -11.661904 -11.401754
 0.000000 -11.661904 -11.401754
 0.000000 -8.062258 -7.810250
 0.000000 -6.082763 -5.830952
 0.000000 -8.246211 -8.000000
 0.000000 -9.219544 -9.000000
 0.000000 -10.816654 -10.630146
 0.000000 -8.246211 -8.062258
 0.000000 -8.246211 -8.062258
 0.000000 -9.219544 -9.055385
 0.000000 -10.770330 -10.630146
 0.000000 -7.211103 -7.071068
 0.000000 -7.211103 -7.071068
 0.000000 -4.123106 -4.000000
 0.000000 -4.123106 -4.000000
 0.000000 -4.123106 -4.000000
 0.000000 -4.123106 -4.000000
 0.000000 -5.099020 -5.000000
 0.000000 -5.099020 -5.000000
 0.000000 -5.099020 -5.000000
 0.000000 -11.401754 -11.313708
 0.000000 -11.401754 -11.313708
 0.000000 -6.082763 -6.000000
 0.000000 -6.082763 -6.000000
 0.000000 -7.071068 -7.000000
 0.000000 -8.062258 -8.000000
 0.000000 -8.062258 -8.000000
 0.000000 -8.602325 -8.544004
 0.000000 -9.055385 -9.000000
 0.000000 -9.055385 -9.000000
 0.000000 -9.486833 -9.433981
 0.000000 -10.049876 -10.000000
 0.000000 -11.045361 -11.000000
 0.000000 -11.045361 -11.000000
 0.000000 -11.045361 -11.000000
 0.000000 -11.045361 -11.000000
 0.000000 -11.045361 -11.000000
 0.000000 -12.041595 -12.000000
 0.000000 -12.041595 -12.000000
