 1.000000 -7.000000  3.000000
 1.000000  6.082763 14.317821
 1.000000  4.242641 12.041595
 1.000000  3.000000 10.295630
 1.000000 -4.123106  3.000000
 1.000000  9.000000 15.811388
 1.000000 -1.414214  4.123106
 1.000000  2.000000  7.071068
 1.000000  4.242641  9.219544
 1.000000  5.000000  9.899495
 1.000000  6.324555 11.180340
 1.000000 -1.414214  2.828427
 1.000000  5.099020  9.219544
 1.000000  2.828427  6.708204
 1.000000  5.385165  9.219544
 1.000000 -1.000000  2.828427
 1.000000 -2.236068  1.414214
 1.000000  5.000000  8.544004
 1.000000  8.544004 12.041595
 1.000000  5.000000  8.062258
 1.000000 -2.000000  1.000000
 1.000000  1.000000  4.000000
 1.000000  5.385165  8.246211
 1.000000  4.472136  7.280110
 1.000000  1.414214  4.000000
 1.000000 -1.414214  1.000000
 1.000000  3.605551  5.830952
 1.000000  7.810250 10.000000
 1.000000  8.602325 10.630146
 1.000000  3.000000  5.000000
 1.000000  5.000000  7.000000
 1.000000  4.123106  6.000000
 1.000000  1.000000  2.828427
 1.000000  4.000000  5.656854
 1.000000 12.041595 13.341664
 1.000000  7.280110  8.485281
 1.000000 12.206556 13.341664
 1.000000  5.000000  6.082763
 1.000000  7.000000  8.062258
 1.000000  3.000000  4.000000
 1.000000  3.000000  4.000000
 1.000000  7.071068  8.062258
 1.000000  6.708204  7.615773
 1.000000  5.000000  5.830952
 1.000000  2.000000  2.828427
 1.000000  1.414214  2.236068
 1.000000  1.414214  2.236068
 1.000000  7.000000  7.810250
 1.000000  2.828427  3.605551
 1.000000  4.242641  5.000000
 1.000000 12.041595 12.727922
 1.000000 12.041595 12.727922
 1.000000  6.403124  7.071068
 1.000000  5.000000  5.656854
 1.000000  5.000000  5.656854
 1.000000  5.000000  5.656854
 1.000000  3.605551  4.242641
 1.000000  3.605551  4.242641
 1.000000  6.082763  6.708204
 1.000000  8.602325  9.219544
 1.000000  3.000000  3.605551
 1.000000  2.236068  2.828427
 1.000000  2.236068  2.828427
 1.000000  2.236068  2.828427
 1.000000  2.236068  2.828427
 1.000000  2.236068  2.828427
 1.000000  2.236068  2.828427
 1.000000  2.236068  2.828427
 1.000000  1.414214  2.000000
 1.000000  1.414214  2.000000
 1.000000  1.414214  2.000000
 1.000000  1.414214  2.000000
 1.000000  1.414214  2.000000
 1.000000  1.414214  2.000000
 1.000000  9.433981 10.000000
 1.000000 10.770330 11.313708
 1.000000  4.472136  5.000000
 1.000000  4.472136  5.000000
 1.000000  4.472136  5.000000
 1.000000 12.206556 12.727922
 1.000000 12.206556 12.727922
 1.000000 10.295630 10.816654
 1.000000  3.605551  4.123106
 1.000000  3.605551  4.123106
 1.000000  3.605551  4.123106
 1.000000  3.605551  4.123106
 1.000000  8.544004  9.055385
 1.000000  5.830952  6.324555
 1.000000  5.830952  6.324555
 1.000000 10.295630 10.770330
 1.000000 10.295630 10.770330
 1.000000  9.848858 10.295630
 1.000000  5.385165  5.830952
 1.000000  5.385165  5.830952
 1.000000  3.162278  3.605551
 1.000000  3.162278  3.605551
 1.000000  3.162278  3.605551
 1.000000  3.162278  3.605551
 1.000000  8.062258  8.485281
 1.000000 15.231546 15.652476
 1.000000 15.231546 15.652476
 1.000000  1.000000  1.414214
 1.000000  1.000000  1.414214
 1.000000  1.000000  1.414214
 1.000000  1.000000  1.414214
 1.000000 10.770330 11.180340
 1.000000 10.770330 11.180340
 1.000000  7.211103  7.615773
 1.000000  3.605551  4.000000
 1.000000  3.605551  4.000000
 1.000000  5.000000  5.385165
 1.000000  5.000000  5.385165
 1.000000  5.000000  5.385165
 1.000000  5.000000  5.385165
 1.000000  6.324555  6.708204
 1.000000 10.816654 11.180340
 1.000000  6.708204  7.071068
 1.000000  6.708204  7.071068
 1.000000  9.848858 10.198039
 1.000000  4.123106  4.472136
 1.000000  4.123106  4.472136
 1.000000  4.123106  4.472136
 1.000000  8.602325  8.944272
 1.000000  8.602325  8.944272
 1.000000  8.602325  8.944272
 1.000000  7.280110  7.615773
 1.000000  2.828427  3.162278
 1.000000 12.206556 12.529964
 1.000000  8.246211  8.544004
 1.000000 10.000000 10.295630
 1.000000  5.099020  5.385165
 1.000000  5.099020  5.385165
 1.000000  5.099020  5.385165
 1.000000 12.529964 12.806248
 1.000000 12.529964 12.806248
 1.000000 12.529964 12.806248
 1.000000  8.944272  9.219544
 1.000000  8.944272  9.219544
 1.000000 10.770330 11.045361
 1.000000 12.727922 13.000000
 1.000000  5.385165  5.656854
 1.000000  5.385165  5.656854
 1.000000  5.385165  5.656854
 1.000000  5.385165  5.656854
 1.000000  9.219544  9.486833
 1.000000  9.219544  9.486833
 1.000000  7.810250  8.062258
 1.000000  7.810250  8.062258
 1.000000  5.830952  6.082763
 1.000000  5.830952  6.082763
 1.000000 10.198039 10.440307
 1.000000 10.198039 10.440307
 1.000000 10.198039 10.440307
 1.000000  6.082763  6.324555
 1.000000  6.082763  6.324555
 1.000000  6.082763  6.324555
 1.000000  2.000000  2.236068
 1.000000  2.000000  2.236068
 1.000000  2.000000  2.236068
 1.000000  2.000000  2.236068
 1.000000  4.242641  4.472136
 1.000000  4.242641  4.472136
 1.000000  4.242641  4.472136
 1.000000 11.180340 11.401754
 1.000000  9.000000  9.219544
 1.000000  7.071068  7.280110
 1.000000  7.071068  7.280110
 1.000000  7.071068  7.280110
 1.000000  7.071068  7.280110
 1.000000  7.071068  7.280110
 1.000000 10.440307 10.630146
 1.000000 10.630146 10.816654
 1.000000 10.630146 10.816654
 1.000000 11.000000 11.180340
 1.000000  5.656854  5.830952
 1.000000  5.656854  5.830952
 1.000000  5.656854  5.830952
 1.000000  2.828427  3.000000
 1.000000  2.828427  3.000000
 1.000000  2.828427  3.000000
 1.000000  9.055385  9.219544
 1.000000  9.055385  9.219544
 1.000000  9.055385  9.219544
 1.000000  3.000000  3.162278
 1.000000  3.000000  3.162278
 1.000000  3.000000  3.162278
 1.000000  3.000000  3.162278
 1.000000  3.000000  3.162278
 1.000000  3.000000  3.162278
 1.000000  3.000000  3.162278
 1.000000  3.000000  3.162278
 1.000000 12.649111 12.806248
 1.000000  9.848858 10.000000
 1.000000  9.848858 10.000000
 1.000000 11.045361 11.180340
 1.000000 11.045361 11.180340
 1.000000  4.000000  4.123106
 1.000000  4.000000  4.123106
 1.000000  4.000000  4.123106
 1.000000  4.000000  4.123106
 1.000000  4.000000  4.123106
 1.000000  4.000000  4.123106
 1.000000  4.000000  4.123106
 1.000000  4.123106  4.242641
 1.000000  4.123106  4.242641
 1.000000  4.123106  4.242641
 1.000000  4.123106  4.242641
 1.000000  4.123106  4.242641
 1.000000  8.485281  8.602325
 1.000000 13.341664 13.453624
 1.000000 14.035669 14.142136
 1.000000  5.000000  5.099020
 1.000000  5.000000  5.099020
 1.000000  5.000000  5.099020
 1.000000  5.000000  5.099020
 1.000000  5.000000  5.099020
 1.000000  5.000000  5.099020
 1.000000 11.313708 11.401754
 1.000000  6.000000  6.082763
 1.000000  6.000000  6.082763
 1.000000  6.000000  6.082763
 1.000000  6.000000  6.082763
 1.000000  6.000000  6.082763
 1.000000  6.000000  6.082763
 1.000000  6.000000  6.082763
 1.000000  6.000000  6.082763
 1.000000  6.324555  6.403124
 1.000000  6.324555  6.403124
 1.000000  7.000000  7.071068
 1.000000  7.000000  7.071068
 1.000000  7.000000  7.071068
 1.000000  7.211103  7.280110
 1.000000  7.211103  7.280110
 1.000000  8.000000  8.062258
 1.000000  8.000000  8.062258
 1.000000  8.000000  8.062258
 1.000000  8.000000  8.062258
 1.000000  8.544004  8.602325
 1.000000  9.433981  9.486833
 1.000000 10.000000 10.049876
 1.000000 11.000000 11.045361
 1.000000 11.000000 11.045361
 1.000000 12.000000 12.041595
 1.000000 12.000000 12.041595
 1.000000 12.000000 12.041595
 1.000000 13.000000 13.038405
 1.000000 13.000000 13.038405
 0.000000 -18.681542       inf
 0.000000 -17.720045  2.236068
 0.000000 -14.866069  4.123106
 0.000000 -16.970563  1.000000
 0.000000 -13.000000  2.000000
 0.000000 -11.180340  3.605551
 0.000000 -14.866069 -1.414214
 0.000000 -10.000000  1.000000
 0.000000 -7.810250  2.000000
 0.000000 -7.615773  2.000000
 0.000000 -7.071068  2.000000
 0.000000 -10.000000 -1.000000
 0.000000 -13.928388 -5.000000
 0.000000 -11.704700 -3.162278
 0.000000 -5.385165  3.000000
 0.000000 -16.124515 -7.810250
 0.000000 -5.830952  2.236068
 0.000000 -5.830952  2.236068
 0.000000 -2.236068  5.000000
 0.000000 -12.000000 -5.000000
 0.000000 -9.899495 -3.000000
 0.000000 -5.830952  1.000000
 0.000000 -4.472136  2.000000
 0.000000 -7.615773 -2.000000
 0.000000 -2.828427  2.000000
 0.000000 -11.045361 -6.708204
 0.000000 -8.246211 -4.123106
 0.000000 -13.341664 -9.219544
 0.000000 -5.656854 -2.000000
 0.000000 -7.615773 -4.000000
 0.000000 -9.219544 -5.830952
 0.000000 -7.211103 -4.123106
 0.000000 -13.038405 -10.000000
 0.000000 -8.000000 -5.099020
 0.000000 -6.324555 -3.605551
 0.000000 -10.440307 -7.810250
 0.000000 -9.000000 -6.403124
 0.000000 -15.000000 -12.529964
 0.000000 -9.486833 -7.071068
 0.000000 -6.403124 -4.000000
 0.000000 -11.313708 -9.000000
 0.000000 -7.071068 -5.099020
 0.000000 -6.000000 -4.123106
 0.000000 -6.324555 -4.472136
 0.000000 -5.830952 -4.000000
 0.000000 -7.810250 -6.000000
 0.000000 -6.403124 -5.000000
 0.000000 -11.661904 -10.295630
 0.000000 -11.180340 -9.848858
 0.000000 -11.661904 -10.630146
 0.000000 -5.000000 -4.000000
 0.000000 -13.000000 -12.000000
 0.000000 -5.385165 -4.472136
 0.000000 -9.848858 -9.000000
 0.000000 -5.830952 -5.000000
 0.000000 -5.830952 -5.000000
 0.000000 -7.810250 -7.071068
 0.000000 -6.324555 -5.830952
 0.000000 -8.485281 -8.000000
 0.000000 -8.062258 -7.615773
 0.000000 -8.062258 -7.615773
 0.000000 -10.440307 -10.000000
 0.000000 -9.486833 -9.055385
 0.000000 -7.615773 -7.211103
 0.000000 -7.615773 -7.211103
 0.000000 -7.615773 -7.211103
 0.000000 -11.401754 -11.000000
 0.000000 -9.000000 -8.602325
 0.000000 -5.385165 -5.000000
 0.000000 -9.848858 -9.486833
 0.000000 -4.472136 -4.123106
 0.000000 -8.944272 -8.602325
 0.000000 -7.615773 -7.280110
 0.000000 -13.000000 -12.727922
 0.000000 -13.601471 -13.341664
 0.000000 -6.324555 -6.082763
 0.000000 -4.472136 -4.242641
 0.000000 -4.472136 -4.242641
 0.000000 -11.401754 -11.180340
 0.000000 -9.219544 -9.000000
 0.000000 -7.211103 -7.000000
 0.000000 -12.369317 -12.165525
 0.000000 -10.198039 -10.000000
 0.000000 -8.246211 -8.062258
 0.000000 -11.180340 -11.000000
 0.000000 -5.830952 -5.656854
 0.000000 -10.198039 -10.049876
 0.000000 -10.770330 -10.630146
 0.000000 -7.211103 -7.071068
 0.000000 -7.211103 -7.071068
 0.000000 -4.123106 -4.000000
 0.000000 -12.649111 -12.529964
 0.000000 -5.099020 -5.000000
 0.000000 -5.099020 -5.000000
 0.000000 -6.082763 -6.000000
 0.000000 -6.082763 -6.000000
 0.000000 -18.439089 -18.357560
 0.000000 -12.806248 -12.727922
 0.000000 -7.071068 -7.000000
 0.000000 -7.071068 -7.000000
 0.000000 -7.280110 -7.211103
 0.000000 -8.062258 -8.000000
 0.000000 -8.062258 -8.000000
 0.000000 -8.062258 -8.000000
 0.000000 -9.486833 -9.433981
 0.000000 -10.049876 -10.000000
 0.000000 -10.049876 -10.000000
 0.000000 -15.033296 -15.000000
 0.000000 -18.384776 -18.357560
