 1.000000  3.605551 13.038405
 1.000000 -1.414214  6.708204
 1.000000  2.000000  9.433981
 1.000000 -2.236068  4.000000
 1.000000 -4.123106  2.000000
 1.000000  2.000000  7.810250
 1.000000  4.000000  9.219544
 1.000000  3.000000  8.062258
 1.000000  2.236068  7.280110
 1.000000  4.000000  9.000000
 1.000000 -3.000000  2.000000
 1.000000  6.403124 11.000000
 1.000000  4.472136  9.000000
 1.000000  2.000000  6.000000
 1.000000  5.000000  8.944272
 1.000000  2.236068  6.082763
 1.000000  8.000000 11.704700
 1.000000  1.414214  5.099020
 1.000000  3.605551  7.211103
 1.000000  5.656854  9.219544
 1.000000  8.000000 11.180340
 1.000000 10.000000 13.152946
 1.000000  6.324555  9.433981
 1.000000  2.000000  5.000000
 1.000000  6.000000  9.000000
 1.000000 -1.414214  1.414214
 1.000000  7.000000  9.486833
 1.000000 -1.000000  1.414214
 1.000000 -1.000000  1.414214
 1.000000  4.000000  6.403124
 1.000000  5.000000  7.280110
 1.000000 -1.000000  1.000000
 1.000000 -1.000000  1.000000
 1.000000  7.280110  9.219544
 1.000000  4.123106  5.830952
 1.000000  2.828427  4.472136
 1.000000  2.828427  4.472136
 1.000000  2.000000  3.605551
 1.000000  1.414214  3.000000
 1.000000  2.828427  4.242641
 1.000000  6.708204  7.810250
 1.000000  5.000000  6.082763
 1.000000  3.000000  4.000000
 1.000000  5.099020  6.082763
 1.000000  8.000000  8.944272
 1.000000 11.313708 12.206556
 1.000000  2.000000  2.828427
 1.000000  2.000000  2.828427
 1.000000  2.828427  3.605551
 1.000000  2.828427  3.605551
 1.000000  2.828427  3.605551
 1.000000  2.828427  3.605551
 1.000000  2.828427  3.605551
 1.000000  7.071068  7.810250
 1.000000  7.071068  7.810250
 1.000000  7.071068  7.810250
 1.000000  7.810250  8.485281
 1.000000  7.810250  8.485281
 1.000000  7.810250  8.485281
 1.000000  5.000000  5.656854
 1.000000  3.605551  4.242641
 1.000000  3.605551  4.242641
 1.000000  8.602325  9.219544
 1.000000  3.000000  3.605551
 1.000000  7.211103  7.810250
 1.000000  6.403124  7.000000
 1.000000  2.236068  2.828427
 1.000000  2.236068  2.828427
 1.000000  2.236068  2.828427
 1.000000  1.414214  2.000000
 1.000000  1.414214  2.000000
 1.000000  1.414214  2.000000
 1.000000  1.414214  2.000000
 1.000000  5.830952  6.403124
 1.000000  5.830952  6.403124
 1.000000  7.071068  7.615773
 1.000000  8.944272  9.486833
 1.000000  4.472136  5.000000
 1.000000  4.472136  5.000000
 1.000000  4.472136  5.000000
 1.000000  4.472136  5.000000
 1.000000  4.472136  5.000000
 1.000000  4.472136  5.000000
 1.000000  3.605551  4.123106
 1.000000  3.605551  4.123106
 1.000000  3.605551  4.123106
 1.000000  3.605551  4.123106
 1.000000  3.605551  4.123106
 1.000000  3.605551  4.123106
 1.000000  6.708204  7.211103
 1.000000  8.944272  9.433981
 1.000000 11.180340 11.661904
 1.000000  8.485281  8.944272
 1.000000  5.385165  5.830952
 1.000000  5.385165  5.830952
 1.000000  5.385165  5.830952
 1.000000  5.385165  5.830952
 1.000000  5.385165  5.830952
 1.000000  5.385165  5.830952
 1.000000  3.162278  3.605551
 1.000000  3.162278  3.605551
 1.000000  3.162278  3.605551
 1.000000  3.162278  3.605551
 1.000000  3.162278  3.605551
 1.000000  3.162278  3.605551
 1.000000  3.162278  3.605551
 1.000000  3.162278  3.605551
 1.000000  3.162278  3.605551
 1.000000  3.162278  3.605551
 1.000000  8.062258  8.485281
 1.000000  1.000000  1.414214
 1.000000  1.000000  1.414214
 1.000000 10.770330 11.180340
 1.000000  7.211103  7.615773
 1.000000  7.211103  7.615773
 1.000000  8.544004  8.944272
 1.000000  8.544004  8.944272
 1.000000  8.544004  8.944272
 1.000000  8.544004  8.944272
 1.000000  5.000000  5.385165
 1.000000  5.000000  5.385165
 1.000000  5.000000  5.385165
 1.000000  5.000000  5.385165
 1.000000  5.000000  5.385165
 1.000000  5.000000  5.385165
 1.000000  6.324555  6.708204
 1.000000 11.661904 12.041595
 1.000000 10.816654 11.180340
 1.000000  6.708204  7.071068
 1.000000  6.708204  7.071068
 1.000000  6.708204  7.071068
 1.000000  4.123106  4.472136
 1.000000  4.123106  4.472136
 1.000000  4.123106  4.472136
 1.000000 11.313708 11.661904
 1.000000 11.313708 11.661904
 1.000000  8.602325  8.944272
 1.000000 11.704700 12.041595
 1.000000  7.280110  7.615773
 1.000000  7.280110  7.615773
 1.000000 10.295630 10.630146
 1.000000 10.295630 10.630146
 1.000000  2.828427  3.162278
 1.000000  2.828427  3.162278
 1.000000  2.828427  3.162278
 1.000000  2.828427  3.162278
 1.000000  2.828427  3.162278
 1.000000  2.828427  3.162278
 1.000000  6.403124  6.708204
 1.000000  6.403124  6.708204
 1.000000  8.246211  8.544004
 1.000000  8.246211  8.544004
 1.000000  5.099020  5.385165
 1.000000  5.099020  5.385165
 1.000000  5.099020  5.385165
 1.000000  5.099020  5.385165
 1.000000  5.099020  5.385165
 1.000000  5.099020  5.385165
 1.000000  7.000000  7.280110
 1.000000  8.944272  9.219544
 1.000000  5.385165  5.656854
 1.000000  5.385165  5.656854
 1.000000  5.385165  5.656854
 1.000000  9.219544  9.486833
 1.000000  6.082763  6.324555
 1.000000  6.082763  6.324555
 1.000000  6.082763  6.324555
 1.000000  8.246211  8.485281
 1.000000  2.000000  2.236068
 1.000000  2.000000  2.236068
 1.000000  2.000000  2.236068
 1.000000  2.000000  2.236068
 1.000000  2.000000  2.236068
 1.000000  2.000000  2.236068
 1.000000  2.000000  2.236068
 1.000000  4.242641  4.472136
 1.000000  4.242641  4.472136
 1.000000  4.242641  4.472136
 1.000000  4.242641  4.472136
 1.000000  4.242641  4.472136
 1.000000  4.242641  4.472136
 1.000000  4.242641  4.472136
 1.000000  7.000000  7.211103
 1.000000  7.071068  7.280110
 1.000000  7.071068  7.280110
 1.000000  7.071068  7.280110
 1.000000  7.071068  7.280110
 1.000000 12.165525 12.369317
 1.000000  7.615773  7.810250
 1.000000 10.630146 10.816654
 1.000000 10.630146 10.816654
 1.000000  8.062258  8.246211
 1.000000  5.656854  5.830952
 1.000000  5.656854  5.830952
 1.000000  2.828427  3.000000
 1.000000  2.828427  3.000000
 1.000000  2.828427  3.000000
 1.000000  5.830952  6.000000
 1.000000  3.000000  3.162278
 1.000000  3.000000  3.162278
 1.000000  3.000000  3.162278
 1.000000  3.000000  3.162278
 1.000000  3.000000  3.162278
 1.000000  3.000000  3.162278
 1.000000  3.000000  3.162278
 1.000000  3.000000  3.162278
 1.000000  3.000000  3.162278
 1.000000 10.630146 10.770330
 1.000000 10.630146 10.770330
 1.000000  7.071068  7.211103
 1.000000  7.071068  7.211103
 1.000000  7.071068  7.211103
 1.000000  7.071068  7.211103
 1.000000 11.180340 11.313708
 1.000000  4.000000  4.123106
 1.000000  4.000000  4.123106
 1.000000  4.000000  4.123106
 1.000000  4.000000  4.123106
 1.000000  4.000000  4.123106
 1.000000  4.000000  4.123106
 1.000000  4.000000  4.123106
 1.000000  4.123106  4.242641
 1.000000  4.123106  4.242641
 1.000000  4.123106  4.242641
 1.000000  4.123106  4.242641
 1.000000  4.123106  4.242641
 1.000000  8.485281  8.602325
 1.000000  8.485281  8.602325
 1.000000  5.000000  5.099020
 1.000000  5.000000  5.099020
 1.000000 11.313708 11.401754
 1.000000 11.313708 11.401754
 1.000000 11.313708 11.401754
 1.000000  6.000000  6.082763
 1.000000  6.000000  6.082763
 1.000000  6.000000  6.082763
 1.000000  6.000000  6.082763
 1.000000  6.000000  6.082763
 1.000000  6.324555  6.403124
 1.000000  6.324555  6.403124
 1.000000  7.000000  7.071068
 1.000000  7.000000  7.071068
 1.000000  7.000000  7.071068
 1.000000  8.000000  8.062258
 1.000000  8.000000  8.062258
 1.000000  8.000000  8.062258
 1.000000  8.000000  8.062258
 1.000000  8.000000  8.062258
 1.000000  8.485281  8.544004
 1.000000  8.485281  8.544004
 1.000000  8.544004  8.602325
 1.000000  8.944272  9.000000
 1.000000  9.000000  9.055385
 1.000000  9.000000  9.055385
 1.000000 10.000000 10.049876
 0.000000 -19.849433       inf
 0.000000 -13.601471  2.828427
 0.000000 -16.643317 -2.236068
 0.000000 -18.384776 -4.000000
 0.000000 -9.433981  3.605551
 0.000000 -9.848858  3.162278
 0.000000 -11.180340  1.414214
 0.000000 -13.928388 -2.236068
 0.000000 -12.041595 -1.000000
 0.000000 -8.062258  2.828427
 0.000000 -13.038405 -3.605551
 0.000000 -1.414214  7.000000
 0.000000 -11.180340 -3.000000
 0.000000 -17.000000 -9.055385
 0.000000 -10.770330 -3.000000
 0.000000 -3.605551  4.000000
 0.000000 -6.000000  1.414214
 0.000000 -10.295630 -3.000000
 0.000000 -4.472136  2.000000
 0.000000 -8.944272 -2.828427
 0.000000 -9.219544 -3.162278
 0.000000 -12.369317 -6.324555
 0.000000 -10.198039 -4.472136
 0.000000 -12.165525 -7.071068
 0.000000 -2.000000  3.000000
 0.000000 -8.944272 -4.000000
 0.000000 -8.944272 -4.123106
 0.000000 -5.656854 -1.000000
 0.000000 -10.049876 -5.656854
 0.000000 -10.630146 -6.403124
 0.000000 -7.211103 -3.000000
 0.000000 -11.180340 -7.000000
 0.000000 -7.000000 -3.000000
 0.000000 -1.000000  3.000000
 0.000000 -10.770330 -7.000000
 0.000000 -5.385165 -2.000000
 0.000000 -9.219544 -6.000000
 0.000000 -9.219544 -6.082763
 0.000000 -8.602325 -6.000000
 0.000000 -11.000000 -8.485281
 0.000000 -10.049876 -7.615773
 0.000000 -11.180340 -9.055385
 0.000000 -8.485281 -6.403124
 0.000000 -1.000000  1.000000
 0.000000 -5.000000 -3.000000
 0.000000 -5.830952 -4.123106
 0.000000 -8.062258 -6.403124
 0.000000 -8.246211 -6.708204
 0.000000 -5.385165 -4.000000
 0.000000 -5.385165 -4.123106
 0.000000 -2.236068 -1.000000
 0.000000 -8.944272 -7.810250
 0.000000 -6.403124 -5.385165
 0.000000 -8.062258 -7.071068
 0.000000 -7.000000 -6.082763
 0.000000 -11.180340 -10.295630
 0.000000 -8.485281 -7.615773
 0.000000 -5.830952 -5.000000
 0.000000 -10.000000 -9.219544
 0.000000 -9.000000 -8.246211
 0.000000 -5.830952 -5.099020
 0.000000 -7.071068 -6.403124
 0.000000 -10.630146 -10.000000
 0.000000 -6.708204 -6.082763
 0.000000 -4.123106 -3.605551
 0.000000 -9.055385 -8.544004
 0.000000 -7.211103 -6.708204
 0.000000 -6.324555 -5.830952
 0.000000 -8.544004 -8.062258
 0.000000 -8.062258 -7.615773
 0.000000 -10.440307 -10.000000
 0.000000 -10.295630 -9.899495
 0.000000 -9.848858 -9.486833
 0.000000 -8.944272 -8.602325
 0.000000 -7.615773 -7.280110
 0.000000 -10.770330 -10.440307
 0.000000 -6.324555 -6.000000
 0.000000 -6.324555 -6.000000
 0.000000 -6.708204 -6.403124
 0.000000 -6.708204 -6.403124
 0.000000 -6.708204 -6.403124
 0.000000 -8.544004 -8.246211
 0.000000 -5.385165 -5.099020
 0.000000 -9.486833 -9.219544
 0.000000 -6.324555 -6.082763
 0.000000 -6.324555 -6.082763
 0.000000 -6.324555 -6.082763
 0.000000 -6.324555 -6.082763
 0.000000 -10.049876 -9.848858
 0.000000 -7.810250 -7.615773
 0.000000 -10.816654 -10.630146
 0.000000 -8.246211 -8.062258
 0.000000 -9.219544 -9.055385
 0.000000 -3.162278 -3.000000
 0.000000 -3.162278 -3.000000
 0.000000 -13.152946 -13.000000
 0.000000 -10.198039 -10.049876
 0.000000 -10.770330 -10.630146
 0.000000 -7.211103 -7.071068
 0.000000 -7.211103 -7.071068
 0.000000 -7.211103 -7.071068
 0.000000 -15.264338 -15.132746
 0.000000 -4.123106 -4.000000
 0.000000 -14.866069 -14.764823
 0.000000 -14.866069 -14.764823
 0.000000 -10.295630 -10.198039
 0.000000 -6.082763 -6.000000
 0.000000 -6.082763 -6.000000
 0.000000 -8.062258 -8.000000
 0.000000 -8.062258 -8.000000
 0.000000 -8.062258 -8.000000
 0.000000 -8.062258 -8.000000
 0.000000 -8.602325 -8.544004
 0.000000 -10.049876 -10.000000
