 1.000000  1.414214 15.652476
 1.000000  3.000000 14.317821
 1.000000 -5.099020  4.472136
 1.000000 -5.385165  3.162278
 1.000000 -2.000000  6.082763
 1.000000  4.123106 12.165525
 1.000000  3.605551 11.313708
 1.000000  4.123106 11.180340
 1.000000 -2.000000  4.000000
 1.000000 -4.472136  1.414214
 1.000000 -3.000000  2.828427
 1.000000  4.472136 10.000000
 1.000000 -2.236068  3.000000
 1.000000  5.000000 10.198039
 1.000000  2.000000  7.071068
 1.000000  3.000000  7.071068
 1.000000 -1.000000  3.000000
 1.000000  1.414214  5.000000
 1.000000  6.000000  9.486833
 1.000000 -1.414214  2.000000
 1.000000 -2.236068  1.000000
 1.000000  7.071068 10.295630
 1.000000 -2.000000  1.000000
 1.000000 -2.000000  1.000000
 1.000000 -1.414214  1.414214
 1.000000 -1.414214  1.414214
 1.000000  8.485281 11.180340
 1.000000  3.605551  5.830952
 1.000000  3.162278  5.385165
 1.000000  5.830952  8.000000
 1.000000  2.000000  4.123106
 1.000000  5.000000  7.000000
 1.000000 -1.000000  1.000000
 1.000000  2.236068  4.000000
 1.000000 11.000000 12.649111
 1.000000  6.000000  7.615773
 1.000000  4.123106  5.656854
 1.000000  4.472136  6.000000
 1.000000  8.544004 10.000000
 1.000000  3.605551  5.000000
 1.000000  2.236068  3.605551
 1.000000  1.000000  2.236068
 1.000000 10.440307 11.661904
 1.000000  8.062258  9.219544
 1.000000  5.385165  6.403124
 1.000000  2.000000  3.000000
 1.000000  4.000000  5.000000
 1.000000  8.062258  8.944272
 1.000000  5.000000  5.830952
 1.000000  6.403124  7.211103
 1.000000  6.324555  7.071068
 1.000000  9.486833 10.198039
 1.000000 10.630146 11.313708
 1.000000  6.403124  7.071068
 1.000000  5.000000  5.656854
 1.000000  3.605551  4.242641
 1.000000  3.605551  4.242641
 1.000000  3.605551  4.242641
 1.000000  4.472136  5.099020
 1.000000  7.000000  7.615773
 1.000000  3.000000  3.605551
 1.000000  2.236068  2.828427
 1.000000  2.236068  2.828427
 1.000000  2.236068  2.828427
 1.000000  2.236068  2.828427
 1.000000  2.236068  2.828427
 1.000000  2.236068  2.828427
 1.000000  2.236068  2.828427
 1.000000  2.236068  2.828427
 1.000000  2.236068  2.828427
 1.000000  2.236068  2.828427
 1.000000  1.414214  2.000000
 1.000000  8.062258  8.602325
 1.000000  4.472136  5.000000
 1.000000  4.472136  5.000000
 1.000000  4.472136  5.000000
 1.000000  4.472136  5.000000
 1.000000  3.605551  4.123106
 1.000000  3.605551  4.123106
 1.000000  3.605551  4.123106
 1.000000  3.605551  4.123106
 1.000000  6.708204  7.211103
 1.000000  6.708204  7.211103
 1.000000  6.708204  7.211103
 1.000000  8.944272  9.433981
 1.000000  8.062258  8.544004
 1.000000  8.062258  8.544004
 1.000000  8.485281  8.944272
 1.000000  5.385165  5.830952
 1.000000  5.385165  5.830952
 1.000000  5.385165  5.830952
 1.000000  5.385165  5.830952
 1.000000  5.385165  5.830952
 1.000000  3.162278  3.605551
 1.000000  3.162278  3.605551
 1.000000  3.162278  3.605551
 1.000000  3.162278  3.605551
 1.000000  1.000000  1.414214
 1.000000  1.000000  1.414214
 1.000000  7.211103  7.615773
 1.000000  8.544004  8.944272
 1.000000  8.544004  8.944272
 1.000000  3.605551  4.000000
 1.000000  3.605551  4.000000
 1.000000  5.000000  5.385165
 1.000000 10.816654 11.180340
 1.000000  6.708204  7.071068
 1.000000  6.708204  7.071068
 1.000000  9.486833  9.848858
 1.000000  4.123106  4.472136
 1.000000  4.123106  4.472136
 1.000000  4.123106  4.472136
 1.000000  8.602325  8.944272
 1.000000  7.280110  7.615773
 1.000000  7.280110  7.615773
 1.000000  7.280110  7.615773
 1.000000  7.280110  7.615773
 1.000000  2.828427  3.162278
 1.000000 10.440307 10.770330
 1.000000  6.403124  6.708204
 1.000000  6.403124  6.708204
 1.000000  8.246211  8.544004
 1.000000  6.708204  7.000000
 1.000000  5.099020  5.385165
 1.000000  5.099020  5.385165
 1.000000  5.099020  5.385165
 1.000000  8.944272  9.219544
 1.000000  8.944272  9.219544
 1.000000 10.770330 11.045361
 1.000000  5.385165  5.656854
 1.000000  5.385165  5.656854
 1.000000  5.385165  5.656854
 1.000000  9.219544  9.486833
 1.000000 11.401754 11.661904
 1.000000 10.198039 10.440307
 1.000000  6.082763  6.324555
 1.000000  6.082763  6.324555
 1.000000  2.000000  2.236068
 1.000000  2.000000  2.236068
 1.000000  2.000000  2.236068
 1.000000  2.000000  2.236068
 1.000000  2.000000  2.236068
 1.000000  7.071068  7.280110
 1.000000  7.615773  7.810250
 1.000000  8.062258  8.246211
 1.000000  8.062258  8.246211
 1.000000  8.062258  8.246211
 1.000000  8.062258  8.246211
 1.000000 11.000000 11.180340
 1.000000  5.656854  5.830952
 1.000000  5.656854  5.830952
 1.000000  2.828427  3.000000
 1.000000  2.828427  3.000000
 1.000000  9.055385  9.219544
 1.000000  9.055385  9.219544
 1.000000  9.055385  9.219544
 1.000000  3.000000  3.162278
 1.000000  3.000000  3.162278
 1.000000  3.000000  3.162278
 1.000000  3.000000  3.162278
 1.000000  3.000000  3.162278
 1.000000  3.000000  3.162278
 1.000000 10.630146 10.770330
 1.000000  7.071068  7.211103
 1.000000  7.071068  7.211103
 1.000000 11.045361 11.180340
 1.000000  4.000000  4.123106
 1.000000  4.000000  4.123106
 1.000000  4.000000  4.123106
 1.000000  4.000000  4.123106
 1.000000  4.000000  4.123106
 1.000000  4.000000  4.123106
 1.000000  4.123106  4.242641
 1.000000  4.123106  4.242641
 1.000000  4.123106  4.242641
 1.000000  4.123106  4.242641
 1.000000  4.123106  4.242641
 1.000000  4.123106  4.242641
 1.000000  8.485281  8.602325
 1.000000  8.485281  8.602325
 1.000000  8.485281  8.602325
 1.000000  9.899495 10.000000
 1.000000  5.000000  5.099020
 1.000000  5.000000  5.099020
 1.000000  5.000000  5.099020
 1.000000  5.000000  5.099020
 1.000000  5.000000  5.099020
 1.000000  5.000000  5.099020
 1.000000  5.000000  5.099020
 1.000000  5.000000  5.099020
 1.000000  5.000000  5.099020
 1.000000  5.000000  5.099020
 1.000000  6.000000  6.082763
 1.000000  6.000000  6.082763
 1.000000  6.000000  6.082763
 1.000000  6.000000  6.082763
 1.000000  6.000000  6.082763
 1.000000  6.000000  6.082763
 1.000000  6.000000  6.082763
 1.000000  7.000000  7.071068
 1.000000  7.000000  7.071068
 1.000000 14.142136 14.212670
 1.000000  8.000000  8.062258
 1.000000  8.000000  8.062258
 1.000000  9.000000  9.055385
 1.000000  9.000000  9.055385
 1.000000  9.000000  9.055385
 1.000000  9.433981  9.486833
 1.000000  9.848858  9.899495
 0.000000 -19.026298       inf
 0.000000 -18.439089 -5.000000
 0.000000 -12.206556  1.000000
 0.000000 -13.601471 -1.000000
 0.000000 -13.892444 -2.828427
 0.000000 -11.704700 -1.000000
 0.000000 -12.041595 -1.414214
 0.000000 -15.132746 -5.656854
 0.000000 -7.071068  2.000000
 0.000000 -12.000000 -3.162278
 0.000000 -7.810250  1.000000
 0.000000 -10.440307 -3.162278
 0.000000 -9.219544 -2.236068
 0.000000 -9.219544 -2.236068
 0.000000 -9.848858 -3.162278
 0.000000 -10.049876 -3.605551
 0.000000 -5.385165  1.000000
 0.000000 -11.000000 -5.000000
 0.000000 -9.000000 -3.000000
 0.000000 -7.615773 -2.000000
 0.000000 -11.401754 -6.000000
 0.000000 -11.661904 -6.403124
 0.000000 -7.280110 -2.236068
 0.000000 -10.000000 -5.000000
 0.000000 -10.440307 -6.324555
 0.000000 -8.944272 -5.000000
 0.000000 -10.295630 -6.403124
 0.000000 -12.806248 -8.944272
 0.000000 -6.403124 -3.000000
 0.000000 -10.440307 -7.071068
 0.000000 -10.049876 -7.000000
 0.000000 -10.000000 -7.000000
 0.000000 -10.198039 -7.211103
 0.000000 -12.806248 -10.000000
 0.000000 -9.219544 -7.000000
 0.000000 -8.944272 -7.071068
 0.000000 -5.830952 -4.000000
 0.000000 -10.000000 -8.246211
 0.000000 -8.062258 -6.403124
 0.000000 -10.198039 -8.602325
 0.000000 -10.198039 -8.602325
 0.000000 -6.000000 -4.472136
 0.000000 -10.000000 -8.544004
 0.000000 -12.041595 -10.770330
 0.000000 -6.324555 -5.099020
 0.000000 -10.630146 -9.433981
 0.000000 -8.246211 -7.071068
 0.000000 -8.062258 -7.071068
 0.000000 -8.062258 -7.071068
 0.000000 -8.062258 -7.071068
 0.000000 -8.000000 -7.071068
 0.000000 -7.000000 -6.082763
 0.000000 -9.433981 -8.544004
 0.000000 -8.062258 -7.211103
 0.000000 -12.083046 -11.313708
 0.000000 -8.000000 -7.280110
 0.000000 -8.944272 -8.246211
 0.000000 -7.000000 -6.324555
 0.000000 -11.661904 -11.000000
 0.000000 -10.630146 -10.000000
 0.000000 -7.615773 -7.071068
 0.000000 -8.544004 -8.000000
 0.000000 -8.602325 -8.062258
 0.000000 -5.830952 -5.385165
 0.000000 -7.615773 -7.211103
 0.000000 -4.000000 -3.605551
 0.000000 -9.848858 -9.486833
 0.000000 -9.848858 -9.486833
 0.000000 -9.848858 -9.486833
 0.000000 -9.848858 -9.486833
 0.000000 -10.198039 -9.848858
 0.000000 -6.000000 -5.656854
 0.000000 -8.944272 -8.602325
 0.000000 -8.944272 -8.602325
 0.000000 -8.944272 -8.602325
 0.000000 -7.615773 -7.280110
 0.000000 -7.615773 -7.280110
 0.000000 -7.615773 -7.280110
 0.000000 -7.615773 -7.280110
 0.000000 -7.615773 -7.280110
 0.000000 -7.615773 -7.280110
 0.000000 -6.708204 -6.403124
 0.000000 -8.544004 -8.246211
 0.000000 -8.544004 -8.246211
 0.000000 -7.000000 -6.708204
 0.000000 -5.385165 -5.099020
 0.000000 -5.385165 -5.099020
 0.000000 -7.280110 -7.000000
 0.000000 -9.486833 -9.219544
 0.000000 -8.246211 -8.000000
 0.000000 -8.246211 -8.000000
 0.000000 -10.440307 -10.198039
 0.000000 -6.324555 -6.082763
 0.000000 -11.401754 -11.180340
 0.000000 -9.433981 -9.219544
 0.000000 -9.433981 -9.219544
 0.000000 -7.280110 -7.071068
 0.000000 -7.280110 -7.071068
 0.000000 -10.198039 -10.000000
 0.000000 -8.246211 -8.062258
 0.000000 -10.000000 -9.848858
 0.000000 -10.198039 -10.049876
 0.000000 -10.770330 -10.630146
 0.000000 -7.211103 -7.071068
 0.000000 -7.211103 -7.071068
 0.000000 -7.211103 -7.071068
 0.000000 -7.211103 -7.071068
 0.000000 -10.000000 -9.899495
 0.000000 -5.099020 -5.000000
 0.000000 -5.099020 -5.000000
 0.000000 -10.295630 -10.198039
 0.000000 -6.082763 -6.000000
 0.000000 -7.071068 -7.000000
 0.000000 -7.071068 -7.000000
 0.000000 -7.071068 -7.000000
 0.000000 -7.071068 -7.000000
 0.000000 -7.071068 -7.000000
 0.000000 -7.071068 -7.000000
 0.000000 -7.071068 -7.000000
 0.000000 -7.280110 -7.211103
 0.000000 -8.602325 -8.544004
 0.000000 -8.602325 -8.544004
 0.000000 -9.486833 -9.433981
 0.000000 -14.035669 -14.000000
