 1.000000  3.605551 15.524175
 1.000000 -6.000000  4.242641
 1.000000 -4.472136  5.656854
 1.000000  3.000000 12.369317
 1.000000  2.828427 12.165525
 1.000000 -1.414214  7.810250
 1.000000  3.162278 11.313708
 1.000000 -2.828427  3.605551
 1.000000 -4.242641  2.000000
 1.000000  2.000000  7.615773
 1.000000  2.236068  7.211103
 1.000000 -2.828427  2.000000
 1.000000 -2.000000  2.236068
 1.000000  6.000000 10.000000
 1.000000 -2.828427  1.000000
 1.000000 -2.828427  1.000000
 1.000000  5.830952  9.219544
 1.000000  4.000000  7.280110
 1.000000  1.000000  4.242641
 1.000000 -2.000000  1.000000
 1.000000  1.000000  4.000000
 1.000000  8.000000 10.630146
 1.000000  6.082763  8.602325
 1.000000  4.242641  6.708204
 1.000000  4.000000  6.403124
 1.000000  3.605551  6.000000
 1.000000  5.000000  7.071068
 1.000000  5.000000  7.000000
 1.000000  5.000000  7.000000
 1.000000  2.000000  4.000000
 1.000000  3.000000  5.000000
 1.000000  3.162278  5.099020
 1.000000  5.099020  7.000000
 1.000000  7.211103  9.000000
 1.000000  5.000000  6.708204
 1.000000  2.236068  3.605551
 1.000000  2.236068  3.605551
 1.000000  3.162278  4.472136
 1.000000  7.071068  8.246211
 1.000000  4.242641  5.385165
 1.000000  5.000000  6.000000
 1.000000  5.000000  6.000000
 1.000000  2.000000  3.000000
 1.000000  3.162278  4.123106
 1.000000  8.000000  8.944272
 1.000000  5.385165  6.324555
 1.000000  4.123106  5.000000
 1.000000  4.123106  5.000000
 1.000000  3.162278  4.000000
 1.000000  5.000000  5.830952
 1.000000  5.000000  5.830952
 1.000000  5.000000  5.830952
 1.000000  1.414214  2.236068
 1.000000  7.810250  8.602325
 1.000000  2.828427  3.605551
 1.000000  4.242641  5.000000
 1.000000  8.246211  9.000000
 1.000000  5.385165  6.082763
 1.000000  7.810250  8.485281
 1.000000  6.403124  7.071068
 1.000000  6.403124  7.071068
 1.000000  5.000000  5.656854
 1.000000  5.000000  5.656854
 1.000000  5.000000  5.656854
 1.000000  5.000000  5.656854
 1.000000  5.000000  5.656854
 1.000000  3.605551  4.242641
 1.000000  3.605551  4.242641
 1.000000  3.605551  4.242641
 1.000000  3.605551  4.242641
 1.000000  3.000000  3.605551
 1.000000  3.000000  3.605551
 1.000000  7.211103  7.810250
 1.000000  7.211103  7.810250
 1.000000  7.211103  7.810250
 1.000000  2.236068  2.828427
 1.000000  2.236068  2.828427
 1.000000  2.236068  2.828427
 1.000000  2.236068  2.828427
 1.000000  2.236068  2.828427
 1.000000  2.236068  2.828427
 1.000000  2.236068  2.828427
 1.000000  1.414214  2.000000
 1.000000  1.414214  2.000000
 1.000000  5.830952  6.403124
 1.000000  5.830952  6.403124
 1.000000  7.071068  7.615773
 1.000000  8.062258  8.602325
 1.000000  4.472136  5.000000
 1.000000  4.472136  5.000000
 1.000000  4.472136  5.000000
 1.000000  4.472136  5.000000
 1.000000  4.472136  5.000000
 1.000000 10.295630 10.816654
 1.000000 11.180340 11.661904
 1.000000 14.764823 15.231546
 1.000000  9.433981  9.899495
 1.000000  5.385165  5.830952
 1.000000  5.385165  5.830952
 1.000000  5.385165  5.830952
 1.000000  5.385165  5.830952
 1.000000  3.162278  3.605551
 1.000000  3.162278  3.605551
 1.000000  3.162278  3.605551
 1.000000  3.162278  3.605551
 1.000000  3.162278  3.605551
 1.000000  8.062258  8.485281
 1.000000  8.062258  8.485281
 1.000000  1.000000  1.414214
 1.000000  1.000000  1.414214
 1.000000  1.000000  1.414214
 1.000000  1.000000  1.414214
 1.000000  7.211103  7.615773
 1.000000  7.211103  7.615773
 1.000000  8.544004  8.944272
 1.000000  3.605551  4.000000
 1.000000  3.605551  4.000000
 1.000000  3.605551  4.000000
 1.000000  5.000000  5.385165
 1.000000  5.000000  5.385165
 1.000000  5.000000  5.385165
 1.000000  5.000000  5.385165
 1.000000  5.000000  5.385165
 1.000000  5.000000  5.385165
 1.000000  5.000000  5.385165
 1.000000  6.324555  6.708204
 1.000000  6.708204  7.071068
 1.000000  6.708204  7.071068
 1.000000  9.486833  9.848858
 1.000000  4.123106  4.472136
 1.000000  4.123106  4.472136
 1.000000  4.123106  4.472136
 1.000000  4.123106  4.472136
 1.000000  4.123106  4.472136
 1.000000  2.828427  3.162278
 1.000000  6.000000  6.324555
 1.000000  6.000000  6.324555
 1.000000  6.000000  6.324555
 1.000000  6.403124  6.708204
 1.000000  6.403124  6.708204
 1.000000 11.401754 11.704700
 1.000000  8.246211  8.544004
 1.000000  8.246211  8.544004
 1.000000  6.708204  7.000000
 1.000000  5.099020  5.385165
 1.000000  5.099020  5.385165
 1.000000  5.099020  5.385165
 1.000000  5.099020  5.385165
 1.000000  5.099020  5.385165
 1.000000  5.099020  5.385165
 1.000000  5.099020  5.385165
 1.000000  5.385165  5.656854
 1.000000  5.385165  5.656854
 1.000000  5.385165  5.656854
 1.000000  5.830952  6.082763
 1.000000  8.000000  8.246211
 1.000000  6.082763  6.324555
 1.000000  6.082763  6.324555
 1.000000  6.082763  6.324555
 1.000000  6.082763  6.324555
 1.000000  6.082763  6.324555
 1.000000  6.082763  6.324555
 1.000000  6.082763  6.324555
 1.000000  6.082763  6.324555
 1.000000  2.000000  2.236068
 1.000000  2.000000  2.236068
 1.000000  2.000000  2.236068
 1.000000  2.000000  2.236068
 1.000000  2.000000  2.236068
 1.000000  2.000000  2.236068
 1.000000  2.000000  2.236068
 1.000000  2.000000  2.236068
 1.000000  2.000000  2.236068
 1.000000  2.000000  2.236068
 1.000000  4.242641  4.472136
 1.000000  7.071068  7.280110
 1.000000  7.615773  7.810250
 1.000000  7.615773  7.810250
 1.000000  7.615773  7.810250
 1.000000  7.615773  7.810250
 1.000000 10.630146 10.816654
 1.000000  8.062258  8.246211
 1.000000  5.656854  5.830952
 1.000000  5.656854  5.830952
 1.000000  5.656854  5.830952
 1.000000  5.656854  5.830952
 1.000000  2.828427  3.000000
 1.000000  2.828427  3.000000
 1.000000  5.830952  6.000000
 1.000000 15.132746 15.297059
 1.000000  3.000000  3.162278
 1.000000  3.000000  3.162278
 1.000000  3.000000  3.162278
 1.000000  3.000000  3.162278
 1.000000  3.000000  3.162278
 1.000000  3.000000  3.162278
 1.000000  3.000000  3.162278
 1.000000  3.000000  3.162278
 1.000000  3.000000  3.162278
 1.000000 12.041595 12.165525
 1.000000  4.000000  4.123106
 1.000000  4.000000  4.123106
 1.000000  4.000000  4.123106
 1.000000  4.000000  4.123106
 1.000000  4.000000  4.123106
 1.000000  4.000000  4.123106
 1.000000  4.000000  4.123106
 1.000000  4.000000  4.123106
 1.000000  4.123106  4.242641
 1.000000  4.123106  4.242641
 1.000000  4.123106  4.242641
 1.000000  4.123106  4.242641
 1.000000  5.000000  5.099020
 1.000000  5.000000  5.099020
 1.000000  5.000000  5.099020
 1.000000  5.000000  5.099020
 1.000000  5.000000  5.099020
 1.000000 10.198039 10.295630
 1.000000  6.000000  6.082763
 1.000000  6.000000  6.082763
 1.000000  6.000000  6.082763
 1.000000  6.000000  6.082763
 1.000000  6.000000  6.082763
 1.000000  6.000000  6.082763
 1.000000  6.324555  6.403124
 1.000000  6.324555  6.403124
 1.000000  7.000000  7.071068
 1.000000  7.000000  7.071068
 1.000000  7.000000  7.071068
 1.000000  7.000000  7.071068
 1.000000  8.000000  8.062258
 1.000000  8.544004  8.602325
 1.000000  9.000000  9.055385
 0.000000 -27.730849       inf
 0.000000 -12.000000  2.000000
 0.000000 -10.000000  3.000000
 0.000000 -9.899495  2.236068
 0.000000 -14.142136 -2.236068
 0.000000 -7.000000  3.605551
 0.000000 -5.000000  5.000000
 0.000000 -11.661904 -2.236068
 0.000000 -5.000000  4.123106
 0.000000 -8.062258  1.000000
 0.000000 -10.000000 -1.000000
 0.000000 -7.615773  1.000000
 0.000000 -13.601471 -5.000000
 0.000000 -6.000000  2.000000
 0.000000 -12.000000 -4.000000
 0.000000 -13.601471 -6.000000
 0.000000 -5.385165  1.414214
 0.000000 -14.764823 -8.000000
 0.000000 -9.433981 -2.828427
 0.000000 -5.000000  1.414214
 0.000000 -11.313708 -5.000000
 0.000000 -11.180340 -5.000000
 0.000000 -8.246211 -2.236068
 0.000000 -8.062258 -2.828427
 0.000000 -12.000000 -7.071068
 0.000000 -8.246211 -4.123106
 0.000000 -8.485281 -4.472136
 0.000000 -5.385165 -1.414214
 0.000000 -6.324555 -2.828427
 0.000000 -9.055385 -5.656854
 0.000000 -7.211103 -4.123106
 0.000000 -9.055385 -6.000000
 0.000000 -10.295630 -7.280110
 0.000000 -10.000000 -7.071068
 0.000000 -9.219544 -6.324555
 0.000000 -5.000000 -2.236068
 0.000000 -5.000000 -2.236068
 0.000000 -5.830952 -3.162278
 0.000000 -8.544004 -6.000000
 0.000000 -9.219544 -6.708204
 0.000000 -9.486833 -7.000000
 0.000000 -9.433981 -7.071068
 0.000000 -6.708204 -4.472136
 0.000000 -7.615773 -5.385165
 0.000000 -3.605551 -1.414214
 0.000000 -1.000000  1.000000
 0.000000 -8.000000 -6.000000
 0.000000 -9.486833 -7.615773
 0.000000 -6.082763 -4.242641
 0.000000 -6.708204 -5.000000
 0.000000 -9.486833 -7.810250
 0.000000 -7.810250 -6.324555
 0.000000 -7.071068 -5.656854
 0.000000 -8.000000 -6.708204
 0.000000 -7.280110 -6.082763
 0.000000 -9.000000 -7.810250
 0.000000 -6.000000 -5.000000
 0.000000 -5.000000 -4.000000
 0.000000 -5.099020 -4.123106
 0.000000 -9.219544 -8.246211
 0.000000 -7.615773 -6.708204
 0.000000 -6.000000 -5.099020
 0.000000 -7.280110 -6.403124
 0.000000 -7.211103 -6.403124
 0.000000 -7.211103 -6.403124
 0.000000 -7.810250 -7.071068
 0.000000 -8.544004 -7.810250
 0.000000 -6.708204 -6.000000
 0.000000 -10.630146 -10.000000
 0.000000 -9.848858 -9.219544
 0.000000 -9.848858 -9.219544
 0.000000 -3.605551 -3.000000
 0.000000 -10.440307 -9.848858
 0.000000 -7.280110 -6.708204
 0.000000 -10.000000 -9.433981
 0.000000 -14.764823 -14.212670
 0.000000 -9.433981 -8.944272
 0.000000 -8.544004 -8.062258
 0.000000 -8.062258 -7.615773
 0.000000 -8.485281 -8.062258
 0.000000 -5.385165 -5.000000
 0.000000 -5.385165 -5.000000
 0.000000 -6.708204 -6.324555
 0.000000 -7.615773 -7.280110
 0.000000 -6.708204 -6.403124
 0.000000 -6.708204 -6.403124
 0.000000 -6.708204 -6.403124
 0.000000 -11.704700 -11.401754
 0.000000 -5.385165 -5.099020
 0.000000 -5.385165 -5.099020
 0.000000 -5.385165 -5.099020
 0.000000 -9.486833 -9.219544
 0.000000 -9.486833 -9.219544
 0.000000 -8.062258 -7.810250
 0.000000 -8.062258 -7.810250
 0.000000 -14.560220 -14.317821
 0.000000 -6.324555 -6.082763
 0.000000 -4.472136 -4.242641
 0.000000 -9.433981 -9.219544
 0.000000 -7.211103 -7.000000
 0.000000 -7.280110 -7.071068
 0.000000 -7.280110 -7.071068
 0.000000 -10.198039 -10.000000
 0.000000 -7.810250 -7.615773
 0.000000 -8.000000 -7.810250
 0.000000 -5.830952 -5.656854
 0.000000 -5.830952 -5.656854
 0.000000 -13.152946 -13.000000
 0.000000 -10.198039 -10.049876
 0.000000 -7.211103 -7.071068
 0.000000 -7.211103 -7.071068
 0.000000 -14.560220 -14.422205
 0.000000 -4.123106 -4.000000
 0.000000 -5.099020 -5.000000
 0.000000 -5.099020 -5.000000
 0.000000 -6.082763 -6.000000
 0.000000 -6.082763 -6.000000
 0.000000 -6.082763 -6.000000
 0.000000 -7.071068 -7.000000
 0.000000 -7.071068 -7.000000
 0.000000 -7.071068 -7.000000
 0.000000 -7.071068 -7.000000
 0.000000 -7.280110 -7.211103
 0.000000 -8.062258 -8.000000
 0.000000 -8.062258 -8.000000
 0.000000 -8.062258 -8.000000
 0.000000 -8.544004 -8.485281
 0.000000 -9.486833 -9.433981
 0.000000 -12.041595 -12.000000
 0.000000 -14.035669 -14.000000
 0.000000 -14.035669 -14.000000
