 1.000000 -4.000000  9.055385
 1.000000  3.000000 15.132746
 1.000000 -5.000000  6.324555
 1.000000  3.000000 14.035669
 1.000000  4.000000 13.038405
 1.000000  2.828427 10.295630
 1.000000  4.242641  9.899495
 1.000000 -4.000000  1.414214
 1.000000 -1.000000  4.242641
 1.000000 -3.000000  2.236068
 1.000000 -2.236068  3.000000
 1.000000  6.403124 11.313708
 1.000000 -1.000000  3.605551
 1.000000  4.000000  8.544004
 1.000000  3.000000  7.211103
 1.000000  6.000000 10.049876
 1.000000  2.828427  6.403124
 1.000000  2.000000  5.385165
 1.000000 12.649111 15.811388
 1.000000  7.810250 10.630146
 1.000000  2.236068  5.000000
 1.000000  2.000000  4.123106
 1.000000  3.000000  5.000000
 1.000000 10.198039 12.165525
 1.000000  2.236068  4.123106
 1.000000  3.605551  5.385165
 1.000000  8.544004 10.295630
 1.000000  4.000000  5.656854
 1.000000  7.615773  9.000000
 1.000000  8.944272 10.295630
 1.000000  2.828427  4.123106
 1.000000  6.708204  8.000000
 1.000000  3.000000  4.242641
 1.000000  7.000000  8.062258
 1.000000  2.000000  3.000000
 1.000000  5.000000  6.000000
 1.000000  4.000000  5.000000
 1.000000  1.000000  2.000000
 1.000000  6.324555  7.211103
 1.000000  2.828427  3.605551
 1.000000  2.828427  3.605551
 1.000000  2.828427  3.605551
 1.000000  4.242641  5.000000
 1.000000  4.242641  5.000000
 1.000000  7.071068  7.810250
 1.000000  7.071068  7.810250
 1.000000  7.071068  7.810250
 1.000000  9.219544  9.848858
 1.000000  8.602325  9.219544
 1.000000  7.211103  7.810250
 1.000000  7.211103  7.810250
 1.000000  2.236068  2.828427
 1.000000  2.236068  2.828427
 1.000000  2.236068  2.828427
 1.000000  2.236068  2.828427
 1.000000  2.236068  2.828427
 1.000000  2.236068  2.828427
 1.000000  2.236068  2.828427
 1.000000  1.414214  2.000000
 1.000000  1.414214  2.000000
 1.000000  9.433981 10.000000
 1.000000  8.944272  9.486833
 1.000000  4.472136  5.000000
 1.000000  4.472136  5.000000
 1.000000  4.472136  5.000000
 1.000000  4.472136  5.000000
 1.000000  3.605551  4.123106
 1.000000  3.605551  4.123106
 1.000000  8.544004  9.055385
 1.000000  6.708204  7.211103
 1.000000  8.944272  9.433981
 1.000000  8.062258  8.544004
 1.000000  9.848858 10.295630
 1.000000  7.615773  8.062258
 1.000000  3.162278  3.605551
 1.000000  3.162278  3.605551
 1.000000  3.162278  3.605551
 1.000000  3.162278  3.605551
 1.000000  3.162278  3.605551
 1.000000  9.433981  9.848858
 1.000000  1.000000  1.414214
 1.000000  1.000000  1.414214
 1.000000  7.211103  7.615773
 1.000000  8.544004  8.944272
 1.000000  8.544004  8.944272
 1.000000  8.544004  8.944272
 1.000000  3.605551  4.000000
 1.000000  5.000000  5.385165
 1.000000  5.000000  5.385165
 1.000000  5.000000  5.385165
 1.000000  6.324555  6.708204
 1.000000  6.324555  6.708204
 1.000000 11.661904 12.041595
 1.000000  6.708204  7.071068
 1.000000  9.848858 10.198039
 1.000000  4.123106  4.472136
 1.000000  5.656854  6.000000
 1.000000  7.280110  7.615773
 1.000000 10.295630 10.630146
 1.000000  2.828427  3.162278
 1.000000  2.828427  3.162278
 1.000000  2.828427  3.162278
 1.000000  6.000000  6.324555
 1.000000  6.000000  6.324555
 1.000000  6.082763  6.403124
 1.000000  6.403124  6.708204
 1.000000  8.246211  8.544004
 1.000000  5.099020  5.385165
 1.000000  5.099020  5.385165
 1.000000  8.944272  9.219544
 1.000000  5.385165  5.656854
 1.000000  5.385165  5.656854
 1.000000  9.219544  9.486833
 1.000000  9.219544  9.486833
 1.000000  7.810250  8.062258
 1.000000  7.810250  8.062258
 1.000000  7.810250  8.062258
 1.000000  7.810250  8.062258
 1.000000  7.810250  8.062258
 1.000000 10.198039 10.440307
 1.000000 10.198039 10.440307
 1.000000  8.246211  8.485281
 1.000000  2.000000  2.236068
 1.000000  2.000000  2.236068
 1.000000  2.000000  2.236068
 1.000000  2.000000  2.236068
 1.000000  2.000000  2.236068
 1.000000  2.000000  2.236068
 1.000000  2.000000  2.236068
 1.000000  4.242641  4.472136
 1.000000  4.242641  4.472136
 1.000000  4.242641  4.472136
 1.000000 11.180340 11.401754
 1.000000  9.000000  9.219544
 1.000000  9.219544  9.433981
 1.000000  9.219544  9.433981
 1.000000  7.071068  7.280110
 1.000000  9.848858 10.049876
 1.000000  7.615773  7.810250
 1.000000  7.615773  7.810250
 1.000000  7.615773  7.810250
 1.000000 10.440307 10.630146
 1.000000 13.152946 13.341664
 1.000000 10.630146 10.816654
 1.000000  8.062258  8.246211
 1.000000  8.062258  8.246211
 1.000000 10.816654 11.000000
 1.000000  2.828427  3.000000
 1.000000  2.828427  3.000000
 1.000000  5.830952  6.000000
 1.000000  3.000000  3.162278
 1.000000  3.000000  3.162278
 1.000000  3.000000  3.162278
 1.000000  3.000000  3.162278
 1.000000  3.000000  3.162278
 1.000000  3.000000  3.162278
 1.000000 13.000000 13.152946
 1.000000  9.848858 10.000000
 1.000000  9.899495 10.049876
 1.000000 10.295630 10.440307
 1.000000  7.071068  7.211103
 1.000000 11.045361 11.180340
 1.000000 11.045361 11.180340
 1.000000 12.083046 12.206556
 1.000000  4.000000  4.123106
 1.000000  4.000000  4.123106
 1.000000  4.000000  4.123106
 1.000000  4.000000  4.123106
 1.000000  4.000000  4.123106
 1.000000  4.000000  4.123106
 1.000000  4.123106  4.242641
 1.000000 13.038405 13.152946
 1.000000  5.000000  5.099020
 1.000000  5.000000  5.099020
 1.000000  5.000000  5.099020
 1.000000  5.000000  5.099020
 1.000000 11.313708 11.401754
 1.000000  6.000000  6.082763
 1.000000  6.000000  6.082763
 1.000000  6.000000  6.082763
 1.000000  7.000000  7.071068
 1.000000  7.000000  7.071068
 1.000000  9.848858  9.899495
 1.000000 12.000000 12.041595
 1.000000 12.041595 12.083046
 1.000000 15.264338 15.297059
 0.000000 -18.681542       inf
 0.000000 -17.888544 -6.324555
 0.000000 -10.440307  1.000000
 0.000000 -9.848858  1.414214
 0.000000 -13.000000 -3.000000
 0.000000 -13.892444 -5.099020
 0.000000 -12.727922 -5.000000
 0.000000 -12.727922 -5.385165
 0.000000 -5.830952  1.414214
 0.000000 -7.810250 -1.000000
 0.000000 -8.944272 -2.236068
 0.000000 -11.661904 -5.385165
 0.000000 -9.000000 -3.000000
 0.000000 -4.000000  2.000000
 0.000000 -10.000000 -4.000000
 0.000000 -13.038405 -7.280110
 0.000000 -10.440307 -5.000000
 0.000000 -11.045361 -5.830952
 0.000000 -8.944272 -4.000000
 0.000000 -11.000000 -6.082763
 0.000000 -9.000000 -4.472136
 0.000000 -6.708204 -2.236068
 0.000000 -8.062258 -3.605551
 0.000000 -11.401754 -7.211103
 0.000000 -12.083046 -8.246211
 0.000000 -1.414214  2.236068
 0.000000 -10.000000 -6.403124
 0.000000 -10.295630 -6.708204
 0.000000 -10.630146 -7.071068
 0.000000 -12.000000 -8.544004
 0.000000 -12.649111 -9.433981
 0.000000 -5.000000 -2.000000
 0.000000 -5.830952 -3.162278
 0.000000 -10.440307 -7.810250
 0.000000 -7.615773 -5.000000
 0.000000 -6.324555 -4.000000
 0.000000 -10.295630 -8.062258
 0.000000 -8.062258 -5.830952
 0.000000 -1.000000  1.000000
 0.000000 -9.000000 -7.211103
 0.000000 -9.000000 -7.211103
 0.000000 -6.000000 -4.472136
 0.000000 -8.544004 -7.071068
 0.000000 -10.000000 -8.544004
 0.000000 -6.403124 -5.000000
 0.000000 -8.000000 -6.708204
 0.000000 -9.055385 -8.000000
 0.000000 -7.000000 -6.082763
 0.000000 -7.000000 -6.082763
 0.000000 -7.615773 -6.708204
 0.000000 -13.892444 -13.000000
 0.000000 -5.830952 -5.000000
 0.000000 -7.211103 -6.403124
 0.000000 -10.198039 -9.433981
 0.000000 -12.041595 -11.313708
 0.000000 -11.704700 -11.000000
 0.000000 -8.944272 -8.246211
 0.000000 -7.615773 -7.000000
 0.000000 -7.810250 -7.211103
 0.000000 -10.440307 -9.899495
 0.000000 -6.324555 -5.830952
 0.000000 -6.324555 -5.830952
 0.000000 -9.433981 -8.944272
 0.000000 -9.433981 -8.944272
 0.000000 -8.944272 -8.485281
 0.000000 -8.485281 -8.062258
 0.000000 -7.615773 -7.211103
 0.000000 -10.295630 -9.899495
 0.000000 -11.180340 -10.816654
 0.000000 -9.848858 -9.486833
 0.000000 -9.848858 -9.486833
 0.000000 -13.000000 -12.649111
 0.000000 -8.944272 -8.602325
 0.000000 -7.615773 -7.280110
 0.000000 -7.615773 -7.280110
 0.000000 -7.615773 -7.280110
 0.000000 -8.544004 -8.246211
 0.000000 -8.544004 -8.246211
 0.000000 -8.544004 -8.246211
 0.000000 -13.892444 -13.601471
 0.000000 -5.385165 -5.099020
 0.000000 -5.385165 -5.099020
 0.000000 -7.280110 -7.000000
 0.000000 -8.062258 -7.810250
 0.000000 -8.246211 -8.000000
 0.000000 -6.324555 -6.082763
 0.000000 -6.324555 -6.082763
 0.000000 -9.433981 -9.219544
 0.000000 -7.211103 -7.000000
 0.000000 -7.280110 -7.071068
 0.000000 -8.000000 -7.810250
 0.000000 -11.180340 -11.000000
 0.000000 -5.830952 -5.656854
 0.000000 -9.219544 -9.055385
 0.000000 -3.162278 -3.000000
 0.000000 -13.152946 -13.000000
 0.000000 -10.198039 -10.049876
 0.000000 -7.211103 -7.071068
 0.000000 -7.211103 -7.071068
 0.000000 -4.123106 -4.000000
 0.000000 -4.123106 -4.000000
 0.000000 -8.602325 -8.485281
 0.000000 -5.099020 -5.000000
 0.000000 -5.099020 -5.000000
 0.000000 -10.295630 -10.198039
 0.000000 -11.401754 -11.313708
 0.000000 -7.071068 -7.000000
 0.000000 -7.071068 -7.000000
 0.000000 -7.280110 -7.211103
 0.000000 -7.280110 -7.211103
 0.000000 -7.280110 -7.211103
 0.000000 -8.544004 -8.485281
 0.000000 -8.544004 -8.485281
 0.000000 -8.544004 -8.485281
 0.000000 -8.602325 -8.544004
 0.000000 -8.602325 -8.544004
 0.000000 -9.055385 -9.000000
 0.000000 -9.899495 -9.848858
 0.000000 -10.049876 -10.000000
 0.000000 -10.049876 -10.000000
 0.000000 -10.049876 -10.000000
 0.000000 -12.041595 -12.000000
