 1.000000  2.828427 13.038405
 1.000000  5.385165 14.035669
 1.000000 -6.403124  2.236068
 1.000000  3.000000 11.180340
 1.000000  2.828427 11.000000
 1.000000 -5.000000  3.162278
 1.000000 -4.242641  3.605551
 1.000000  4.000000 11.000000
 1.000000  3.000000  9.433981
 1.000000 -2.236068  3.605551
 1.000000  2.828427  8.485281
 1.000000 -2.828427  2.828427
 1.000000  2.000000  7.211103
 1.000000 -2.236068  2.828427
 1.000000  6.708204 11.704700
 1.000000  7.071068 11.661904
 1.000000  8.485281 13.000000
 1.000000  2.000000  6.403124
 1.000000  2.828427  7.000000
 1.000000 -2.000000  2.000000
 1.000000 -2.828427  1.000000
 1.000000  4.472136  8.062258
 1.000000  7.615773 10.816654
 1.000000  3.605551  6.708204
 1.000000  4.242641  7.280110
 1.000000  5.000000  7.810250
 1.000000  5.830952  8.602325
 1.000000  3.605551  6.324555
 1.000000  5.830952  8.246211
 1.000000 -1.414214  1.000000
 1.000000  4.000000  6.324555
 1.000000  2.828427  5.000000
 1.000000  1.000000  3.000000
 1.000000  5.000000  6.708204
 1.000000  8.485281  9.848858
 1.000000  5.000000  6.324555
 1.000000  1.000000  2.236068
 1.000000  2.828427  4.000000
 1.000000  5.830952  7.000000
 1.000000  5.385165  6.403124
 1.000000  1.000000  2.000000
 1.000000  7.071068  8.000000
 1.000000 10.295630 11.180340
 1.000000  4.123106  5.000000
 1.000000  3.605551  4.472136
 1.000000  2.000000  2.828427
 1.000000  2.000000  2.828427
 1.000000  2.828427  3.605551
 1.000000  2.828427  3.605551
 1.000000  2.828427  3.605551
 1.000000  2.236068  3.000000
 1.000000  5.656854  6.403124
 1.000000  5.656854  6.403124
 1.000000  7.071068  7.810250
 1.000000  8.485281  9.219544
 1.000000  8.485281  9.219544
 1.000000  8.485281  9.219544
 1.000000 13.341664 14.035669
 1.000000 10.630146 11.313708
 1.000000  5.656854  6.324555
 1.000000  5.000000  5.656854
 1.000000  5.000000  5.656854
 1.000000  5.000000  5.656854
 1.000000  5.000000  5.656854
 1.000000  5.000000  5.656854
 1.000000  5.000000  5.656854
 1.000000  3.605551  4.242641
 1.000000  3.605551  4.242641
 1.000000 10.198039 10.816654
 1.000000  8.602325  9.219544
 1.000000  8.602325  9.219544
 1.000000  7.211103  7.810250
 1.000000  2.236068  2.828427
 1.000000  2.236068  2.828427
 1.000000  2.236068  2.828427
 1.000000  2.236068  2.828427
 1.000000  1.414214  2.000000
 1.000000  5.830952  6.403124
 1.000000  5.830952  6.403124
 1.000000  5.830952  6.403124
 1.000000  4.472136  5.000000
 1.000000  4.472136  5.000000
 1.000000  4.472136  5.000000
 1.000000  4.472136  5.000000
 1.000000  4.472136  5.000000
 1.000000  4.472136  5.000000
 1.000000  4.472136  5.000000
 1.000000  4.472136  5.000000
 1.000000  4.472136  5.000000
 1.000000  4.472136  5.000000
 1.000000  4.472136  5.000000
 1.000000 10.295630 10.816654
 1.000000  3.605551  4.123106
 1.000000  3.605551  4.123106
 1.000000  6.708204  7.211103
 1.000000  6.708204  7.211103
 1.000000 10.816654 11.313708
 1.000000  5.830952  6.324555
 1.000000  5.830952  6.324555
 1.000000  5.830952  6.324555
 1.000000  8.944272  9.433981
 1.000000  8.062258  8.544004
 1.000000 10.295630 10.770330
 1.000000  4.000000  4.472136
 1.000000  5.385165  5.830952
 1.000000  5.385165  5.830952
 1.000000  5.385165  5.830952
 1.000000  3.162278  3.605551
 1.000000  3.162278  3.605551
 1.000000  3.162278  3.605551
 1.000000  3.162278  3.605551
 1.000000  3.162278  3.605551
 1.000000  3.162278  3.605551
 1.000000  3.162278  3.605551
 1.000000  3.162278  3.605551
 1.000000  3.162278  3.605551
 1.000000  1.000000  1.414214
 1.000000  1.000000  1.414214
 1.000000  1.000000  1.414214
 1.000000  7.211103  7.615773
 1.000000  8.544004  8.944272
 1.000000  3.605551  4.000000
 1.000000  5.000000  5.385165
 1.000000  5.000000  5.385165
 1.000000  5.000000  5.385165
 1.000000  5.000000  5.385165
 1.000000  6.324555  6.708204
 1.000000 10.816654 11.180340
 1.000000  9.486833  9.848858
 1.000000  4.123106  4.472136
 1.000000  4.123106  4.472136
 1.000000  8.602325  8.944272
 1.000000  7.280110  7.615773
 1.000000  7.280110  7.615773
 1.000000 10.295630 10.630146
 1.000000  2.828427  3.162278
 1.000000  2.828427  3.162278
 1.000000  2.828427  3.162278
 1.000000  2.828427  3.162278
 1.000000  2.828427  3.162278
 1.000000  2.828427  3.162278
 1.000000  6.000000  6.324555
 1.000000  6.403124  6.708204
 1.000000  6.403124  6.708204
 1.000000  6.403124  6.708204
 1.000000  6.403124  6.708204
 1.000000  5.099020  5.385165
 1.000000  5.099020  5.385165
 1.000000  5.099020  5.385165
 1.000000  5.099020  5.385165
 1.000000  7.000000  7.280110
 1.000000 12.369317 12.649111
 1.000000  8.944272  9.219544
 1.000000  8.944272  9.219544
 1.000000  5.385165  5.656854
 1.000000  5.385165  5.656854
 1.000000  5.385165  5.656854
 1.000000  5.385165  5.656854
 1.000000  5.385165  5.656854
 1.000000  7.810250  8.062258
 1.000000  7.810250  8.062258
 1.000000  5.830952  6.082763
 1.000000  6.082763  6.324555
 1.000000  6.082763  6.324555
 1.000000  6.082763  6.324555
 1.000000  6.082763  6.324555
 1.000000  6.082763  6.324555
 1.000000  6.082763  6.324555
 1.000000  6.082763  6.324555
 1.000000  6.082763  6.324555
 1.000000  6.082763  6.324555
 1.000000  2.000000  2.236068
 1.000000  2.000000  2.236068
 1.000000 10.770330 11.000000
 1.000000  4.242641  4.472136
 1.000000  4.242641  4.472136
 1.000000  4.242641  4.472136
 1.000000 11.180340 11.401754
 1.000000  9.219544  9.433981
 1.000000  9.219544  9.433981
 1.000000  7.000000  7.211103
 1.000000  7.000000  7.211103
 1.000000  7.071068  7.280110
 1.000000 10.000000 10.198039
 1.000000  7.810250  8.000000
 1.000000  8.062258  8.246211
 1.000000  5.656854  5.830952
 1.000000  5.656854  5.830952
 1.000000  5.656854  5.830952
 1.000000  5.656854  5.830952
 1.000000  5.656854  5.830952
 1.000000  2.828427  3.000000
 1.000000  3.000000  3.162278
 1.000000  3.000000  3.162278
 1.000000  3.000000  3.162278
 1.000000  3.000000  3.162278
 1.000000  3.000000  3.162278
 1.000000  3.000000  3.162278
 1.000000  3.000000  3.162278
 1.000000  3.000000  3.162278
 1.000000  3.000000  3.162278
 1.000000  3.000000  3.162278
 1.000000  3.000000  3.162278
 1.000000  3.000000  3.162278
 1.000000 10.049876 10.198039
 1.000000 10.630146 10.770330
 1.000000 10.630146 10.770330
 1.000000 10.630146 10.770330
 1.000000  7.071068  7.211103
 1.000000 11.180340 11.313708
 1.000000  4.000000  4.123106
 1.000000  4.000000  4.123106
 1.000000  4.000000  4.123106
 1.000000  4.000000  4.123106
 1.000000  4.000000  4.123106
 1.000000  4.000000  4.123106
 1.000000  4.000000  4.123106
 1.000000  4.000000  4.123106
 1.000000  4.000000  4.123106
 1.000000  4.000000  4.123106
 1.000000  4.000000  4.123106
 1.000000  4.000000  4.123106
 1.000000  4.000000  4.123106
 1.000000  4.000000  4.123106
 1.000000  4.000000  4.123106
 1.000000  4.000000  4.123106
 1.000000  4.123106  4.242641
 1.000000  4.123106  4.242641
 1.000000  8.485281  8.602325
 1.000000 13.038405 13.152946
 1.000000  5.000000  5.099020
 1.000000  5.000000  5.099020
 1.000000  6.000000  6.082763
 1.000000  6.000000  6.082763
 1.000000  6.000000  6.082763
 1.000000  6.324555  6.403124
 1.000000  6.324555  6.403124
 1.000000  6.324555  6.403124
 1.000000  6.324555  6.403124
 1.000000  6.324555  6.403124
 1.000000  7.000000  7.071068
 1.000000  7.000000  7.071068
 1.000000  7.000000  7.071068
 1.000000  8.000000  8.062258
 1.000000  9.000000  9.055385
 1.000000  9.000000  9.055385
 1.000000  9.433981  9.486833
 1.000000 13.000000 13.038405
 1.000000 13.892444 13.928388
 0.000000 -18.357560       inf
 0.000000 -16.000000  1.000000
 0.000000 -13.038405  2.828427
 0.000000 -11.180340  4.000000
 0.000000 -11.401754  2.000000
 0.000000 -14.142136 -1.000000
 0.000000 -6.708204  6.082763
 0.000000 -10.000000  2.236068
 0.000000 -14.142136 -2.236068
 0.000000 -8.944272  2.000000
 0.000000 -5.385165  5.000000
 0.000000 -12.165525 -2.236068
 0.000000 -12.041595 -3.000000
 0.000000 -13.341664 -4.472136
 0.000000 -14.212670 -6.082763
 0.000000 -12.369317 -5.000000
 0.000000 -8.944272 -3.162278
 0.000000 -3.605551  2.000000
 0.000000 -8.246211 -3.000000
 0.000000 -6.000000 -1.000000
 0.000000 -7.211103 -2.236068
 0.000000 -7.211103 -2.236068
 0.000000 -8.000000 -3.162278
 0.000000 -7.071068 -2.236068
 0.000000 -12.083046 -8.000000
 0.000000 -11.045361 -7.000000
 0.000000 -12.041595 -8.000000
 0.000000 -13.152946 -9.219544
 0.000000 -11.000000 -7.211103
 0.000000 -8.944272 -5.385165
 0.000000 -1.000000  2.236068
 0.000000 -11.045361 -8.000000
 0.000000 -10.000000 -7.071068
 0.000000 -8.062258 -5.385165
 0.000000 -5.830952 -3.162278
 0.000000 -9.000000 -6.403124
 0.000000 -6.708204 -4.123106
 0.000000 -13.152946 -10.630146
 0.000000 -6.000000 -3.605551
 0.000000 -6.324555 -4.000000
 0.000000 -7.211103 -5.000000
 0.000000 -7.211103 -5.000000
 0.000000 -12.206556 -10.000000
 0.000000 -5.099020 -3.000000
 0.000000 -6.082763 -4.000000
 0.000000 -5.000000 -3.000000
 0.000000 -8.246211 -6.403124
 0.000000 -8.246211 -6.403124
 0.000000 -11.045361 -9.433981
 0.000000 -9.433981 -8.062258
 0.000000 -6.324555 -5.000000
 0.000000 -12.000000 -10.770330
 0.000000 -9.219544 -8.000000
 0.000000 -12.206556 -11.180340
 0.000000 -11.000000 -10.000000
 0.000000 -5.830952 -5.000000
 0.000000 -8.000000 -7.211103
 0.000000 -8.000000 -7.211103
 0.000000 -9.000000 -8.246211
 0.000000 -7.071068 -6.324555
 0.000000 -6.708204 -6.000000
 0.000000 -16.000000 -15.297059
 0.000000 -12.041595 -11.401754
 0.000000 -4.242641 -3.605551
 0.000000 -7.615773 -7.071068
 0.000000 -7.211103 -6.708204
 0.000000 -12.649111 -12.165525
 0.000000 -5.830952 -5.385165
 0.000000 -10.440307 -10.000000
 0.000000 -12.083046 -11.661904
 0.000000 -11.180340 -10.816654
 0.000000 -7.071068 -6.708204
 0.000000 -7.071068 -6.708204
 0.000000 -9.848858 -9.486833
 0.000000 -7.615773 -7.280110
 0.000000 -10.770330 -10.440307
 0.000000 -7.000000 -6.708204
 0.000000 -5.385165 -5.099020
 0.000000 -5.656854 -5.385165
 0.000000 -11.661904 -11.401754
 0.000000 -11.661904 -11.401754
 0.000000 -11.661904 -11.401754
 0.000000 -11.661904 -11.401754
 0.000000 -9.219544 -9.000000
 0.000000 -9.219544 -9.000000
 0.000000 -10.198039 -10.000000
 0.000000 -13.341664 -13.152946
 0.000000 -8.246211 -8.062258
 0.000000 -8.246211 -8.062258
 0.000000 -6.000000 -5.830952
 0.000000 -3.162278 -3.000000
 0.000000 -3.162278 -3.000000
 0.000000 -10.000000 -9.848858
 0.000000 -10.198039 -10.049876
 0.000000 -10.770330 -10.630146
 0.000000 -8.602325 -8.485281
 0.000000 -10.000000 -9.899495
 0.000000 -5.099020 -5.000000
 0.000000 -5.099020 -5.000000
 0.000000 -11.401754 -11.313708
 0.000000 -6.082763 -6.000000
 0.000000 -6.082763 -6.000000
 0.000000 -12.806248 -12.727922
 0.000000 -7.071068 -7.000000
 0.000000 -7.071068 -7.000000
 0.000000 -8.062258 -8.000000
 0.000000 -8.062258 -8.000000
 0.000000 -8.602325 -8.544004
 0.000000 -9.055385 -9.000000
 0.000000 -9.899495 -9.848858
 0.000000 -10.049876 -10.000000
 0.000000 -11.704700 -11.661904
 0.000000 -12.083046 -12.041595
