 1.000000  2.236068 16.031220
 1.000000 -4.123106  6.403124
 1.000000  2.236068 12.083046
 1.000000 -1.414214  6.324555
 1.000000  4.472136 12.083046
 1.000000 -3.605551  3.605551
 1.000000 -2.236068  4.472136
 1.000000 -3.000000  3.605551
 1.000000  2.236068  8.544004
 1.000000  2.000000  8.062258
 1.000000  7.211103 13.038405
 1.000000  2.828427  8.062258
 1.000000 -3.162278  2.000000
 1.000000 -4.000000  1.000000
 1.000000  3.162278  8.062258
 1.000000  2.236068  7.071068
 1.000000  1.000000  5.656854
 1.000000 -2.236068  2.000000
 1.000000  8.000000 12.000000
 1.000000 -2.236068  1.414214
 1.000000  1.414214  5.000000
 1.000000  5.000000  8.485281
 1.000000  4.472136  7.810250
 1.000000  4.242641  7.280110
 1.000000  3.162278  6.000000
 1.000000  4.242641  7.071068
 1.000000  2.236068  5.000000
 1.000000 -1.414214  1.000000
 1.000000 -1.000000  1.414214
 1.000000 11.661904 14.035669
 1.000000  3.162278  5.385165
 1.000000  7.000000  9.219544
 1.000000  5.000000  7.000000
 1.000000  5.000000  6.708204
 1.000000  4.000000  5.656854
 1.000000  6.000000  7.615773
 1.000000  4.472136  6.082763
 1.000000  8.485281 10.049876
 1.000000  3.000000  4.472136
 1.000000  3.000000  4.472136
 1.000000  2.236068  3.605551
 1.000000  1.000000  2.236068
 1.000000  4.472136  5.656854
 1.000000  5.000000  6.082763
 1.000000  4.000000  5.000000
 1.000000  4.000000  5.000000
 1.000000  3.000000  4.000000
 1.000000  4.000000  5.000000
 1.000000  4.472136  5.385165
 1.000000  2.000000  2.828427
 1.000000 11.704700 12.529964
 1.000000  1.414214  2.236068
 1.000000  1.414214  2.236068
 1.000000  7.280110  8.062258
 1.000000  4.242641  5.000000
 1.000000  4.242641  5.000000
 1.000000  4.242641  5.000000
 1.000000  4.242641  5.000000
 1.000000  5.656854  6.403124
 1.000000  7.810250  8.544004
 1.000000  6.000000  6.708204
 1.000000  5.385165  6.082763
 1.000000  6.324555  7.000000
 1.000000  7.810250  8.485281
 1.000000  7.810250  8.485281
 1.000000  7.810250  8.485281
 1.000000  3.605551  4.242641
 1.000000  3.605551  4.242641
 1.000000  3.605551  4.242641
 1.000000  3.000000  3.605551
 1.000000  3.000000  3.605551
 1.000000  7.211103  7.810250
 1.000000  2.236068  2.828427
 1.000000  2.236068  2.828427
 1.000000  1.414214  2.000000
 1.000000  1.414214  2.000000
 1.000000  1.414214  2.000000
 1.000000  5.830952  6.403124
 1.000000  5.830952  6.403124
 1.000000 11.661904 12.206556
 1.000000  4.472136  5.000000
 1.000000  4.472136  5.000000
 1.000000  4.472136  5.000000
 1.000000  4.472136  5.000000
 1.000000  4.472136  5.000000
 1.000000  4.472136  5.000000
 1.000000  3.605551  4.123106
 1.000000  3.605551  4.123106
 1.000000  5.830952  6.324555
 1.000000  8.944272  9.433981
 1.000000 12.083046 12.529964
 1.000000  7.615773  8.062258
 1.000000  5.385165  5.830952
 1.000000  5.385165  5.830952
 1.000000  5.385165  5.830952
 1.000000  3.162278  3.605551
 1.000000  3.162278  3.605551
 1.000000  3.162278  3.605551
 1.000000  3.162278  3.605551
 1.000000  3.162278  3.605551
 1.000000  3.162278  3.605551
 1.000000  3.162278  3.605551
 1.000000  3.162278  3.605551
 1.000000  3.162278  3.605551
 1.000000  7.810250  8.246211
 1.000000  9.055385  9.486833
 1.000000  8.062258  8.485281
 1.000000  8.062258  8.485281
 1.000000 13.038405 13.453624
 1.000000  1.000000  1.414214
 1.000000  1.000000  1.414214
 1.000000  1.000000  1.414214
 1.000000  1.000000  1.414214
 1.000000  1.000000  1.414214
 1.000000  1.000000  1.414214
 1.000000  1.000000  1.414214
 1.000000  1.000000  1.414214
 1.000000  1.000000  1.414214
 1.000000  1.000000  1.414214
 1.000000  1.000000  1.414214
 1.000000  1.000000  1.414214
 1.000000  1.000000  1.414214
 1.000000  7.211103  7.615773
 1.000000  9.899495 10.295630
 1.000000  3.605551  4.000000
 1.000000  3.605551  4.000000
 1.000000  5.000000  5.385165
 1.000000  5.000000  5.385165
 1.000000  5.000000  5.385165
 1.000000  5.000000  5.385165
 1.000000  7.615773  8.000000
 1.000000  9.486833  9.848858
 1.000000  4.123106  4.472136
 1.000000  4.123106  4.472136
 1.000000  4.123106  4.472136
 1.000000  4.123106  4.472136
 1.000000  4.123106  4.472136
 1.000000 11.313708 11.661904
 1.000000  8.602325  8.944272
 1.000000  7.280110  7.615773
 1.000000  7.280110  7.615773
 1.000000  7.280110  7.615773
 1.000000  7.280110  7.615773
 1.000000  2.828427  3.162278
 1.000000  2.828427  3.162278
 1.000000  6.000000  6.324555
 1.000000  6.000000  6.324555
 1.000000  6.000000  6.324555
 1.000000 12.206556 12.529964
 1.000000  6.403124  6.708204
 1.000000  6.403124  6.708204
 1.000000  6.403124  6.708204
 1.000000  6.403124  6.708204
 1.000000 11.401754 11.704700
 1.000000 12.083046 12.369317
 1.000000  5.099020  5.385165
 1.000000  5.099020  5.385165
 1.000000  5.099020  5.385165
 1.000000  5.099020  5.385165
 1.000000  5.099020  5.385165
 1.000000  5.099020  5.385165
 1.000000  5.099020  5.385165
 1.000000  5.099020  5.385165
 1.000000  5.099020  5.385165
 1.000000 12.369317 12.649111
 1.000000  5.385165  5.656854
 1.000000  5.830952  6.082763
 1.000000 10.198039 10.440307
 1.000000  6.082763  6.324555
 1.000000  2.000000  2.236068
 1.000000  2.000000  2.236068
 1.000000  2.000000  2.236068
 1.000000  2.000000  2.236068
 1.000000  2.000000  2.236068
 1.000000  2.000000  2.236068
 1.000000  2.000000  2.236068
 1.000000  2.000000  2.236068
 1.000000  2.000000  2.236068
 1.000000  2.000000  2.236068
 1.000000  2.000000  2.236068
 1.000000  4.242641  4.472136
 1.000000  4.242641  4.472136
 1.000000  4.242641  4.472136
 1.000000  4.242641  4.472136
 1.000000 11.180340 11.401754
 1.000000  7.071068  7.280110
 1.000000 12.165525 12.369317
 1.000000  7.615773  7.810250
 1.000000  7.615773  7.810250
 1.000000  7.810250  8.000000
 1.000000  8.062258  8.246211
 1.000000  2.828427  3.000000
 1.000000  2.828427  3.000000
 1.000000  2.828427  3.000000
 1.000000  2.828427  3.000000
 1.000000  3.000000  3.162278
 1.000000  3.000000  3.162278
 1.000000  3.000000  3.162278
 1.000000  3.000000  3.162278
 1.000000 12.649111 12.806248
 1.000000  7.071068  7.211103
 1.000000 11.045361 11.180340
 1.000000  4.000000  4.123106
 1.000000  4.000000  4.123106
 1.000000  4.000000  4.123106
 1.000000  4.000000  4.123106
 1.000000  4.123106  4.242641
 1.000000  8.485281  8.602325
 1.000000 14.035669 14.142136
 1.000000  9.899495 10.000000
 1.000000  5.000000  5.099020
 1.000000  5.000000  5.099020
 1.000000  5.000000  5.099020
 1.000000  5.000000  5.099020
 1.000000  5.000000  5.099020
 1.000000  5.000000  5.099020
 1.000000  5.000000  5.099020
 1.000000  5.000000  5.099020
 1.000000  5.000000  5.099020
 1.000000  5.000000  5.099020
 1.000000  5.000000  5.099020
 1.000000  6.000000  6.082763
 1.000000  6.000000  6.082763
 1.000000  6.000000  6.082763
 1.000000  6.324555  6.403124
 1.000000  6.324555  6.403124
 1.000000  7.000000  7.071068
 1.000000  8.000000  8.062258
 1.000000  8.544004  8.602325
 1.000000  9.000000  9.055385
 1.000000 12.000000 12.041595
 1.000000 12.041595 12.083046
 1.000000 12.041595 12.083046
 1.000000 13.000000 13.038405
 1.000000 14.000000 14.035669
 0.000000 -18.110770       inf
 0.000000 -14.212670  2.000000
 0.000000 -13.892444  1.000000
 0.000000 -7.071068  5.000000
 0.000000 -13.601471 -2.236068
 0.000000 -14.142136 -3.000000
 0.000000 -14.866069 -4.123106
 0.000000 -8.485281  2.236068
 0.000000 -7.280110  2.000000
 0.000000 -12.083046 -2.828427
 0.000000 -7.071068  1.414214
 0.000000 -4.000000  4.123106
 0.000000 -5.656854  2.000000
 0.000000 -6.000000  1.414214
 0.000000 -5.099020  2.000000
 0.000000 -14.317821 -7.615773
 0.000000 -10.770330 -4.123106
 0.000000 -3.605551  3.000000
 0.000000 -11.180340 -5.000000
 0.000000 -4.000000  2.000000
 0.000000 -10.198039 -4.242641
 0.000000 -7.615773 -2.000000
 0.000000 -12.806248 -7.280110
 0.000000 -13.000000 -7.810250
 0.000000 -13.152946 -8.000000
 0.000000 -7.000000 -2.000000
 0.000000 -5.830952 -1.000000
 0.000000 -2.828427  2.000000
 0.000000 -10.630146 -5.830952
 0.000000 -10.770330 -6.324555
 0.000000 -12.041595 -8.062258
 0.000000 -11.180340 -7.211103
 0.000000 -8.000000 -4.242641
 0.000000 -11.704700 -8.062258
 0.000000 -13.453624 -9.848858
 0.000000 -2.000000  1.414214
 0.000000 -8.485281 -5.385165
 0.000000 -11.045361 -8.000000
 0.000000 -1.000000  2.000000
 0.000000 -9.000000 -6.000000
 0.000000 -10.000000 -7.071068
 0.000000 -8.246211 -5.385165
 0.000000 -4.472136 -2.000000
 0.000000 -1.414214  1.000000
 0.000000 -10.000000 -7.615773
 0.000000 -6.324555 -4.000000
 0.000000 -9.486833 -7.280110
 0.000000 -7.810250 -6.000000
 0.000000 -5.385165 -3.605551
 0.000000 -7.280110 -5.656854
 0.000000 -7.615773 -6.000000
 0.000000 -12.727922 -11.180340
 0.000000 -8.544004 -7.071068
 0.000000 -6.403124 -5.000000
 0.000000 -6.324555 -5.000000
 0.000000 -5.385165 -4.123106
 0.000000 -12.000000 -10.770330
 0.000000 -6.324555 -5.099020
 0.000000 -9.000000 -7.810250
 0.000000 -9.219544 -8.062258
 0.000000 -12.083046 -11.000000
 0.000000 -7.071068 -6.000000
 0.000000 -7.000000 -6.000000
 0.000000 -7.000000 -6.000000
 0.000000 -7.280110 -6.403124
 0.000000 -10.770330 -10.000000
 0.000000 -8.944272 -8.246211
 0.000000 -7.000000 -6.324555
 0.000000 -5.656854 -5.000000
 0.000000 -5.656854 -5.000000
 0.000000 -3.605551 -3.000000
 0.000000 -6.403124 -5.830952
 0.000000 -7.810250 -7.280110
 0.000000 -5.000000 -4.472136
 0.000000 -6.324555 -5.830952
 0.000000 -9.433981 -8.944272
 0.000000 -9.433981 -8.944272
 0.000000 -8.062258 -7.615773
 0.000000 -9.486833 -9.055385
 0.000000 -9.848858 -9.433981
 0.000000 -11.180340 -10.770330
 0.000000 -7.615773 -7.211103
 0.000000 -7.615773 -7.211103
 0.000000 -8.944272 -8.544004
 0.000000 -6.708204 -6.324555
 0.000000 -7.071068 -6.708204
 0.000000 -7.615773 -7.280110
 0.000000 -7.615773 -7.280110
 0.000000 -6.324555 -6.000000
 0.000000 -6.708204 -6.403124
 0.000000 -8.544004 -8.246211
 0.000000 -11.661904 -11.401754
 0.000000 -11.661904 -11.401754
 0.000000 -8.062258 -7.810250
 0.000000 -8.246211 -8.000000
 0.000000 -8.246211 -8.000000
 0.000000 -4.472136 -4.242641
 0.000000 -4.472136 -4.242641
 0.000000 -4.472136 -4.242641
 0.000000 -4.472136 -4.242641
 0.000000 -9.433981 -9.219544
 0.000000 -9.433981 -9.219544
 0.000000 -5.830952 -5.656854
 0.000000 -12.369317 -12.206556
 0.000000 -10.198039 -10.049876
 0.000000 -14.142136 -14.000000
 0.000000 -11.180340 -11.045361
 0.000000 -10.000000 -9.899495
 0.000000 -5.099020 -5.000000
 0.000000 -6.082763 -6.000000
 0.000000 -6.082763 -6.000000
 0.000000 -6.082763 -6.000000
 0.000000 -7.071068 -7.000000
 0.000000 -7.071068 -7.000000
 0.000000 -7.071068 -7.000000
 0.000000 -7.071068 -7.000000
 0.000000 -7.071068 -7.000000
 0.000000 -8.062258 -8.000000
 0.000000 -8.062258 -8.000000
 0.000000 -8.062258 -8.000000
 0.000000 -8.062258 -8.000000
 0.000000 -8.062258 -8.000000
 0.000000 -8.062258 -8.000000
 0.000000 -9.055385 -9.000000
 0.000000 -10.049876 -10.000000
 0.000000 -10.049876 -10.000000
 0.000000 -11.045361 -11.000000
