 1.000000 -7.000000  4.242641
 1.000000  1.000000 12.041595
 1.000000  4.000000 13.601471
 1.000000 -7.000000  2.000000
 1.000000  2.000000 10.770330
 1.000000 -1.000000  7.615773
 1.000000  2.828427 10.770330
 1.000000 -3.000000  3.605551
 1.000000  2.236068  8.544004
 1.000000  1.000000  7.000000
 1.000000  5.656854 11.180340
 1.000000  7.071068 12.000000
 1.000000 -1.414214  3.162278
 1.000000  6.000000 10.198039
 1.000000  1.000000  5.000000
 1.000000 -1.000000  2.828427
 1.000000  3.605551  7.211103
 1.000000  7.211103 10.770330
 1.000000  4.123106  7.615773
 1.000000  3.605551  7.071068
 1.000000  5.830952  8.602325
 1.000000  2.236068  5.000000
 1.000000  4.472136  7.071068
 1.000000  7.810250 10.295630
 1.000000  3.605551  6.082763
 1.000000  5.385165  7.810250
 1.000000  8.000000 10.295630
 1.000000  2.236068  4.472136
 1.000000 -1.000000  1.000000
 1.000000 -1.000000  1.000000
 1.000000 -1.000000  1.000000
 1.000000  4.472136  6.324555
 1.000000  9.219544 10.630146
 1.000000  4.472136  5.656854
 1.000000  5.830952  7.000000
 1.000000  4.000000  5.099020
 1.000000  4.000000  5.099020
 1.000000  1.000000  2.000000
 1.000000  3.000000  4.000000
 1.000000  1.000000  2.000000
 1.000000  4.123106  5.000000
 1.000000  4.123106  5.000000
 1.000000  3.162278  4.000000
 1.000000  5.000000  5.830952
 1.000000  2.000000  2.828427
 1.000000  1.414214  2.236068
 1.000000  2.828427  3.605551
 1.000000  2.236068  3.000000
 1.000000  2.236068  3.000000
 1.000000  2.236068  3.000000
 1.000000  4.242641  5.000000
 1.000000  7.071068  7.810250
 1.000000  7.071068  7.810250
 1.000000  6.000000  6.708204
 1.000000  8.544004  9.219544
 1.000000  6.403124  7.071068
 1.000000  5.000000  5.656854
 1.000000  5.000000  5.656854
 1.000000  3.605551  4.242641
 1.000000  3.605551  4.242641
 1.000000  3.605551  4.242641
 1.000000  3.000000  3.605551
 1.000000  7.211103  7.810250
 1.000000  7.211103  7.810250
 1.000000  7.211103  7.810250
 1.000000  2.236068  2.828427
 1.000000  2.236068  2.828427
 1.000000  2.236068  2.828427
 1.000000  2.236068  2.828427
 1.000000  2.236068  2.828427
 1.000000  2.236068  2.828427
 1.000000  2.236068  2.828427
 1.000000  1.414214  2.000000
 1.000000  5.830952  6.403124
 1.000000  5.830952  6.403124
 1.000000  5.830952  6.403124
 1.000000  5.830952  6.403124
 1.000000  4.472136  5.000000
 1.000000  4.472136  5.000000
 1.000000  4.472136  5.000000
 1.000000  4.472136  5.000000
 1.000000  4.472136  5.000000
 1.000000  4.472136  5.000000
 1.000000  4.472136  5.000000
 1.000000  4.472136  5.000000
 1.000000  4.472136  5.000000
 1.000000  3.605551  4.123106
 1.000000  3.605551  4.123106
 1.000000  6.708204  7.211103
 1.000000  6.708204  7.211103
 1.000000  5.830952  6.324555
 1.000000  5.830952  6.324555
 1.000000  5.830952  6.324555
 1.000000  8.944272  9.433981
 1.000000  8.062258  8.544004
 1.000000 10.295630 10.770330
 1.000000  9.433981  9.899495
 1.000000  9.433981  9.899495
 1.000000  7.615773  8.062258
 1.000000  7.615773  8.062258
 1.000000  5.385165  5.830952
 1.000000  3.162278  3.605551
 1.000000  3.162278  3.605551
 1.000000 10.000000 10.440307
 1.000000  8.062258  8.485281
 1.000000  8.062258  8.485281
 1.000000  1.000000  1.414214
 1.000000  1.000000  1.414214
 1.000000  1.000000  1.414214
 1.000000  1.000000  1.414214
 1.000000  6.000000  6.403124
 1.000000  8.544004  8.944272
 1.000000  8.544004  8.944272
 1.000000  9.899495 10.295630
 1.000000  5.000000  5.385165
 1.000000  5.000000  5.385165
 1.000000  5.000000  5.385165
 1.000000  5.000000  5.385165
 1.000000  5.000000  5.385165
 1.000000  6.324555  6.708204
 1.000000  6.708204  7.071068
 1.000000  9.486833  9.848858
 1.000000  9.486833  9.848858
 1.000000  4.123106  4.472136
 1.000000  4.123106  4.472136
 1.000000  8.602325  8.944272
 1.000000  8.602325  8.944272
 1.000000  8.602325  8.944272
 1.000000  2.828427  3.162278
 1.000000  2.828427  3.162278
 1.000000  2.828427  3.162278
 1.000000 10.440307 10.770330
 1.000000 10.440307 10.770330
 1.000000  6.000000  6.324555
 1.000000  6.000000  6.324555
 1.000000  6.403124  6.708204
 1.000000  6.403124  6.708204
 1.000000  6.403124  6.708204
 1.000000  6.403124  6.708204
 1.000000  8.246211  8.544004
 1.000000 10.000000 10.295630
 1.000000  5.099020  5.385165
 1.000000  5.099020  5.385165
 1.000000  5.099020  5.385165
 1.000000  8.944272  9.219544
 1.000000  8.944272  9.219544
 1.000000  5.385165  5.656854
 1.000000  5.385165  5.656854
 1.000000  5.385165  5.656854
 1.000000  9.219544  9.486833
 1.000000  7.810250  8.062258
 1.000000  7.810250  8.062258
 1.000000  5.830952  6.082763
 1.000000 10.049876 10.295630
 1.000000 10.198039 10.440307
 1.000000  6.082763  6.324555
 1.000000  6.082763  6.324555
 1.000000  8.246211  8.485281
 1.000000  8.246211  8.485281
 1.000000  2.000000  2.236068
 1.000000  2.000000  2.236068
 1.000000  2.000000  2.236068
 1.000000  2.000000  2.236068
 1.000000  2.000000  2.236068
 1.000000  4.242641  4.472136
 1.000000  4.242641  4.472136
 1.000000  4.242641  4.472136
 1.000000  4.242641  4.472136
 1.000000  4.242641  4.472136
 1.000000  4.242641  4.472136
 1.000000  9.219544  9.433981
 1.000000  9.219544  9.433981
 1.000000  7.615773  7.810250
 1.000000  7.615773  7.810250
 1.000000  7.615773  7.810250
 1.000000  7.615773  7.810250
 1.000000  7.615773  7.810250
 1.000000  7.615773  7.810250
 1.000000 10.440307 10.630146
 1.000000 10.440307 10.630146
 1.000000  8.062258  8.246211
 1.000000  8.062258  8.246211
 1.000000  8.062258  8.246211
 1.000000  5.656854  5.830952
 1.000000  5.656854  5.830952
 1.000000  2.828427  3.000000
 1.000000  2.828427  3.000000
 1.000000  2.828427  3.000000
 1.000000  9.055385  9.219544
 1.000000  9.055385  9.219544
 1.000000  3.000000  3.162278
 1.000000  3.000000  3.162278
 1.000000  3.000000  3.162278
 1.000000  3.000000  3.162278
 1.000000  3.000000  3.162278
 1.000000  3.000000  3.162278
 1.000000  3.000000  3.162278
 1.000000  3.000000  3.162278
 1.000000  3.000000  3.162278
 1.000000  3.000000  3.162278
 1.000000  3.000000  3.162278
 1.000000  7.071068  7.211103
 1.000000  7.071068  7.211103
 1.000000 11.045361 11.180340
 1.000000  4.000000  4.123106
 1.000000  4.000000  4.123106
 1.000000  4.000000  4.123106
 1.000000  4.000000  4.123106
 1.000000  4.000000  4.123106
 1.000000  4.000000  4.123106
 1.000000  4.000000  4.123106
 1.000000  4.000000  4.123106
 1.000000  4.123106  4.242641
 1.000000  4.123106  4.242641
 1.000000  4.123106  4.242641
 1.000000  4.123106  4.242641
 1.000000  8.485281  8.602325
 1.000000  8.485281  8.602325
 1.000000  8.485281  8.602325
 1.000000  9.899495 10.000000
 1.000000  5.000000  5.099020
 1.000000  5.000000  5.099020
 1.000000  5.000000  5.099020
 1.000000  5.000000  5.099020
 1.000000  5.000000  5.099020
 1.000000  6.000000  6.082763
 1.000000  6.000000  6.082763
 1.000000  6.000000  6.082763
 1.000000  6.000000  6.082763
 1.000000  6.000000  6.082763
 1.000000  6.324555  6.403124
 1.000000  6.324555  6.403124
 1.000000  6.324555  6.403124
 1.000000  6.324555  6.403124
 1.000000  6.324555  6.403124
 1.000000  6.324555  6.403124
 1.000000  7.000000  7.071068
 1.000000  7.000000  7.071068
 1.000000  7.000000  7.071068
 1.000000  7.000000  7.071068
 1.000000  7.000000  7.071068
 1.000000  7.000000  7.071068
 1.000000  8.000000  8.062258
 1.000000  8.000000  8.062258
 1.000000  8.544004  8.602325
 1.000000  8.944272  9.000000
 1.000000  8.944272  9.000000
 1.000000  9.000000  9.055385
 1.000000  9.000000  9.055385
 1.000000  9.848858  9.899495
 1.000000  9.848858  9.899495
 1.000000 10.000000 10.049876
 1.000000 11.000000 11.045361
 0.000000 -20.099751       inf
 0.000000 -16.401219 -3.000000
 0.000000 -8.000000  5.385165
 0.000000 -12.165525  1.000000
 0.000000 -9.848858  3.000000
 0.000000 -11.000000  1.000000
 0.000000 -13.341664 -2.000000
 0.000000 -5.656854  4.123106
 0.000000 -7.000000  2.000000
 0.000000 -17.029386 -8.246211
 0.000000 -12.369317 -3.605551
 0.000000 -5.000000  3.605551
 0.000000 -5.385165  3.000000
 0.000000 -5.099020  2.000000
 0.000000 -10.000000 -3.000000
 0.000000 -11.401754 -4.472136
 0.000000 -11.000000 -4.242641
 0.000000 -11.180340 -5.099020
 0.000000 -8.000000 -2.000000
 0.000000 -11.000000 -5.000000
 0.000000 -7.615773 -2.000000
 0.000000 -12.529964 -7.071068
 0.000000 -10.000000 -5.000000
 0.000000 -10.000000 -5.000000
 0.000000 -1.000000  4.000000
 0.000000 -8.544004 -4.000000
 0.000000 -1.414214  3.000000
 0.000000 -5.656854 -1.414214
 0.000000 -11.180340 -7.000000
 0.000000 -5.830952 -2.000000
 0.000000 -10.770330 -7.211103
 0.000000 -11.313708 -7.810250
 0.000000 -7.071068 -3.605551
 0.000000 -7.615773 -4.242641
 0.000000 -1.000000  2.000000
 0.000000 -13.000000 -10.295630
 0.000000 -12.727922 -10.049876
 0.000000 -8.602325 -6.082763
 0.000000 -8.544004 -6.082763
 0.000000 -1.000000  1.414214
 0.000000 -8.062258 -5.830952
 0.000000 -10.198039 -8.000000
 0.000000 -5.000000 -3.000000
 0.000000 -6.082763 -4.242641
 0.000000 -11.661904 -9.848858
 0.000000 -8.062258 -6.403124
 0.000000 -6.082763 -4.472136
 0.000000 -11.000000 -9.486833
 0.000000 -10.000000 -8.544004
 0.000000 -9.219544 -7.810250
 0.000000 -7.810250 -6.403124
 0.000000 -5.000000 -3.605551
 0.000000 -8.062258 -6.708204
 0.000000 -6.324555 -5.000000
 0.000000 -10.440307 -9.219544
 0.000000 -8.246211 -7.211103
 0.000000 -6.000000 -5.000000
 0.000000 -12.000000 -11.045361
 0.000000 -8.000000 -7.071068
 0.000000 -7.000000 -6.082763
 0.000000 -5.385165 -4.472136
 0.000000 -8.062258 -7.211103
 0.000000 -10.630146 -9.848858
 0.000000 -11.045361 -10.295630
 0.000000 -6.403124 -5.656854
 0.000000 -9.219544 -8.544004
 0.000000 -6.324555 -5.656854
 0.000000 -6.000000 -5.385165
 0.000000 -10.630146 -10.049876
 0.000000 -6.403124 -5.830952
 0.000000 -8.544004 -8.000000
 0.000000 -7.211103 -6.708204
 0.000000 -9.486833 -9.000000
 0.000000 -13.000000 -12.529964
 0.000000 -8.062258 -7.615773
 0.000000 -5.385165 -5.000000
 0.000000 -7.615773 -7.280110
 0.000000 -7.615773 -7.280110
 0.000000 -10.770330 -10.440307
 0.000000 -12.369317 -12.083046
 0.000000 -8.062258 -7.810250
 0.000000 -6.082763 -5.830952
 0.000000 -8.246211 -8.000000
 0.000000 -10.440307 -10.198039
 0.000000 -6.324555 -6.082763
 0.000000 -6.324555 -6.082763
 0.000000 -6.324555 -6.082763
 0.000000 -6.324555 -6.082763
 0.000000 -13.000000 -12.806248
 0.000000 -13.000000 -12.806248
 0.000000 -8.246211 -8.062258
 0.000000 -5.830952 -5.656854
 0.000000 -6.000000 -5.830952
 0.000000 -12.206556 -12.041595
 0.000000 -10.198039 -10.049876
 0.000000 -10.440307 -10.295630
 0.000000 -10.770330 -10.630146
 0.000000 -7.211103 -7.071068
 0.000000 -7.211103 -7.071068
 0.000000 -7.211103 -7.071068
 0.000000 -8.602325 -8.485281
 0.000000 -8.602325 -8.485281
 0.000000 -5.099020 -5.000000
 0.000000 -5.099020 -5.000000
 0.000000 -6.082763 -6.000000
 0.000000 -6.082763 -6.000000
 0.000000 -6.082763 -6.000000
 0.000000 -12.165525 -12.083046
 0.000000 -12.165525 -12.083046
 0.000000 -13.416408 -13.341664
 0.000000 -7.071068 -7.000000
 0.000000 -7.280110 -7.211103
 0.000000 -7.280110 -7.211103
 0.000000 -8.062258 -8.000000
 0.000000 -8.602325 -8.544004
 0.000000 -8.602325 -8.544004
 0.000000 -9.486833 -9.433981
 0.000000 -10.816654 -10.770330
