 1.000000 -7.071068  5.000000
 1.000000 -3.000000  6.324555
 1.000000 -5.385165  3.605551
 1.000000  3.162278 11.401754
 1.000000  4.000000 12.000000
 1.000000  3.000000 10.630146
 1.000000  4.000000 11.000000
 1.000000  3.162278 10.049876
 1.000000  5.385165 12.041595
 1.000000  8.062258 13.601471
 1.000000  3.162278  8.246211
 1.000000  3.000000  8.000000
 1.000000 -4.000000  1.000000
 1.000000  6.000000 10.000000
 1.000000  2.000000  6.000000
 1.000000  9.000000 12.727922
 1.000000  5.385165  9.055385
 1.000000  4.472136  8.062258
 1.000000  1.000000  4.472136
 1.000000  2.236068  5.385165
 1.000000  6.000000  9.000000
 1.000000  6.082763  8.944272
 1.000000  2.236068  5.000000
 1.000000  2.828427  5.385165
 1.000000  6.708204  8.944272
 1.000000  2.000000  4.000000
 1.000000  2.828427  4.472136
 1.000000  5.656854  7.280110
 1.000000  4.242641  5.830952
 1.000000 10.770330 12.206556
 1.000000  3.605551  5.000000
 1.000000  3.605551  5.000000
 1.000000  5.656854  7.000000
 1.000000  2.828427  4.123106
 1.000000  2.828427  4.123106
 1.000000  2.828427  4.000000
 1.000000  6.000000  7.071068
 1.000000  3.000000  4.000000
 1.000000 12.041595 13.000000
 1.000000  8.944272  9.848858
 1.000000  9.000000  9.848858
 1.000000  6.403124  7.211103
 1.000000  2.828427  3.605551
 1.000000  2.828427  3.605551
 1.000000  2.828427  3.605551
 1.000000  2.828427  3.605551
 1.000000  2.828427  3.605551
 1.000000  4.242641  5.000000
 1.000000  4.242641  5.000000
 1.000000  4.242641  5.000000
 1.000000  4.242641  5.000000
 1.000000  4.242641  5.000000
 1.000000  8.246211  9.000000
 1.000000  6.324555  7.071068
 1.000000  7.280110  8.000000
 1.000000  6.000000  6.708204
 1.000000  6.000000  6.708204
 1.000000 12.041595 12.727922
 1.000000  6.324555  7.000000
 1.000000  6.403124  7.071068
 1.000000  3.605551  4.242641
 1.000000  3.605551  4.242641
 1.000000  3.605551  4.242641
 1.000000  3.000000  3.605551
 1.000000  2.236068  2.828427
 1.000000  2.236068  2.828427
 1.000000  2.236068  2.828427
 1.000000  2.236068  2.828427
 1.000000  2.236068  2.828427
 1.000000  2.236068  2.828427
 1.000000  2.236068  2.828427
 1.000000  1.414214  2.000000
 1.000000  1.414214  2.000000
 1.000000 10.630146 11.180340
 1.000000  4.472136  5.000000
 1.000000  4.472136  5.000000
 1.000000  4.472136  5.000000
 1.000000  4.472136  5.000000
 1.000000  4.472136  5.000000
 1.000000  4.472136  5.000000
 1.000000  4.472136  5.000000
 1.000000  4.472136  5.000000
 1.000000  4.472136  5.000000
 1.000000  4.472136  5.000000
 1.000000  4.472136  5.000000
 1.000000 12.206556 12.727922
 1.000000  3.605551  4.123106
 1.000000  3.605551  4.123106
 1.000000  3.605551  4.123106
 1.000000  3.605551  4.123106
 1.000000  6.708204  7.211103
 1.000000 10.816654 11.313708
 1.000000  5.830952  6.324555
 1.000000  8.062258  8.544004
 1.000000  5.385165  5.830952
 1.000000  5.385165  5.830952
 1.000000  3.162278  3.605551
 1.000000  3.162278  3.605551
 1.000000  3.162278  3.605551
 1.000000  3.162278  3.605551
 1.000000  3.162278  3.605551
 1.000000  3.162278  3.605551
 1.000000  3.162278  3.605551
 1.000000  3.162278  3.605551
 1.000000  3.162278  3.605551
 1.000000  3.162278  3.605551
 1.000000  3.162278  3.605551
 1.000000  3.162278  3.605551
 1.000000  3.162278  3.605551
 1.000000  3.162278  3.605551
 1.000000  3.162278  3.605551
 1.000000  3.162278  3.605551
 1.000000  3.162278  3.605551
 1.000000  1.000000  1.414214
 1.000000  1.000000  1.414214
 1.000000  1.000000  1.414214
 1.000000  1.000000  1.414214
 1.000000  1.000000  1.414214
 1.000000  1.000000  1.414214
 1.000000  1.000000  1.414214
 1.000000 10.770330 11.180340
 1.000000 10.770330 11.180340
 1.000000  8.544004  8.944272
 1.000000  9.899495 10.295630
 1.000000  3.605551  4.000000
 1.000000  3.605551  4.000000
 1.000000  3.605551  4.000000
 1.000000  5.000000  5.385165
 1.000000  6.324555  6.708204
 1.000000 11.704700 12.083046
 1.000000 13.038405 13.416408
 1.000000  6.708204  7.071068
 1.000000  6.708204  7.071068
 1.000000  4.123106  4.472136
 1.000000  4.123106  4.472136
 1.000000  4.123106  4.472136
 1.000000  4.123106  4.472136
 1.000000  4.123106  4.472136
 1.000000  4.123106  4.472136
 1.000000  8.602325  8.944272
 1.000000  7.280110  7.615773
 1.000000  2.828427  3.162278
 1.000000  2.828427  3.162278
 1.000000  2.828427  3.162278
 1.000000  2.828427  3.162278
 1.000000  2.828427  3.162278
 1.000000  2.828427  3.162278
 1.000000 12.041595 12.369317
 1.000000  6.000000  6.324555
 1.000000  6.000000  6.324555
 1.000000  6.000000  6.324555
 1.000000  6.403124  6.708204
 1.000000  6.403124  6.708204
 1.000000  6.403124  6.708204
 1.000000 11.401754 11.704700
 1.000000  6.708204  7.000000
 1.000000 13.601471 13.892444
 1.000000  5.099020  5.385165
 1.000000  5.099020  5.385165
 1.000000  7.000000  7.280110
 1.000000  5.385165  5.656854
 1.000000  5.385165  5.656854
 1.000000  9.219544  9.486833
 1.000000  6.082763  6.324555
 1.000000  6.082763  6.324555
 1.000000  6.082763  6.324555
 1.000000  6.082763  6.324555
 1.000000  6.082763  6.324555
 1.000000  6.082763  6.324555
 1.000000  2.000000  2.236068
 1.000000  2.000000  2.236068
 1.000000  2.000000  2.236068
 1.000000  2.000000  2.236068
 1.000000  4.242641  4.472136
 1.000000  4.242641  4.472136
 1.000000  4.242641  4.472136
 1.000000  4.242641  4.472136
 1.000000 11.180340 11.401754
 1.000000  9.219544  9.433981
 1.000000  9.219544  9.433981
 1.000000  7.071068  7.280110
 1.000000  7.071068  7.280110
 1.000000 12.165525 12.369317
 1.000000 12.806248 13.000000
 1.000000 10.630146 10.816654
 1.000000 13.416408 13.601471
 1.000000  8.062258  8.246211
 1.000000  5.656854  5.830952
 1.000000  5.656854  5.830952
 1.000000  5.656854  5.830952
 1.000000  5.656854  5.830952
 1.000000  5.656854  5.830952
 1.000000  2.828427  3.000000
 1.000000  2.828427  3.000000
 1.000000  2.828427  3.000000
 1.000000  2.828427  3.000000
 1.000000  2.828427  3.000000
 1.000000  5.830952  6.000000
 1.000000  3.000000  3.162278
 1.000000  3.000000  3.162278
 1.000000  3.000000  3.162278
 1.000000  3.000000  3.162278
 1.000000  3.000000  3.162278
 1.000000  3.000000  3.162278
 1.000000  3.000000  3.162278
 1.000000  3.000000  3.162278
 1.000000  3.000000  3.162278
 1.000000 10.049876 10.198039
 1.000000  7.071068  7.211103
 1.000000  7.071068  7.211103
 1.000000  7.071068  7.211103
 1.000000  4.000000  4.123106
 1.000000  4.000000  4.123106
 1.000000  4.000000  4.123106
 1.000000  4.000000  4.123106
 1.000000  4.000000  4.123106
 1.000000  4.000000  4.123106
 1.000000  4.000000  4.123106
 1.000000  4.000000  4.123106
 1.000000  4.000000  4.123106
 1.000000  4.000000  4.123106
 1.000000  4.000000  4.123106
 1.000000  4.000000  4.123106
 1.000000  4.123106  4.242641
 1.000000  4.123106  4.242641
 1.000000  4.123106  4.242641
 1.000000  8.485281  8.602325
 1.000000  9.899495 10.000000
 1.000000  5.000000  5.099020
 1.000000  5.000000  5.099020
 1.000000  5.000000  5.099020
 1.000000  5.000000  5.099020
 1.000000  5.000000  5.099020
 1.000000  5.000000  5.099020
 1.000000 11.313708 11.401754
 1.000000  6.000000  6.082763
 1.000000  6.000000  6.082763
 1.000000  6.000000  6.082763
 1.000000  6.000000  6.082763
 1.000000  6.000000  6.082763
 1.000000  6.000000  6.082763
 1.000000  6.000000  6.082763
 1.000000  6.324555  6.403124
 1.000000  6.324555  6.403124
 1.000000  7.000000  7.071068
 1.000000  7.000000  7.071068
 1.000000  8.000000  8.062258
 1.000000  8.485281  8.544004
 1.000000  8.485281  8.544004
 1.000000  9.000000  9.055385
 1.000000 10.000000 10.049876
 1.000000 10.000000 10.049876
 1.000000 12.000000 12.041595
 0.000000 -20.808652       inf
 0.000000 -18.000000  1.000000
 0.000000 -14.212670  2.828427
 0.000000 -15.132746 -1.000000
 0.000000 -11.313708  1.000000
 0.000000 -10.000000  2.000000
 0.000000 -15.132746 -3.605551
 0.000000 -8.944272  2.236068
 0.000000 -6.000000  4.242641
 0.000000 -12.041595 -2.000000
 0.000000 -3.000000  7.000000
 0.000000 -8.062258  1.414214
 0.000000 -8.000000  1.000000
 0.000000 -12.649111 -4.000000
 0.000000 -6.000000  2.000000
 0.000000 -10.000000 -2.000000
 0.000000 -13.038405 -5.099020
 0.000000 -15.132746 -7.211103
 0.000000 -9.433981 -2.236068
 0.000000 -9.486833 -3.000000
 0.000000 -5.385165  1.000000
 0.000000 -3.000000  3.000000
 0.000000 -2.000000  4.000000
 0.000000 -10.000000 -5.000000
 0.000000 -14.422205 -10.000000
 0.000000 -9.219544 -5.000000
 0.000000 -8.602325 -4.472136
 0.000000 -1.000000  3.000000
 0.000000 -1.000000  3.000000
 0.000000 -12.529964 -8.602325
 0.000000 -8.944272 -5.099020
 0.000000 -8.062258 -4.242641
 0.000000 -5.830952 -2.236068
 0.000000 -8.485281 -5.000000
 0.000000 -5.656854 -2.236068
 0.000000 -7.071068 -4.000000
 0.000000 -8.000000 -5.000000
 0.000000 -6.082763 -3.162278
 0.000000 -6.000000 -3.162278
 0.000000 -9.848858 -7.211103
 0.000000 -10.000000 -8.062258
 0.000000 -12.529964 -10.816654
 0.000000 -5.830952 -4.123106
 0.000000 -9.486833 -7.810250
 0.000000 -10.770330 -9.219544
 0.000000 -9.219544 -7.810250
 0.000000 -6.403124 -5.000000
 0.000000 -10.000000 -8.602325
 0.000000 -5.000000 -3.605551
 0.000000 -6.708204 -5.385165
 0.000000 -9.219544 -8.000000
 0.000000 -8.246211 -7.071068
 0.000000 -8.062258 -7.000000
 0.000000 -7.000000 -6.000000
 0.000000 -6.324555 -5.385165
 0.000000 -7.211103 -6.403124
 0.000000 -9.000000 -8.246211
 0.000000 -5.830952 -5.099020
 0.000000 -10.630146 -9.899495
 0.000000 -6.708204 -6.000000
 0.000000 -6.324555 -5.656854
 0.000000 -7.000000 -6.403124
 0.000000 -11.000000 -10.440307
 0.000000 -12.727922 -12.206556
 0.000000 -7.211103 -6.708204
 0.000000 -10.440307 -10.000000
 0.000000 -13.892444 -13.453624
 0.000000 -9.433981 -9.000000
 0.000000 -10.770330 -10.440307
 0.000000 -6.324555 -6.000000
 0.000000 -12.529964 -12.206556
 0.000000 -8.544004 -8.246211
 0.000000 -5.385165 -5.099020
 0.000000 -16.278821 -16.000000
 0.000000 -9.219544 -8.944272
 0.000000 -9.219544 -8.944272
 0.000000 -8.062258 -7.810250
 0.000000 -10.440307 -10.198039
 0.000000 -6.324555 -6.082763
 0.000000 -4.472136 -4.242641
 0.000000 -9.219544 -9.000000
 0.000000 -9.433981 -9.219544
 0.000000 -9.433981 -9.219544
 0.000000 -8.246211 -8.062258
 0.000000 -8.246211 -8.062258
 0.000000 -8.246211 -8.062258
 0.000000 -12.165525 -12.000000
 0.000000 -10.440307 -10.295630
 0.000000 -10.440307 -10.295630
 0.000000 -7.211103 -7.071068
 0.000000 -7.211103 -7.071068
 0.000000 -15.000000 -14.866069
 0.000000 -4.123106 -4.000000
 0.000000 -5.099020 -5.000000
 0.000000 -10.295630 -10.198039
 0.000000 -6.082763 -6.000000
 0.000000 -6.403124 -6.324555
 0.000000 -7.071068 -7.000000
 0.000000 -7.071068 -7.000000
 0.000000 -15.620499 -15.556349
 0.000000 -8.062258 -8.000000
 0.000000 -8.062258 -8.000000
 0.000000 -8.544004 -8.485281
 0.000000 -9.055385 -9.000000
 0.000000 -10.049876 -10.000000
 0.000000 -15.264338 -15.231546
