 1.000000  5.000000 16.155494
 1.000000  3.162278 12.369317
 1.000000 -3.000000  6.082763
 1.000000 -3.605551  5.000000
 1.000000 -4.000000  4.472136
 1.000000 -2.236068  6.000000
 1.000000 -5.656854  2.000000
 1.000000  2.000000  9.486833
 1.000000  3.162278 10.630146
 1.000000  2.236068  9.219544
 1.000000 -2.828427  4.123106
 1.000000 -1.414214  5.000000
 1.000000  3.605551  9.848858
 1.000000  1.000000  7.071068
 1.000000  2.000000  7.810250
 1.000000  2.828427  8.062258
 1.000000  2.000000  7.000000
 1.000000  5.000000  9.848858
 1.000000  2.236068  7.000000
 1.000000  1.000000  5.099020
 1.000000  1.414214  5.000000
 1.000000  4.472136  8.000000
 1.000000  3.000000  6.000000
 1.000000 -1.414214  1.000000
 1.000000 -1.414214  1.000000
 1.000000  3.605551  6.000000
 1.000000  3.162278  5.385165
 1.000000  4.123106  6.324555
 1.000000 10.000000 12.041595
 1.000000 -1.000000  1.000000
 1.000000  4.000000  6.000000
 1.000000  3.162278  5.000000
 1.000000  6.403124  8.062258
 1.000000  2.000000  3.605551
 1.000000  5.000000  6.403124
 1.000000  3.605551  5.000000
 1.000000  2.236068  3.605551
 1.000000  6.000000  7.280110
 1.000000  1.000000  2.236068
 1.000000  1.000000  2.236068
 1.000000  1.000000  2.236068
 1.000000  1.000000  2.236068
 1.000000  4.472136  5.656854
 1.000000  2.000000  3.162278
 1.000000  3.000000  4.123106
 1.000000  1.000000  2.000000
 1.000000  4.000000  5.000000
 1.000000  8.062258  9.055385
 1.000000  6.324555  7.280110
 1.000000  4.123106  5.000000
 1.000000  3.605551  4.472136
 1.000000  3.605551  4.472136
 1.000000  3.162278  4.000000
 1.000000  3.162278  4.000000
 1.000000  5.000000  5.830952
 1.000000  2.000000  2.828427
 1.000000  2.000000  2.828427
 1.000000  2.000000  2.828427
 1.000000  1.414214  2.236068
 1.000000  6.403124  7.211103
 1.000000  2.236068  3.000000
 1.000000  2.236068  3.000000
 1.000000  5.656854  6.403124
 1.000000  5.000000  5.656854
 1.000000  3.605551  4.242641
 1.000000  3.605551  4.242641
 1.000000  3.605551  4.242641
 1.000000  3.605551  4.242641
 1.000000  3.605551  4.242641
 1.000000  3.605551  4.242641
 1.000000  5.385165  6.000000
 1.000000  7.211103  7.810250
 1.000000  7.211103  7.810250
 1.000000  2.236068  2.828427
 1.000000  2.236068  2.828427
 1.000000  2.236068  2.828427
 1.000000  2.236068  2.828427
 1.000000  2.236068  2.828427
 1.000000  2.236068  2.828427
 1.000000  2.236068  2.828427
 1.000000  2.236068  2.828427
 1.000000  2.236068  2.828427
 1.000000  2.236068  2.828427
 1.000000  2.236068  2.828427
 1.000000  9.848858 10.440307
 1.000000  1.414214  2.000000
 1.000000  1.414214  2.000000
 1.000000  5.830952  6.403124
 1.000000  5.830952  6.403124
 1.000000  4.472136  5.000000
 1.000000  4.472136  5.000000
 1.000000  4.472136  5.000000
 1.000000  4.472136  5.000000
 1.000000  4.472136  5.000000
 1.000000  4.472136  5.000000
 1.000000  4.472136  5.000000
 1.000000  4.472136  5.000000
 1.000000  4.472136  5.000000
 1.000000  3.605551  4.123106
 1.000000  3.605551  4.123106
 1.000000  3.605551  4.123106
 1.000000  3.605551  4.123106
 1.000000  3.605551  4.123106
 1.000000  6.708204  7.211103
 1.000000  6.708204  7.211103
 1.000000  9.848858 10.295630
 1.000000  5.385165  5.830952
 1.000000  3.162278  3.605551
 1.000000  3.162278  3.605551
 1.000000  3.162278  3.605551
 1.000000  3.162278  3.605551
 1.000000  3.162278  3.605551
 1.000000  3.162278  3.605551
 1.000000  1.000000  1.414214
 1.000000  1.000000  1.414214
 1.000000  1.000000  1.414214
 1.000000 10.770330 11.180340
 1.000000  8.544004  8.944272
 1.000000  8.544004  8.944272
 1.000000  3.605551  4.000000
 1.000000  3.605551  4.000000
 1.000000 10.049876 10.440307
 1.000000  5.000000  5.385165
 1.000000  6.324555  6.708204
 1.000000  6.324555  6.708204
 1.000000 11.661904 12.041595
 1.000000 11.704700 12.083046
 1.000000  6.708204  7.071068
 1.000000  6.708204  7.071068
 1.000000  6.708204  7.071068
 1.000000  6.708204  7.071068
 1.000000  6.708204  7.071068
 1.000000  4.123106  4.472136
 1.000000  4.123106  4.472136
 1.000000  4.123106  4.472136
 1.000000  4.123106  4.472136
 1.000000  4.123106  4.472136
 1.000000  4.123106  4.472136
 1.000000 15.811388 16.155494
 1.000000  8.602325  8.944272
 1.000000  8.602325  8.944272
 1.000000  7.280110  7.615773
 1.000000  7.280110  7.615773
 1.000000 10.295630 10.630146
 1.000000  6.403124  6.708204
 1.000000 11.401754 11.704700
 1.000000  8.246211  8.544004
 1.000000  6.708204  7.000000
 1.000000  6.708204  7.000000
 1.000000  5.099020  5.385165
 1.000000  5.099020  5.385165
 1.000000  5.099020  5.385165
 1.000000  5.099020  5.385165
 1.000000  5.099020  5.385165
 1.000000  5.099020  5.385165
 1.000000  5.099020  5.385165
 1.000000  5.099020  5.385165
 1.000000  8.944272  9.219544
 1.000000  5.385165  5.656854
 1.000000  5.385165  5.656854
 1.000000  5.385165  5.656854
 1.000000  5.385165  5.656854
 1.000000 16.492423 16.763055
 1.000000 10.049876 10.295630
 1.000000 10.049876 10.295630
 1.000000  6.082763  6.324555
 1.000000  6.082763  6.324555
 1.000000  6.082763  6.324555
 1.000000  2.000000  2.236068
 1.000000  2.000000  2.236068
 1.000000  2.000000  2.236068
 1.000000  2.000000  2.236068
 1.000000  2.000000  2.236068
 1.000000 10.770330 11.000000
 1.000000  4.242641  4.472136
 1.000000  4.242641  4.472136
 1.000000  4.242641  4.472136
 1.000000  4.242641  4.472136
 1.000000  4.242641  4.472136
 1.000000  4.242641  4.472136
 1.000000  4.242641  4.472136
 1.000000  9.000000  9.219544
 1.000000  9.000000  9.219544
 1.000000  9.000000  9.219544
 1.000000  9.219544  9.433981
 1.000000  9.219544  9.433981
 1.000000  9.219544  9.433981
 1.000000  7.071068  7.280110
 1.000000 17.262677 17.464249
 1.000000  5.656854  5.830952
 1.000000  5.656854  5.830952
 1.000000  5.656854  5.830952
 1.000000  2.828427  3.000000
 1.000000  5.830952  6.000000
 1.000000  5.830952  6.000000
 1.000000  5.830952  6.000000
 1.000000  3.000000  3.162278
 1.000000  3.000000  3.162278
 1.000000  3.000000  3.162278
 1.000000  3.000000  3.162278
 1.000000  3.000000  3.162278
 1.000000  3.000000  3.162278
 1.000000  3.000000  3.162278
 1.000000  3.000000  3.162278
 1.000000  3.000000  3.162278
 1.000000  7.071068  7.211103
 1.000000 11.180340 11.313708
 1.000000  4.000000  4.123106
 1.000000  4.000000  4.123106
 1.000000  4.000000  4.123106
 1.000000  4.000000  4.123106
 1.000000  4.000000  4.123106
 1.000000  4.000000  4.123106
 1.000000  4.000000  4.123106
 1.000000  4.123106  4.242641
 1.000000  4.123106  4.242641
 1.000000  4.123106  4.242641
 1.000000  4.123106  4.242641
 1.000000  4.123106  4.242641
 1.000000  4.123106  4.242641
 1.000000  4.123106  4.242641
 1.000000  4.123106  4.242641
 1.000000  4.123106  4.242641
 1.000000  4.123106  4.242641
 1.000000  8.485281  8.602325
 1.000000  5.000000  5.099020
 1.000000  5.000000  5.099020
 1.000000  5.000000  5.099020
 1.000000  5.000000  5.099020
 1.000000  5.000000  5.099020
 1.000000  5.000000  5.099020
 1.000000 15.556349 15.652476
 1.000000  6.000000  6.082763
 1.000000  6.324555  6.403124
 1.000000  6.324555  6.403124
 1.000000  7.000000  7.071068
 1.000000  7.000000  7.071068
 1.000000  7.211103  7.280110
 1.000000  7.211103  7.280110
 1.000000  8.000000  8.062258
 1.000000  8.485281  8.544004
 1.000000 10.000000 10.049876
 1.000000 18.000000 18.027756
 0.000000 -21.189620       inf
 0.000000 -17.888544 -1.000000
 0.000000 -13.000000  3.162278
 0.000000 -11.000000  2.236068
 0.000000 -15.524175 -3.000000
 0.000000 -13.416408 -2.828427
 0.000000 -10.630146 -2.000000
 0.000000 -11.313708 -3.162278
 0.000000 -5.830952  2.236068
 0.000000 -13.152946 -5.385165
 0.000000 -3.605551  4.000000
 0.000000 -13.601471 -6.000000
 0.000000 -8.544004 -1.000000
 0.000000 -13.341664 -6.000000
 0.000000 -5.000000  2.236068
 0.000000 -8.062258 -1.000000
 0.000000 -8.944272 -2.236068
 0.000000 -9.433981 -3.162278
 0.000000 -9.000000 -2.828427
 0.000000 -9.000000 -2.828427
 0.000000 -12.806248 -7.000000
 0.000000 -9.219544 -3.605551
 0.000000 -6.708204 -1.414214
 0.000000 -8.000000 -3.000000
 0.000000 -8.062258 -3.162278
 0.000000 -11.000000 -6.324555
 0.000000 -9.219544 -5.000000
 0.000000 -8.944272 -5.000000
 0.000000 -6.324555 -3.000000
 0.000000 -8.062258 -5.000000
 0.000000 -7.000000 -4.123106
 0.000000 -7.810250 -5.000000
 0.000000 -7.810250 -5.000000
 0.000000 -7.810250 -5.099020
 0.000000 -10.630146 -8.000000
 0.000000 -6.082763 -3.605551
 0.000000 -9.433981 -7.000000
 0.000000 -6.000000 -3.605551
 0.000000 -6.324555 -4.000000
 0.000000 -7.280110 -5.000000
 0.000000 -7.280110 -5.000000
 0.000000 -8.944272 -6.708204
 0.000000 -7.211103 -5.000000
 0.000000 -8.062258 -6.000000
 0.000000 -1.000000  1.000000
 0.000000 -7.000000 -5.000000
 0.000000 -1.000000  1.000000
 0.000000 -8.944272 -7.000000
 0.000000 -5.830952 -4.000000
 0.000000 -9.000000 -7.211103
 0.000000 -7.810250 -6.082763
 0.000000 -6.708204 -5.000000
 0.000000 -7.071068 -5.385165
 0.000000 -5.656854 -4.000000
 0.000000 -9.219544 -7.615773
 0.000000 -6.000000 -4.472136
 0.000000 -9.433981 -8.062258
 0.000000 -8.062258 -7.000000
 0.000000 -8.062258 -7.000000
 0.000000 -6.000000 -5.000000
 0.000000 -11.000000 -10.000000
 0.000000 -6.000000 -5.000000
 0.000000 -8.062258 -7.071068
 0.000000 -14.422205 -13.453624
 0.000000 -7.000000 -6.082763
 0.000000 -12.000000 -11.180340
 0.000000 -7.810250 -7.000000
 0.000000 -8.602325 -7.810250
 0.000000 -21.000000 -20.223748
 0.000000 -9.000000 -8.246211
 0.000000 -7.071068 -6.324555
 0.000000 -17.000000 -16.278821
 0.000000 -14.317821 -13.601471
 0.000000 -7.000000 -6.324555
 0.000000 -7.000000 -6.324555
 0.000000 -6.324555 -5.656854
 0.000000 -6.403124 -5.830952
 0.000000 -7.615773 -7.071068
 0.000000 -6.324555 -5.830952
 0.000000 -8.544004 -8.062258
 0.000000 -8.485281 -8.062258
 0.000000 -7.615773 -7.211103
 0.000000 -7.615773 -7.211103
 0.000000 -5.385165 -5.000000
 0.000000 -13.000000 -12.649111
 0.000000 -8.944272 -8.602325
 0.000000 -7.615773 -7.280110
 0.000000 -7.615773 -7.280110
 0.000000 -7.615773 -7.280110
 0.000000 -6.708204 -6.403124
 0.000000 -6.708204 -6.403124
 0.000000 -6.708204 -6.403124
 0.000000 -6.708204 -6.403124
 0.000000 -11.704700 -11.401754
 0.000000 -8.544004 -8.246211
 0.000000 -5.385165 -5.099020
 0.000000 -5.385165 -5.099020
 0.000000 -8.062258 -7.810250
 0.000000 -10.440307 -10.198039
 0.000000 -9.219544 -9.000000
 0.000000 -16.492423 -16.278821
 0.000000 -7.280110 -7.071068
 0.000000 -7.280110 -7.071068
 0.000000 -8.246211 -8.062258
 0.000000 -8.246211 -8.062258
 0.000000 -5.830952 -5.656854
 0.000000 -20.396078 -20.223748
 0.000000 -3.162278 -3.000000
 0.000000 -3.162278 -3.000000
 0.000000 -7.211103 -7.071068
 0.000000 -7.211103 -7.071068
 0.000000 -4.123106 -4.000000
 0.000000 -9.055385 -8.944272
 0.000000 -5.099020 -5.000000
 0.000000 -5.099020 -5.000000
 0.000000 -5.099020 -5.000000
 0.000000 -6.082763 -6.000000
 0.000000 -6.082763 -6.000000
 0.000000 -6.403124 -6.324555
 0.000000 -7.071068 -7.000000
 0.000000 -7.071068 -7.000000
 0.000000 -7.071068 -7.000000
 0.000000 -7.071068 -7.000000
 0.000000 -7.280110 -7.211103
 0.000000 -8.062258 -8.000000
 0.000000 -8.062258 -8.000000
 0.000000 -8.062258 -8.000000
 0.000000 -8.544004 -8.485281
 0.000000 -8.602325 -8.544004
 0.000000 -8.602325 -8.544004
 0.000000 -14.035669 -14.000000
 0.000000 -14.035669 -14.000000
