 1.000000 -5.099020  5.656854
 1.000000 -6.403124  4.242641
 1.000000 -7.211103  2.000000
 1.000000  1.414214  9.848858
 1.000000  1.000000  9.219544
 1.000000  1.414214  9.000000
 1.000000  4.000000 11.313708
 1.000000 -2.000000  5.099020
 1.000000 -2.828427  3.605551
 1.000000  4.123106 10.198039
 1.000000  3.000000  9.000000
 1.000000 -2.000000  3.605551
 1.000000 -2.828427  2.236068
 1.000000  1.000000  5.830952
 1.000000  2.236068  6.708204
 1.000000 -2.828427  1.414214
 1.000000 -2.236068  1.414214
 1.000000  2.828427  6.324555
 1.000000 -2.236068  1.000000
 1.000000 -1.414214  1.414214
 1.000000  3.605551  6.403124
 1.000000  4.000000  6.708204
 1.000000  4.472136  7.000000
 1.000000  2.000000  4.472136
 1.000000  4.000000  6.324555
 1.000000  2.000000  4.242641
 1.000000  9.848858 12.000000
 1.000000  3.605551  5.656854
 1.000000 -1.000000  1.000000
 1.000000 -1.000000  1.000000
 1.000000  4.472136  6.403124
 1.000000  4.000000  5.830952
 1.000000  1.000000  2.828427
 1.000000  2.828427  4.472136
 1.000000  2.828427  4.000000
 1.000000  4.242641  5.385165
 1.000000  4.000000  5.000000
 1.000000  4.000000  5.000000
 1.000000  5.000000  6.000000
 1.000000  3.000000  4.000000
 1.000000  3.162278  4.123106
 1.000000  7.071068  8.000000
 1.000000  2.236068  3.162278
 1.000000  3.162278  4.000000
 1.000000  1.414214  2.236068
 1.000000  4.242641  5.000000
 1.000000  4.242641  5.000000
 1.000000  4.242641  5.000000
 1.000000  5.000000  5.656854
 1.000000  5.000000  5.656854
 1.000000  5.000000  5.656854
 1.000000  5.000000  5.656854
 1.000000  5.000000  5.656854
 1.000000  5.000000  5.656854
 1.000000  3.605551  4.242641
 1.000000  3.605551  4.242641
 1.000000  3.000000  3.605551
 1.000000  7.211103  7.810250
 1.000000  2.236068  2.828427
 1.000000  2.236068  2.828427
 1.000000  2.236068  2.828427
 1.000000  2.236068  2.828427
 1.000000  2.236068  2.828427
 1.000000  2.236068  2.828427
 1.000000  2.236068  2.828427
 1.000000  2.236068  2.828427
 1.000000  2.236068  2.828427
 1.000000  1.414214  2.000000
 1.000000  1.414214  2.000000
 1.000000  1.414214  2.000000
 1.000000  1.414214  2.000000
 1.000000 16.552945 17.088007
 1.000000  4.472136  5.000000
 1.000000  4.472136  5.000000
 1.000000  4.472136  5.000000
 1.000000  4.472136  5.000000
 1.000000  4.472136  5.000000
 1.000000  4.472136  5.000000
 1.000000  4.472136  5.000000
 1.000000  4.472136  5.000000
 1.000000  4.472136  5.000000
 1.000000  3.605551  4.123106
 1.000000  3.605551  4.123106
 1.000000  3.605551  4.123106
 1.000000  6.708204  7.211103
 1.000000  5.830952  6.324555
 1.000000  4.000000  4.472136
 1.000000  4.000000  4.472136
 1.000000  5.385165  5.830952
 1.000000  5.385165  5.830952
 1.000000  3.162278  3.605551
 1.000000  3.162278  3.605551
 1.000000  3.162278  3.605551
 1.000000  3.162278  3.605551
 1.000000  3.162278  3.605551
 1.000000  3.162278  3.605551
 1.000000  3.162278  3.605551
 1.000000  5.656854  6.082763
 1.000000  1.000000  1.414214
 1.000000  1.000000  1.414214
 1.000000  7.211103  7.615773
 1.000000  7.211103  7.615773
 1.000000  3.605551  4.000000
 1.000000  3.605551  4.000000
 1.000000  3.605551  4.000000
 1.000000  3.605551  4.000000
 1.000000  3.605551  4.000000
 1.000000  3.605551  4.000000
 1.000000  3.605551  4.000000
 1.000000  5.000000  5.385165
 1.000000  5.000000  5.385165
 1.000000  5.000000  5.385165
 1.000000  5.000000  5.385165
 1.000000  5.000000  5.385165
 1.000000  5.000000  5.385165
 1.000000  5.000000  5.385165
 1.000000  9.486833  9.848858
 1.000000  4.123106  4.472136
 1.000000  4.123106  4.472136
 1.000000  4.123106  4.472136
 1.000000 13.000000 13.341664
 1.000000 11.704700 12.041595
 1.000000  7.280110  7.615773
 1.000000  7.280110  7.615773
 1.000000  7.280110  7.615773
 1.000000  2.828427  3.162278
 1.000000  2.828427  3.162278
 1.000000  2.828427  3.162278
 1.000000  2.828427  3.162278
 1.000000  6.000000  6.324555
 1.000000  6.000000  6.324555
 1.000000  6.000000  6.324555
 1.000000  6.403124  6.708204
 1.000000  6.403124  6.708204
 1.000000 10.000000 10.295630
 1.000000  5.099020  5.385165
 1.000000  5.099020  5.385165
 1.000000  5.099020  5.385165
 1.000000  5.385165  5.656854
 1.000000  5.385165  5.656854
 1.000000  5.385165  5.656854
 1.000000  5.385165  5.656854
 1.000000  5.385165  5.656854
 1.000000  5.385165  5.656854
 1.000000  5.385165  5.656854
 1.000000  5.385165  5.656854
 1.000000  5.385165  5.656854
 1.000000 11.401754 11.661904
 1.000000  5.830952  6.082763
 1.000000 10.049876 10.295630
 1.000000  2.000000  2.236068
 1.000000  2.000000  2.236068
 1.000000  2.000000  2.236068
 1.000000  2.000000  2.236068
 1.000000 17.029386 17.262677
 1.000000  4.242641  4.472136
 1.000000  4.242641  4.472136
 1.000000  4.242641  4.472136
 1.000000  4.242641  4.472136
 1.000000  4.242641  4.472136
 1.000000  4.242641  4.472136
 1.000000  4.242641  4.472136
 1.000000  4.242641  4.472136
 1.000000  9.219544  9.433981
 1.000000  7.615773  7.810250
 1.000000  7.615773  7.810250
 1.000000 10.440307 10.630146
 1.000000  8.062258  8.246211
 1.000000  5.656854  5.830952
 1.000000  5.656854  5.830952
 1.000000  5.656854  5.830952
 1.000000  5.830952  6.000000
 1.000000  5.830952  6.000000
 1.000000  9.055385  9.219544
 1.000000 12.206556 12.369317
 1.000000  3.000000  3.162278
 1.000000  3.000000  3.162278
 1.000000  3.000000  3.162278
 1.000000  3.000000  3.162278
 1.000000  3.000000  3.162278
 1.000000  3.000000  3.162278
 1.000000  3.000000  3.162278
 1.000000  3.000000  3.162278
 1.000000  3.000000  3.162278
 1.000000  3.000000  3.162278
 1.000000  3.000000  3.162278
 1.000000  3.000000  3.162278
 1.000000  7.071068  7.211103
 1.000000  7.071068  7.211103
 1.000000  7.071068  7.211103
 1.000000 11.045361 11.180340
 1.000000  4.000000  4.123106
 1.000000  4.000000  4.123106
 1.000000  4.000000  4.123106
 1.000000  4.000000  4.123106
 1.000000  4.000000  4.123106
 1.000000  4.000000  4.123106
 1.000000  4.000000  4.123106
 1.000000  4.000000  4.123106
 1.000000  4.000000  4.123106
 1.000000  4.123106  4.242641
 1.000000  4.123106  4.242641
 1.000000  4.123106  4.242641
 1.000000  4.123106  4.242641
 1.000000  4.123106  4.242641
 1.000000  4.123106  4.242641
 1.000000  4.123106  4.242641
 1.000000  5.000000  5.099020
 1.000000  5.000000  5.099020
 1.000000  5.000000  5.099020
 1.000000  5.000000  5.099020
 1.000000  5.000000  5.099020
 1.000000  5.000000  5.099020
 1.000000  5.000000  5.099020
 1.000000  6.000000  6.082763
 1.000000  6.000000  6.082763
 1.000000  6.324555  6.403124
 1.000000  6.324555  6.403124
 1.000000  6.324555  6.403124
 1.000000  7.000000  7.071068
 1.000000  7.211103  7.280110
 1.000000  8.000000  8.062258
 1.000000  9.000000  9.055385
 1.000000 10.000000 10.049876
 0.000000 -19.646883       inf
 0.000000 -9.486833  5.000000
 0.000000 -9.000000  2.828427
 0.000000 -13.453624 -3.605551
 0.000000 -13.416408 -4.000000
 0.000000 -5.099020  4.000000
 0.000000 -13.152946 -4.242641
 0.000000 -8.944272 -1.000000
 0.000000 -9.848858 -2.000000
 0.000000 -6.324555  1.000000
 0.000000 -6.000000  1.000000
 0.000000 -13.038405 -6.403124
 0.000000 -12.369317 -6.082763
 0.000000 -6.708204 -1.000000
 0.000000 -11.180340 -5.656854
 0.000000 -6.403124 -1.000000
 0.000000 -12.529964 -7.280110
 0.000000 -9.433981 -4.472136
 0.000000 -9.848858 -5.099020
 0.000000 -9.219544 -4.472136
 0.000000 -10.630146 -6.000000
 0.000000 -10.198039 -5.656854
 0.000000 -10.816654 -6.324555
 0.000000 -9.433981 -5.000000
 0.000000 -5.385165 -1.000000
 0.000000 -11.661904 -7.280110
 0.000000 -9.219544 -5.000000
 0.000000 -2.000000  2.000000
 0.000000 -8.062258 -4.242641
 0.000000 -10.770330 -7.000000
 0.000000 -8.544004 -5.000000
 0.000000 -6.403124 -3.000000
 0.000000 -11.661904 -8.544004
 0.000000 -5.830952 -2.828427
 0.000000 -10.000000 -7.000000
 0.000000 -10.000000 -7.000000
 0.000000 -12.041595 -9.055385
 0.000000 -5.099020 -2.236068
 0.000000 -5.656854 -2.828427
 0.000000 -7.000000 -4.472136
 0.000000 -6.000000 -3.605551
 0.000000 -11.704700 -9.433981
 0.000000 -9.219544 -7.000000
 0.000000 -7.211103 -5.099020
 0.000000 -5.000000 -3.000000
 0.000000 -9.219544 -7.615773
 0.000000 -8.602325 -7.000000
 0.000000 -5.830952 -4.472136
 0.000000 -8.062258 -6.708204
 0.000000 -11.180340 -9.899495
 0.000000 -3.000000 -2.000000
 0.000000 -10.000000 -9.000000
 0.000000 -6.000000 -5.099020
 0.000000 -9.433981 -8.544004
 0.000000 -4.000000 -3.162278
 0.000000 -5.830952 -5.000000
 0.000000 -5.830952 -5.099020
 0.000000 -5.830952 -5.099020
 0.000000 -6.708204 -6.000000
 0.000000 -6.708204 -6.000000
 0.000000 -5.656854 -5.000000
 0.000000 -5.656854 -5.000000
 0.000000 -9.848858 -9.219544
 0.000000 -6.708204 -6.082763
 0.000000 -7.211103 -6.708204
 0.000000 -6.324555 -5.830952
 0.000000 -8.944272 -8.485281
 0.000000 -5.830952 -5.385165
 0.000000 -5.830952 -5.385165
 0.000000 -19.313208 -18.867962
 0.000000 -9.433981 -9.000000
 0.000000 -8.944272 -8.544004
 0.000000 -8.944272 -8.544004
 0.000000 -6.708204 -6.324555
 0.000000 -12.369317 -12.000000
 0.000000 -19.235384 -18.867962
 0.000000 -9.848858 -9.486833
 0.000000 -8.944272 -8.602325
 0.000000 -7.615773 -7.280110
 0.000000 -7.615773 -7.280110
 0.000000 -10.630146 -10.295630
 0.000000 -6.324555 -6.000000
 0.000000 -6.708204 -6.403124
 0.000000 -11.704700 -11.401754
 0.000000 -5.385165 -5.099020
 0.000000 -5.385165 -5.099020
 0.000000 -5.385165 -5.099020
 0.000000 -5.385165 -5.099020
 0.000000 -9.486833 -9.219544
 0.000000 -9.486833 -9.219544
 0.000000 -11.661904 -11.401754
 0.000000 -8.062258 -7.810250
 0.000000 -6.082763 -5.830952
 0.000000 -6.082763 -5.830952
 0.000000 -11.401754 -11.180340
 0.000000 -9.219544 -9.000000
 0.000000 -7.280110 -7.071068
 0.000000 -7.280110 -7.071068
 0.000000 -8.246211 -8.062258
 0.000000 -8.246211 -8.062258
 0.000000 -8.246211 -8.062258
 0.000000 -5.830952 -5.656854
 0.000000 -5.830952 -5.656854
 0.000000 -6.000000 -5.830952
 0.000000 -3.162278 -3.000000
 0.000000 -7.211103 -7.071068
 0.000000 -7.211103 -7.071068
 0.000000 -7.211103 -7.071068
 0.000000 -7.211103 -7.071068
 0.000000 -12.165525 -12.041595
 0.000000 -4.123106 -4.000000
 0.000000 -19.313208 -19.209373
 0.000000 -5.099020 -5.000000
 0.000000 -6.082763 -6.000000
 0.000000 -6.082763 -6.000000
 0.000000 -6.082763 -6.000000
 0.000000 -6.082763 -6.000000
 0.000000 -12.165525 -12.083046
 0.000000 -7.071068 -7.000000
 0.000000 -7.071068 -7.000000
 0.000000 -7.071068 -7.000000
 0.000000 -7.071068 -7.000000
 0.000000 -7.280110 -7.211103
 0.000000 -7.280110 -7.211103
 0.000000 -8.062258 -8.000000
 0.000000 -8.062258 -8.000000
 0.000000 -8.062258 -8.000000
 0.000000 -8.544004 -8.485281
 0.000000 -8.602325 -8.544004
 0.000000 -8.602325 -8.544004
 0.000000 -9.055385 -9.000000
 0.000000 -9.055385 -9.000000
 0.000000 -9.055385 -9.000000
 0.000000 -9.055385 -9.000000
 0.000000 -11.704700 -11.661904
