 1.000000  3.000000 14.866069
 1.000000 -5.099020  5.000000
 1.000000 -4.000000  6.000000
 1.000000 -4.000000  5.830952
 1.000000 -5.000000  4.000000
 1.000000  3.000000 11.180340
 1.000000  3.000000 10.198039
 1.000000 -4.123106  3.000000
 1.000000 -3.605551  2.828427
 1.000000 -5.000000  1.414214
 1.000000 -2.828427  2.828427
 1.000000 11.000000 16.278821
 1.000000 -3.000000  2.236068
 1.000000 -3.000000  2.000000
 1.000000  6.000000 10.630146
 1.000000  5.000000  9.486833
 1.000000  5.385165  9.848858
 1.000000 -3.000000  1.414214
 1.000000  4.000000  8.246211
 1.000000  5.000000  9.219544
 1.000000  6.403124 10.049876
 1.000000 -2.236068  1.000000
 1.000000  5.000000  8.062258
 1.000000 -1.000000  2.000000
 1.000000 -2.000000  1.000000
 1.000000  4.000000  7.000000
 1.000000  8.000000 10.630146
 1.000000  3.605551  6.000000
 1.000000  5.000000  7.211103
 1.000000  2.000000  4.123106
 1.000000  5.000000  7.071068
 1.000000  3.000000  5.000000
 1.000000  4.000000  6.000000
 1.000000  4.123106  6.000000
 1.000000  4.242641  6.082763
 1.000000  6.000000  7.810250
 1.000000 10.198039 12.000000
 1.000000  7.280110  9.000000
 1.000000  4.123106  5.656854
 1.000000  4.472136  6.000000
 1.000000  5.830952  7.280110
 1.000000  3.605551  5.000000
 1.000000  5.000000  6.324555
 1.000000  5.099020  6.324555
 1.000000  2.828427  4.000000
 1.000000  8.062258  9.219544
 1.000000  4.000000  5.099020
 1.000000  1.000000  2.000000
 1.000000  4.000000  5.000000
 1.000000  4.000000  5.000000
 1.000000  1.000000  2.000000
 1.000000  3.000000  4.000000
 1.000000  1.000000  2.000000
 1.000000  4.472136  5.385165
 1.000000  4.472136  5.385165
 1.000000  5.099020  6.000000
 1.000000  5.099020  6.000000
 1.000000  3.162278  4.000000
 1.000000  2.828427  3.605551
 1.000000  2.828427  3.605551
 1.000000  4.242641  5.000000
 1.000000  5.656854  6.403124
 1.000000  5.385165  6.082763
 1.000000  5.000000  5.656854
 1.000000  3.605551  4.242641
 1.000000  3.605551  4.242641
 1.000000  3.605551  4.242641
 1.000000  7.211103  7.810250
 1.000000  7.211103  7.810250
 1.000000  2.236068  2.828427
 1.000000  2.236068  2.828427
 1.000000  2.236068  2.828427
 1.000000  2.236068  2.828427
 1.000000  1.414214  2.000000
 1.000000  1.414214  2.000000
 1.000000  5.830952  6.403124
 1.000000  5.830952  6.403124
 1.000000  5.830952  6.403124
 1.000000  4.472136  5.000000
 1.000000  4.472136  5.000000
 1.000000  4.472136  5.000000
 1.000000  4.472136  5.000000
 1.000000  4.472136  5.000000
 1.000000  4.472136  5.000000
 1.000000  4.472136  5.000000
 1.000000  4.472136  5.000000
 1.000000  4.472136  5.000000
 1.000000  4.472136  5.000000
 1.000000  3.605551  4.123106
 1.000000  3.605551  4.123106
 1.000000  8.062258  8.544004
 1.000000  7.615773  8.062258
 1.000000  7.615773  8.062258
 1.000000  3.162278  3.605551
 1.000000  3.162278  3.605551
 1.000000  3.162278  3.605551
 1.000000  3.162278  3.605551
 1.000000  3.162278  3.605551
 1.000000  3.162278  3.605551
 1.000000  3.162278  3.605551
 1.000000  3.162278  3.605551
 1.000000  3.162278  3.605551
 1.000000  3.162278  3.605551
 1.000000  9.433981  9.848858
 1.000000  9.433981  9.848858
 1.000000  9.433981  9.848858
 1.000000  1.000000  1.414214
 1.000000  1.000000  1.414214
 1.000000  1.000000  1.414214
 1.000000  1.000000  1.414214
 1.000000  1.000000  1.414214
 1.000000  1.000000  1.414214
 1.000000  1.000000  1.414214
 1.000000  1.000000  1.414214
 1.000000  6.000000  6.403124
 1.000000  3.605551  4.000000
 1.000000  3.605551  4.000000
 1.000000  5.000000  5.385165
 1.000000  5.000000  5.385165
 1.000000  5.000000  5.385165
 1.000000  5.000000  5.385165
 1.000000  5.000000  5.385165
 1.000000  5.000000  5.385165
 1.000000  5.000000  5.385165
 1.000000  6.324555  6.708204
 1.000000  6.324555  6.708204
 1.000000 13.038405 13.416408
 1.000000  6.708204  7.071068
 1.000000  6.708204  7.071068
 1.000000  6.708204  7.071068
 1.000000  4.123106  4.472136
 1.000000  4.123106  4.472136
 1.000000  4.123106  4.472136
 1.000000  4.123106  4.472136
 1.000000  4.123106  4.472136
 1.000000 15.811388 16.155494
 1.000000  7.280110  7.615773
 1.000000  7.280110  7.615773
 1.000000  7.280110  7.615773
 1.000000  7.280110  7.615773
 1.000000  6.403124  6.708204
 1.000000  8.246211  8.544004
 1.000000 13.601471 13.892444
 1.000000  5.099020  5.385165
 1.000000  5.099020  5.385165
 1.000000  5.099020  5.385165
 1.000000  5.099020  5.385165
 1.000000  5.385165  5.656854
 1.000000  5.385165  5.656854
 1.000000  5.385165  5.656854
 1.000000  5.385165  5.656854
 1.000000  5.385165  5.656854
 1.000000  8.000000  8.246211
 1.000000  4.000000  4.242641
 1.000000 10.198039 10.440307
 1.000000  6.082763  6.324555
 1.000000  2.000000  2.236068
 1.000000  2.000000  2.236068
 1.000000  4.242641  4.472136
 1.000000  4.242641  4.472136
 1.000000  4.242641  4.472136
 1.000000  4.242641  4.472136
 1.000000 11.180340 11.401754
 1.000000  9.219544  9.433981
 1.000000 12.529964 12.727922
 1.000000  7.615773  7.810250
 1.000000  7.615773  7.810250
 1.000000  7.615773  7.810250
 1.000000 12.806248 13.000000
 1.000000 10.630146 10.816654
 1.000000  5.656854  5.830952
 1.000000  2.828427  3.000000
 1.000000  2.828427  3.000000
 1.000000  2.828427  3.000000
 1.000000  5.830952  6.000000
 1.000000  5.830952  6.000000
 1.000000  5.830952  6.000000
 1.000000  9.055385  9.219544
 1.000000  3.000000  3.162278
 1.000000  3.000000  3.162278
 1.000000  3.000000  3.162278
 1.000000  3.000000  3.162278
 1.000000  3.000000  3.162278
 1.000000  3.000000  3.162278
 1.000000  3.000000  3.162278
 1.000000 10.630146 10.770330
 1.000000  7.071068  7.211103
 1.000000 11.180340 11.313708
 1.000000  4.000000  4.123106
 1.000000  4.000000  4.123106
 1.000000  4.000000  4.123106
 1.000000  4.000000  4.123106
 1.000000  4.000000  4.123106
 1.000000  4.000000  4.123106
 1.000000  4.000000  4.123106
 1.000000  4.000000  4.123106
 1.000000  4.000000  4.123106
 1.000000  4.123106  4.242641
 1.000000  5.000000  5.099020
 1.000000  5.000000  5.099020
 1.000000  5.000000  5.099020
 1.000000  5.000000  5.099020
 1.000000  5.000000  5.099020
 1.000000  5.000000  5.099020
 1.000000  5.000000  5.099020
 1.000000  5.000000  5.099020
 1.000000  6.000000  6.082763
 1.000000  6.000000  6.082763
 1.000000  6.324555  6.403124
 1.000000  6.324555  6.403124
 1.000000  7.000000  7.071068
 1.000000  7.000000  7.071068
 1.000000  7.211103  7.280110
 1.000000  7.211103  7.280110
 1.000000  7.211103  7.280110
 1.000000  8.000000  8.062258
 1.000000  8.000000  8.062258
 1.000000  8.000000  8.062258
 1.000000  9.000000  9.055385
 1.000000  9.000000  9.055385
 1.000000  9.433981  9.486833
 1.000000  9.848858  9.899495
 1.000000 10.000000 10.049876
 1.000000 10.000000 10.049876
 1.000000 11.000000 11.045361
 1.000000 15.620499 15.652476
 0.000000 -20.615528       inf
 0.000000 -14.422205  3.162278
 0.000000 -13.892444  2.828427
 0.000000 -11.180340  4.123106
 0.000000 -12.000000  2.828427
 0.000000 -11.045361  2.000000
 0.000000 -17.464249 -5.385165
 0.000000 -9.000000  2.236068
 0.000000 -10.049876  1.000000
 0.000000 -5.830952  5.000000
 0.000000 -7.615773  2.828427
 0.000000 -10.000000 -1.000000
 0.000000 -14.560220 -6.000000
 0.000000 -10.295630 -2.236068
 0.000000 -12.369317 -5.830952
 0.000000 -9.219544 -3.000000
 0.000000 -9.000000 -2.828427
 0.000000 -11.045361 -5.000000
 0.000000 -12.041595 -6.403124
 0.000000 -11.661904 -6.082763
 0.000000 -7.211103 -2.000000
 0.000000 -12.041595 -7.280110
 0.000000 -5.830952 -1.414214
 0.000000 -11.401754 -7.071068
 0.000000 -9.899495 -5.656854
 0.000000 -11.180340 -7.000000
 0.000000 -8.246211 -4.242641
 0.000000 -10.770330 -7.000000
 0.000000 -6.000000 -2.236068
 0.000000 -12.727922 -9.000000
 0.000000 -11.661904 -8.000000
 0.000000 -6.403124 -3.000000
 0.000000 -8.246211 -5.000000
 0.000000 -9.899495 -7.000000
 0.000000 -9.848858 -7.000000
 0.000000 -6.708204 -4.000000
 0.000000 -10.630146 -8.000000
 0.000000 -9.899495 -7.280110
 0.000000 -8.000000 -5.385165
 0.000000 -6.403124 -4.000000
 0.000000 -6.708204 -4.472136
 0.000000 -8.062258 -5.830952
 0.000000 -8.246211 -6.082763
 0.000000 -7.071068 -5.000000
 0.000000 -7.000000 -5.000000
 0.000000 -4.000000 -2.000000
 0.000000 -9.848858 -8.000000
 0.000000 -13.000000 -11.180340
 0.000000 -8.544004 -7.000000
 0.000000 -10.440307 -9.055385
 0.000000 -2.236068 -1.000000
 0.000000 -10.440307 -9.219544
 0.000000 -11.180340 -10.000000
 0.000000 -7.810250 -6.708204
 0.000000 -10.000000 -8.944272
 0.000000 -9.000000 -8.000000
 0.000000 -2.000000 -1.000000
 0.000000 -6.000000 -5.000000
 0.000000 -8.062258 -7.071068
 0.000000 -8.944272 -8.000000
 0.000000 -6.324555 -5.385165
 0.000000 -11.180340 -10.295630
 0.000000 -8.944272 -8.062258
 0.000000 -5.830952 -5.000000
 0.000000 -10.816654 -10.000000
 0.000000 -8.602325 -7.810250
 0.000000 -8.062258 -7.280110
 0.000000 -8.944272 -8.246211
 0.000000 -8.485281 -7.810250
 0.000000 -7.071068 -6.403124
 0.000000 -6.324555 -5.656854
 0.000000 -6.324555 -5.656854
 0.000000 -7.615773 -7.000000
 0.000000 -8.544004 -8.062258
 0.000000 -8.544004 -8.062258
 0.000000 -8.062258 -7.615773
 0.000000 -8.485281 -8.062258
 0.000000 -11.180340 -10.770330
 0.000000 -8.944272 -8.544004
 0.000000 -7.071068 -6.708204
 0.000000 -9.848858 -9.486833
 0.000000 -8.944272 -8.602325
 0.000000 -7.615773 -7.280110
 0.000000 -7.615773 -7.280110
 0.000000 -6.708204 -6.403124
 0.000000 -6.708204 -6.403124
 0.000000 -9.219544 -8.944272
 0.000000 -9.219544 -8.944272
 0.000000 -11.661904 -11.401754
 0.000000 -8.062258 -7.810250
 0.000000 -8.062258 -7.810250
 0.000000 -6.324555 -6.082763
 0.000000 -6.324555 -6.082763
 0.000000 -4.472136 -4.242641
 0.000000 -11.401754 -11.180340
 0.000000 -9.219544 -9.000000
 0.000000 -10.198039 -10.000000
 0.000000 -8.000000 -7.810250
 0.000000 -13.341664 -13.152946
 0.000000 -8.246211 -8.062258
 0.000000 -3.162278 -3.000000
 0.000000 -3.162278 -3.000000
 0.000000 -7.211103 -7.071068
 0.000000 -10.000000 -9.899495
 0.000000 -10.000000 -9.899495
 0.000000 -20.099751 -20.000000
 0.000000 -5.099020 -5.000000
 0.000000 -5.099020 -5.000000
 0.000000 -6.082763 -6.000000
 0.000000 -6.403124 -6.324555
 0.000000 -7.071068 -7.000000
 0.000000 -7.280110 -7.211103
 0.000000 -8.062258 -8.000000
 0.000000 -8.062258 -8.000000
 0.000000 -8.062258 -8.000000
 0.000000 -8.602325 -8.544004
 0.000000 -8.602325 -8.544004
 0.000000 -9.055385 -9.000000
 0.000000 -9.486833 -9.433981
