 1.000000 -4.000000 14.142136
 1.000000 -7.071068  3.162278
 1.000000 -5.000000  4.472136
 1.000000 -3.000000  6.082763
 1.000000 -7.615773  1.000000
 1.000000  3.000000 10.770330
 1.000000 -3.605551  4.123106
 1.000000 -2.236068  5.385165
 1.000000  1.414214  8.485281
 1.000000  6.000000 13.000000
 1.000000  4.242641 11.045361
 1.000000  2.000000  8.485281
 1.000000 -4.242641  2.236068
 1.000000  2.828427  8.944272
 1.000000  3.000000  8.544004
 1.000000  2.828427  7.810250
 1.000000  3.162278  8.000000
 1.000000  4.242641  8.544004
 1.000000  5.000000  8.944272
 1.000000  8.544004 12.000000
 1.000000 -2.236068  1.000000
 1.000000  2.236068  5.000000
 1.000000  3.162278  5.830952
 1.000000 -1.000000  1.414214
 1.000000  3.162278  5.385165
 1.000000  2.000000  4.000000
 1.000000 -1.000000  1.000000
 1.000000  4.000000  6.000000
 1.000000  6.082763  8.062258
 1.000000  4.123106  6.082763
 1.000000  3.162278  5.000000
 1.000000  2.236068  4.000000
 1.000000  4.242641  6.000000
 1.000000  5.000000  6.708204
 1.000000  5.000000  6.708204
 1.000000  1.414214  3.000000
 1.000000  3.605551  5.000000
 1.000000  2.236068  3.605551
 1.000000  4.472136  5.656854
 1.000000  2.828427  4.000000
 1.000000  5.000000  6.082763
 1.000000  5.000000  6.000000
 1.000000  3.000000  4.000000
 1.000000  4.000000  5.000000
 1.000000  2.236068  3.162278
 1.000000  6.708204  7.615773
 1.000000  8.944272  9.848858
 1.000000  5.830952  6.708204
 1.000000  3.162278  4.000000
 1.000000  5.000000  5.830952
 1.000000  5.000000  5.830952
 1.000000  2.000000  2.828427
 1.000000  1.414214  2.236068
 1.000000  1.414214  2.236068
 1.000000  2.828427  3.605551
 1.000000  2.828427  3.605551
 1.000000  2.828427  3.605551
 1.000000 10.000000 10.770330
 1.000000  4.242641  5.000000
 1.000000  4.242641  5.000000
 1.000000  4.242641  5.000000
 1.000000  4.242641  5.000000
 1.000000  6.324555  7.071068
 1.000000  5.656854  6.324555
 1.000000  5.656854  6.324555
 1.000000  5.000000  5.656854
 1.000000  5.000000  5.656854
 1.000000  5.000000  5.656854
 1.000000  5.000000  5.656854
 1.000000  3.605551  4.242641
 1.000000  3.605551  4.242641
 1.000000  9.219544  9.848858
 1.000000  4.472136  5.099020
 1.000000  3.000000  3.605551
 1.000000  3.000000  3.605551
 1.000000  3.000000  3.605551
 1.000000  3.000000  3.605551
 1.000000  6.403124  7.000000
 1.000000  2.236068  2.828427
 1.000000  2.236068  2.828427
 1.000000  2.236068  2.828427
 1.000000  2.236068  2.828427
 1.000000  2.236068  2.828427
 1.000000  2.236068  2.828427
 1.000000  2.236068  2.828427
 1.000000  2.236068  2.828427
 1.000000  2.236068  2.828427
 1.000000  2.236068  2.828427
 1.000000  2.236068  2.828427
 1.000000  2.236068  2.828427
 1.000000  1.414214  2.000000
 1.000000  1.414214  2.000000
 1.000000  5.830952  6.403124
 1.000000  6.708204  7.280110
 1.000000  9.433981 10.000000
 1.000000 13.601471 14.142136
 1.000000  4.472136  5.000000
 1.000000  4.472136  5.000000
 1.000000  4.472136  5.000000
 1.000000  4.472136  5.000000
 1.000000  4.472136  5.000000
 1.000000  4.472136  5.000000
 1.000000  4.472136  5.000000
 1.000000  4.472136  5.000000
 1.000000  4.472136  5.000000
 1.000000  4.472136  5.000000
 1.000000  4.472136  5.000000
 1.000000  3.605551  4.123106
 1.000000  3.605551  4.123106
 1.000000  8.944272  9.433981
 1.000000  8.062258  8.544004
 1.000000  4.000000  4.472136
 1.000000  9.433981  9.899495
 1.000000  9.848858 10.295630
 1.000000  7.615773  8.062258
 1.000000  5.385165  5.830952
 1.000000  5.385165  5.830952
 1.000000  5.385165  5.830952
 1.000000  3.162278  3.605551
 1.000000  3.162278  3.605551
 1.000000  3.162278  3.605551
 1.000000  3.162278  3.605551
 1.000000  3.162278  3.605551
 1.000000  3.162278  3.605551
 1.000000  3.162278  3.605551
 1.000000  3.162278  3.605551
 1.000000  3.162278  3.605551
 1.000000  3.162278  3.605551
 1.000000  3.162278  3.605551
 1.000000  3.162278  3.605551
 1.000000  3.162278  3.605551
 1.000000  3.162278  3.605551
 1.000000  3.162278  3.605551
 1.000000  3.162278  3.605551
 1.000000  3.162278  3.605551
 1.000000  8.062258  8.485281
 1.000000  9.433981  9.848858
 1.000000  9.433981  9.848858
 1.000000  9.433981  9.848858
 1.000000  1.000000  1.414214
 1.000000  1.000000  1.414214
 1.000000  1.000000  1.414214
 1.000000  1.000000  1.414214
 1.000000  1.000000  1.414214
 1.000000  1.000000  1.414214
 1.000000  1.000000  1.414214
 1.000000  1.000000  1.414214
 1.000000  7.211103  7.615773
 1.000000  3.605551  4.000000
 1.000000  5.000000  5.385165
 1.000000  6.324555  6.708204
 1.000000  6.324555  6.708204
 1.000000  6.324555  6.708204
 1.000000  6.324555  6.708204
 1.000000  6.324555  6.708204
 1.000000  6.708204  7.071068
 1.000000  6.708204  7.071068
 1.000000  9.486833  9.848858
 1.000000  9.848858 10.198039
 1.000000  4.123106  4.472136
 1.000000  4.123106  4.472136
 1.000000  4.123106  4.472136
 1.000000  4.123106  4.472136
 1.000000  4.123106  4.472136
 1.000000  4.123106  4.472136
 1.000000  4.123106  4.472136
 1.000000  4.123106  4.472136
 1.000000  4.123106  4.472136
 1.000000  8.602325  8.944272
 1.000000  8.602325  8.944272
 1.000000  7.280110  7.615773
 1.000000 10.295630 10.630146
 1.000000  2.828427  3.162278
 1.000000  2.828427  3.162278
 1.000000  2.828427  3.162278
 1.000000  2.828427  3.162278
 1.000000  2.828427  3.162278
 1.000000  2.828427  3.162278
 1.000000  2.828427  3.162278
 1.000000 10.440307 10.770330
 1.000000  6.082763  6.403124
 1.000000  6.403124  6.708204
 1.000000  6.708204  7.000000
 1.000000  5.099020  5.385165
 1.000000  5.099020  5.385165
 1.000000  5.099020  5.385165
 1.000000  5.099020  5.385165
 1.000000  7.000000  7.280110
 1.000000  8.944272  9.219544
 1.000000  8.944272  9.219544
 1.000000  5.385165  5.656854
 1.000000  5.385165  5.656854
 1.000000  5.385165  5.656854
 1.000000  5.385165  5.656854
 1.000000  5.385165  5.656854
 1.000000  5.385165  5.656854
 1.000000  9.219544  9.486833
 1.000000  9.219544  9.486833
 1.000000  7.810250  8.062258
 1.000000  7.810250  8.062258
 1.000000  7.810250  8.062258
 1.000000 10.198039 10.440307
 1.000000  6.082763  6.324555
 1.000000  6.082763  6.324555
 1.000000  6.082763  6.324555
 1.000000  6.082763  6.324555
 1.000000  8.246211  8.485281
 1.000000  2.000000  2.236068
 1.000000  2.000000  2.236068
 1.000000  2.000000  2.236068
 1.000000  2.000000  2.236068
 1.000000  2.000000  2.236068
 1.000000  2.000000  2.236068
 1.000000  4.242641  4.472136
 1.000000  4.242641  4.472136
 1.000000  4.242641  4.472136
 1.000000  4.242641  4.472136
 1.000000  4.242641  4.472136
 1.000000  4.242641  4.472136
 1.000000  4.242641  4.472136
 1.000000  4.242641  4.472136
 1.000000 11.180340 11.401754
 1.000000 11.180340 11.401754
 1.000000  9.000000  9.219544
 1.000000  9.219544  9.433981
 1.000000  9.219544  9.433981
 1.000000  7.071068  7.280110
 1.000000  7.071068  7.280110
 1.000000  7.071068  7.280110
 1.000000  7.071068  7.280110
 1.000000  7.615773  7.810250
 1.000000  7.810250  8.000000
 1.000000  8.062258  8.246211
 1.000000  5.656854  5.830952
 1.000000  5.656854  5.830952
 1.000000  5.656854  5.830952
 1.000000  2.828427  3.000000
 1.000000  5.830952  6.000000
 1.000000  9.055385  9.219544
 1.000000  9.055385  9.219544
 1.000000  3.000000  3.162278
 1.000000  3.000000  3.162278
 1.000000  3.000000  3.162278
 1.000000  3.000000  3.162278
 1.000000  3.000000  3.162278
 1.000000  3.000000  3.162278
 1.000000  3.000000  3.162278
 1.000000  3.000000  3.162278
 1.000000  3.000000  3.162278
 1.000000  3.000000  3.162278
 1.000000  3.000000  3.162278
 1.000000  3.000000  3.162278
 1.000000  3.000000  3.162278
 1.000000  3.000000  3.162278
 1.000000  3.000000  3.162278
 1.000000  3.000000  3.162278
 1.000000 10.049876 10.198039
 1.000000  7.071068  7.211103
 1.000000  7.071068  7.211103
 1.000000 12.041595 12.165525
 1.000000  4.000000  4.123106
 1.000000  4.000000  4.123106
 1.000000  4.000000  4.123106
 1.000000  4.000000  4.123106
 1.000000  4.000000  4.123106
 1.000000  4.000000  4.123106
 1.000000  4.000000  4.123106
 1.000000  4.000000  4.123106
 1.000000  4.000000  4.123106
 1.000000  4.000000  4.123106
 1.000000  4.000000  4.123106
 1.000000  4.000000  4.123106
 1.000000  4.123106  4.242641
 1.000000  4.123106  4.242641
 1.000000  4.123106  4.242641
 1.000000  4.123106  4.242641
 1.000000  4.123106  4.242641
 1.000000  4.123106  4.242641
 1.000000  8.485281  8.602325
 1.000000 13.892444 14.000000
 1.000000  5.000000  5.099020
 1.000000  5.000000  5.099020
 1.000000  5.000000  5.099020
 1.000000  5.000000  5.099020
 1.000000  5.000000  5.099020
 1.000000  5.000000  5.099020
 1.000000  5.000000  5.099020
 1.000000  5.000000  5.099020
 1.000000  5.000000  5.099020
 1.000000  5.000000  5.099020
 1.000000  6.000000  6.082763
 1.000000  6.324555  6.403124
 1.000000  6.324555  6.403124
 1.000000  6.324555  6.403124
 1.000000  6.324555  6.403124
 1.000000  7.000000  7.071068
 1.000000  7.000000  7.071068
 1.000000  7.000000  7.071068
 1.000000  7.211103  7.280110
 1.000000  8.000000  8.062258
 1.000000  8.485281  8.544004
 1.000000  8.944272  9.000000
 1.000000  9.000000  9.055385
 1.000000  9.433981  9.486833
 1.000000  9.848858  9.899495
 1.000000 10.000000 10.049876
 0.000000 -18.601075       inf
 0.000000 -14.000000  2.236068
 0.000000 -11.000000  3.605551
 0.000000 -11.180340  2.828427
 0.000000 -11.401754  2.000000
 0.000000 -11.000000  1.000000
 0.000000 -9.000000  2.828427
 0.000000 -15.652476 -4.000000
 0.000000 -8.000000  3.000000
 0.000000 -8.246211  2.000000
 0.000000 -9.000000  1.000000
 0.000000 -7.071068  2.000000
 0.000000 -7.000000  2.000000
 0.000000 -11.180340 -2.828427
 0.000000 -11.704700 -3.605551
 0.000000 -5.000000  2.828427
 0.000000 -5.000000  2.828427
 0.000000 -6.403124  1.414214
 0.000000 -9.219544 -1.414214
 0.000000 -10.630146 -3.000000
 0.000000 -15.264338 -8.062258
 0.000000 -4.000000  3.000000
 0.000000 -13.416408 -7.000000
 0.000000 -5.385165  1.000000
 0.000000 -10.295630 -4.242641
 0.000000 -12.041595 -6.000000
 0.000000 -8.944272 -3.000000
 0.000000 -8.544004 -3.000000
 0.000000 -12.000000 -6.708204
 0.000000 -11.180340 -6.082763
 0.000000 -10.049876 -5.000000
 0.000000 -9.899495 -5.830952
 0.000000 -8.062258 -4.000000
 0.000000 -8.485281 -5.099020
 0.000000 -10.295630 -7.071068
 0.000000 -5.830952 -2.828427
 0.000000 -9.055385 -6.082763
 0.000000 -5.830952 -3.000000
 0.000000 -6.403124 -3.605551
 0.000000 -7.000000 -4.242641
 0.000000 -6.082763 -3.605551
 0.000000 -5.385165 -3.000000
 0.000000 -9.899495 -7.615773
 0.000000 -9.848858 -7.615773
 0.000000 -9.486833 -7.280110
 0.000000 -9.486833 -7.280110
 0.000000 -7.071068 -5.000000
 0.000000 -11.180340 -9.219544
 0.000000 -5.385165 -3.605551
 0.000000 -6.000000 -4.242641
 0.000000 -10.198039 -8.544004
 0.000000 -9.899495 -8.544004
 0.000000 -7.000000 -5.656854
 0.000000 -9.848858 -8.602325
 0.000000 -2.236068 -1.000000
 0.000000 -6.324555 -5.099020
 0.000000 -6.324555 -5.099020
 0.000000 -5.656854 -4.472136
 0.000000 -7.211103 -6.082763
 0.000000 -6.403124 -5.385165
 0.000000 -8.000000 -7.000000
 0.000000 -6.000000 -5.000000
 0.000000 -8.000000 -7.071068
 0.000000 -14.866069 -14.000000
 0.000000 -5.830952 -5.000000
 0.000000 -5.000000 -4.242641
 0.000000 -7.071068 -6.324555
 0.000000 -5.830952 -5.099020
 0.000000 -11.704700 -11.000000
 0.000000 -6.082763 -5.385165
 0.000000 -6.324555 -5.656854
 0.000000 -15.652476 -15.000000
 0.000000 -7.615773 -7.071068
 0.000000 -8.544004 -8.000000
 0.000000 -8.544004 -8.000000
 0.000000 -10.000000 -9.486833
 0.000000 -7.211103 -6.708204
 0.000000 -6.324555 -5.830952
 0.000000 -6.324555 -5.830952
 0.000000 -10.770330 -10.295630
 0.000000 -12.165525 -11.704700
 0.000000 -1.414214 -1.000000
 0.000000 -6.403124 -6.000000
 0.000000 -5.385165 -5.000000
 0.000000 -12.083046 -11.704700
 0.000000 -15.231546 -14.866069
 0.000000 -7.615773 -7.280110
 0.000000 -8.544004 -8.246211
 0.000000 -10.295630 -10.000000
 0.000000 -5.385165 -5.099020
 0.000000 -9.486833 -9.219544
 0.000000 -14.560220 -14.317821
 0.000000 -6.324555 -6.082763
 0.000000 -6.324555 -6.082763
 0.000000 -6.324555 -6.082763
 0.000000 -4.472136 -4.242641
 0.000000 -7.280110 -7.071068
 0.000000 -10.049876 -9.848858
 0.000000 -10.198039 -10.000000
 0.000000 -8.246211 -8.062258
 0.000000 -8.246211 -8.062258
 0.000000 -5.830952 -5.656854
 0.000000 -5.830952 -5.656854
 0.000000 -3.162278 -3.000000
 0.000000 -10.770330 -10.630146
 0.000000 -7.211103 -7.071068
 0.000000 -7.211103 -7.071068
 0.000000 -4.123106 -4.000000
 0.000000 -5.099020 -5.000000
 0.000000 -5.099020 -5.000000
 0.000000 -5.099020 -5.000000
 0.000000 -15.231546 -15.132746
 0.000000 -10.295630 -10.198039
 0.000000 -6.082763 -6.000000
 0.000000 -6.082763 -6.000000
 0.000000 -7.071068 -7.000000
 0.000000 -7.071068 -7.000000
 0.000000 -8.062258 -8.000000
 0.000000 -8.062258 -8.000000
 0.000000 -8.602325 -8.544004
 0.000000 -8.602325 -8.544004
 0.000000 -9.000000 -8.944272
 0.000000 -9.055385 -9.000000
 0.000000 -11.045361 -11.000000
 0.000000 -12.206556 -12.165525
 0.000000 -15.033296 -15.000000
