 1.000000 -2.236068 11.180340
 1.000000 -8.246211  3.000000
 1.000000  4.000000 14.142136
 1.000000 -6.082763  2.000000
 1.000000 -3.000000  5.000000
 1.000000 -5.000000  3.000000
 1.000000  4.123106 12.041595
 1.000000 -5.830952  2.000000
 1.000000  3.000000  9.486833
 1.000000 -2.236068  4.000000
 1.000000  2.828427  9.000000
 1.000000  3.000000  8.944272
 1.000000  3.162278  9.055385
 1.000000  4.242641 10.000000
 1.000000  3.605551  9.055385
 1.000000  3.162278  8.602325
 1.000000 -1.000000  4.242641
 1.000000 -2.828427  2.000000
 1.000000  2.236068  6.324555
 1.000000  2.000000  6.000000
 1.000000  1.414214  5.385165
 1.000000  2.828427  6.708204
 1.000000  3.605551  7.071068
 1.000000 -2.236068  1.000000
 1.000000 -2.236068  1.000000
 1.000000  3.605551  6.708204
 1.000000 -2.000000  1.000000
 1.000000  3.000000  6.000000
 1.000000  5.000000  8.000000
 1.000000  3.000000  5.656854
 1.000000  1.000000  3.605551
 1.000000  2.000000  4.242641
 1.000000  5.000000  7.211103
 1.000000  2.828427  5.000000
 1.000000  6.000000  8.000000
 1.000000 -1.000000  1.000000
 1.000000  6.403124  8.000000
 1.000000  4.123106  5.656854
 1.000000  5.000000  6.324555
 1.000000  5.385165  6.708204
 1.000000  5.099020  6.403124
 1.000000  1.000000  2.236068
 1.000000  6.403124  7.615773
 1.000000  5.000000  6.000000
 1.000000  5.385165  6.324555
 1.000000  8.062258  9.000000
 1.000000  4.123106  5.000000
 1.000000  7.211103  8.062258
 1.000000  3.162278  4.000000
 1.000000  5.000000  5.830952
 1.000000  5.000000  5.830952
 1.000000  2.000000  2.828427
 1.000000  1.414214  2.236068
 1.000000 10.198039 11.000000
 1.000000  2.828427  3.605551
 1.000000  4.242641  5.000000
 1.000000  4.242641  5.000000
 1.000000  4.242641  5.000000
 1.000000  5.656854  6.403124
 1.000000  5.385165  6.082763
 1.000000  6.403124  7.071068
 1.000000  5.000000  5.656854
 1.000000 11.401754 12.041595
 1.000000  3.605551  4.242641
 1.000000 10.000000 10.630146
 1.000000 10.000000 10.630146
 1.000000  4.472136  5.099020
 1.000000  3.000000  3.605551
 1.000000  2.236068  2.828427
 1.000000  2.236068  2.828427
 1.000000  2.236068  2.828427
 1.000000  2.236068  2.828427
 1.000000  1.414214  2.000000
 1.000000  1.414214  2.000000
 1.000000  1.414214  2.000000
 1.000000  1.414214  2.000000
 1.000000  5.830952  6.403124
 1.000000  5.830952  6.403124
 1.000000  4.472136  5.000000
 1.000000  4.472136  5.000000
 1.000000  4.472136  5.000000
 1.000000  4.472136  5.000000
 1.000000  4.472136  5.000000
 1.000000  4.472136  5.000000
 1.000000  4.472136  5.000000
 1.000000  4.472136  5.000000
 1.000000  3.605551  4.123106
 1.000000  3.605551  4.123106
 1.000000  5.830952  6.324555
 1.000000  5.830952  6.324555
 1.000000  5.830952  6.324555
 1.000000  4.000000  4.472136
 1.000000  7.615773  8.062258
 1.000000  5.385165  5.830952
 1.000000  5.385165  5.830952
 1.000000  5.385165  5.830952
 1.000000  5.385165  5.830952
 1.000000  5.385165  5.830952
 1.000000  5.385165  5.830952
 1.000000  3.162278  3.605551
 1.000000  3.162278  3.605551
 1.000000  3.162278  3.605551
 1.000000  3.162278  3.605551
 1.000000  3.162278  3.605551
 1.000000  3.162278  3.605551
 1.000000  3.162278  3.605551
 1.000000  3.162278  3.605551
 1.000000  3.162278  3.605551
 1.000000  3.162278  3.605551
 1.000000  3.162278  3.605551
 1.000000  3.162278  3.605551
 1.000000  1.000000  1.414214
 1.000000  1.000000  1.414214
 1.000000 10.770330 11.180340
 1.000000  3.605551  4.000000
 1.000000  5.000000  5.385165
 1.000000  5.000000  5.385165
 1.000000  5.000000  5.385165
 1.000000  5.000000  5.385165
 1.000000  5.000000  5.385165
 1.000000  6.324555  6.708204
 1.000000  6.324555  6.708204
 1.000000  6.324555  6.708204
 1.000000  6.708204  7.071068
 1.000000  6.708204  7.071068
 1.000000  6.708204  7.071068
 1.000000  4.123106  4.472136
 1.000000  7.280110  7.615773
 1.000000  7.280110  7.615773
 1.000000  7.280110  7.615773
 1.000000  7.280110  7.615773
 1.000000 10.295630 10.630146
 1.000000  2.828427  3.162278
 1.000000  2.828427  3.162278
 1.000000  2.828427  3.162278
 1.000000  2.828427  3.162278
 1.000000 10.440307 10.770330
 1.000000  6.000000  6.324555
 1.000000  6.403124  6.708204
 1.000000  6.403124  6.708204
 1.000000  6.403124  6.708204
 1.000000  6.708204  7.000000
 1.000000  6.708204  7.000000
 1.000000  5.099020  5.385165
 1.000000  5.099020  5.385165
 1.000000  5.099020  5.385165
 1.000000  5.099020  5.385165
 1.000000  5.099020  5.385165
 1.000000  5.385165  5.656854
 1.000000  5.385165  5.656854
 1.000000  5.385165  5.656854
 1.000000  5.385165  5.656854
 1.000000  5.385165  5.656854
 1.000000  5.385165  5.656854
 1.000000  5.385165  5.656854
 1.000000  5.385165  5.656854
 1.000000  7.810250  8.062258
 1.000000  8.246211  8.485281
 1.000000  8.246211  8.485281
 1.000000  2.000000  2.236068
 1.000000  2.000000  2.236068
 1.000000  2.000000  2.236068
 1.000000  2.000000  2.236068
 1.000000  2.000000  2.236068
 1.000000  2.000000  2.236068
 1.000000  2.000000  2.236068
 1.000000  4.242641  4.472136
 1.000000  4.242641  4.472136
 1.000000 11.180340 11.401754
 1.000000  7.071068  7.280110
 1.000000  7.071068  7.280110
 1.000000  7.071068  7.280110
 1.000000  7.615773  7.810250
 1.000000  7.810250  8.000000
 1.000000  8.062258  8.246211
 1.000000  5.656854  5.830952
 1.000000  5.656854  5.830952
 1.000000  5.656854  5.830952
 1.000000  5.656854  5.830952
 1.000000  2.828427  3.000000
 1.000000  2.828427  3.000000
 1.000000  2.828427  3.000000
 1.000000  3.000000  3.162278
 1.000000  3.000000  3.162278
 1.000000  3.000000  3.162278
 1.000000  3.000000  3.162278
 1.000000  3.000000  3.162278
 1.000000  3.000000  3.162278
 1.000000  3.000000  3.162278
 1.000000  7.071068  7.211103
 1.000000  7.071068  7.211103
 1.000000  7.071068  7.211103
 1.000000  7.071068  7.211103
 1.000000  4.000000  4.123106
 1.000000  4.000000  4.123106
 1.000000  4.000000  4.123106
 1.000000  4.000000  4.123106
 1.000000  4.000000  4.123106
 1.000000  4.000000  4.123106
 1.000000  4.000000  4.123106
 1.000000  4.000000  4.123106
 1.000000  4.123106  4.242641
 1.000000  4.123106  4.242641
 1.000000  4.123106  4.242641
 1.000000  4.123106  4.242641
 1.000000 13.341664 13.453624
 1.000000  5.000000  5.099020
 1.000000  5.000000  5.099020
 1.000000  5.000000  5.099020
 1.000000  5.000000  5.099020
 1.000000  5.000000  5.099020
 1.000000  5.000000  5.099020
 1.000000  6.000000  6.082763
 1.000000  6.000000  6.082763
 1.000000  6.000000  6.082763
 1.000000  6.000000  6.082763
 1.000000  6.000000  6.082763
 1.000000  6.000000  6.082763
 1.000000  6.000000  6.082763
 1.000000  6.324555  6.403124
 1.000000  6.324555  6.403124
 1.000000  6.324555  6.403124
 1.000000  7.000000  7.071068
 1.000000  7.000000  7.071068
 1.000000  7.000000  7.071068
 1.000000  8.000000  8.062258
 1.000000  8.000000  8.062258
 1.000000  8.000000  8.062258
 1.000000  8.000000  8.062258
 1.000000  8.000000  8.062258
 1.000000  8.000000  8.062258
 1.000000  8.000000  8.062258
 1.000000  9.000000  9.055385
 1.000000 11.000000 11.045361
 0.000000 -21.260292       inf
 0.000000 -10.000000  5.000000
 0.000000 -16.155494 -2.000000
 0.000000 -10.000000  2.236068
 0.000000 -8.944272  2.000000
 0.000000 -12.083046 -1.414214
 0.000000 -8.944272  1.414214
 0.000000 -7.615773  2.236068
 0.000000 -16.124515 -6.403124
 0.000000 -6.000000  3.162278
 0.000000 -5.830952  3.000000
 0.000000 -12.727922 -4.123106
 0.000000 -17.720045 -9.219544
 0.000000 -14.035669 -6.000000
 0.000000 -5.830952  2.000000
 0.000000 -10.816654 -3.162278
 0.000000 -6.082763  1.414214
 0.000000 -5.385165  2.000000
 0.000000 -5.000000  1.000000
 0.000000 -9.899495 -4.000000
 0.000000 -8.000000 -2.828427
 0.000000 -9.219544 -4.123106
 0.000000 -8.062258 -3.000000
 0.000000 -6.000000 -1.000000
 0.000000 -7.000000 -2.000000
 0.000000 -14.422205 -9.433981
 0.000000 -5.656854 -1.000000
 0.000000 -7.615773 -3.000000
 0.000000 -15.000000 -10.440307
 0.000000 -5.830952 -1.414214
 0.000000 -7.615773 -3.605551
 0.000000 -7.000000 -3.000000
 0.000000 -8.062258 -4.123106
 0.000000 -5.830952 -2.000000
 0.000000 -5.385165 -2.000000
 0.000000 -7.615773 -4.242641
 0.000000 -9.433981 -6.324555
 0.000000 -7.071068 -4.000000
 0.000000 -5.830952 -3.162278
 0.000000 -5.830952 -3.162278
 0.000000 -5.656854 -3.162278
 0.000000 -5.830952 -3.605551
 0.000000 -8.485281 -6.324555
 0.000000 -8.062258 -6.000000
 0.000000 -9.848858 -7.810250
 0.000000 -1.000000  1.000000
 0.000000 -8.944272 -7.071068
 0.000000 -6.000000 -4.242641
 0.000000 -8.062258 -6.403124
 0.000000 -6.000000 -4.472136
 0.000000 -9.055385 -7.615773
 0.000000 -14.317821 -13.000000
 0.000000 -6.324555 -5.099020
 0.000000 -7.000000 -5.830952
 0.000000 -7.071068 -6.000000
 0.000000 -10.000000 -9.000000
 0.000000 -6.082763 -5.099020
 0.000000 -7.211103 -6.324555
 0.000000 -7.280110 -6.403124
 0.000000 -8.485281 -7.615773
 0.000000 -10.816654 -10.000000
 0.000000 -9.000000 -8.246211
 0.000000 -6.708204 -6.000000
 0.000000 -6.708204 -6.000000
 0.000000 -5.656854 -5.000000
 0.000000 -13.601471 -13.000000
 0.000000 -7.810250 -7.211103
 0.000000 -14.422205 -13.928388
 0.000000 -8.544004 -8.062258
 0.000000 -11.661904 -11.180340
 0.000000 -12.649111 -12.206556
 0.000000 -11.401754 -11.000000
 0.000000 -14.317821 -13.928388
 0.000000 -5.385165 -5.000000
 0.000000 -6.708204 -6.324555
 0.000000 -12.529964 -12.206556
 0.000000 -6.708204 -6.403124
 0.000000 -8.544004 -8.246211
 0.000000 -7.000000 -6.708204
 0.000000 -5.385165 -5.099020
 0.000000 -5.385165 -5.099020
 0.000000 -7.280110 -7.000000
 0.000000 -11.661904 -11.401754
 0.000000 -17.720045 -17.464249
 0.000000 -8.062258 -7.810250
 0.000000 -8.062258 -7.810250
 0.000000 -8.062258 -7.810250
 0.000000 -6.324555 -6.082763
 0.000000 -4.472136 -4.242641
 0.000000 -9.433981 -9.219544
 0.000000 -7.211103 -7.000000
 0.000000 -7.280110 -7.071068
 0.000000 -7.280110 -7.071068
 0.000000 -8.246211 -8.062258
 0.000000 -8.246211 -8.062258
 0.000000 -5.830952 -5.656854
 0.000000 -5.830952 -5.656854
 0.000000 -3.162278 -3.000000
 0.000000 -3.162278 -3.000000
 0.000000 -3.162278 -3.000000
 0.000000 -10.440307 -10.295630
 0.000000 -4.123106 -4.000000
 0.000000 -6.082763 -6.000000
 0.000000 -6.082763 -6.000000
 0.000000 -6.082763 -6.000000
 0.000000 -6.403124 -6.324555
 0.000000 -7.071068 -7.000000
 0.000000 -7.071068 -7.000000
 0.000000 -7.071068 -7.000000
 0.000000 -7.280110 -7.211103
 0.000000 -7.280110 -7.211103
 0.000000 -7.280110 -7.211103
 0.000000 -8.544004 -8.485281
 0.000000 -8.602325 -8.544004
 0.000000 -8.602325 -8.544004
 0.000000 -9.055385 -9.000000
 0.000000 -9.055385 -9.000000
 0.000000 -9.055385 -9.000000
 0.000000 -10.049876 -10.000000
 0.000000 -11.045361 -11.000000
 0.000000 -11.045361 -11.000000
 0.000000 -15.033296 -15.000000
 0.000000 -16.031220 -16.000000
