 1.000000 -2.236068 10.440307
 1.000000 -4.242641  5.000000
 1.000000  2.000000 10.295630
 1.000000  3.000000 10.198039
 1.000000  2.236068  9.055385
 1.000000 -2.828427  3.605551
 1.000000  3.162278  9.486833
 1.000000  1.000000  6.403124
 1.000000 -4.000000  1.000000
 1.000000  2.236068  7.211103
 1.000000  4.000000  8.944272
 1.000000  2.236068  7.000000
 1.000000 -1.000000  3.605551
 1.000000 -3.162278  1.414214
 1.000000 12.649111 17.117243
 1.000000  4.000000  8.062258
 1.000000  4.472136  8.485281
 1.000000  4.000000  7.211103
 1.000000  3.000000  6.082763
 1.000000  1.000000  4.000000
 1.000000  5.656854  7.810250
 1.000000  4.000000  6.000000
 1.000000 -1.000000  1.000000
 1.000000 -1.000000  1.000000
 1.000000  7.211103  9.000000
 1.000000  5.000000  6.708204
 1.000000  1.414214  3.000000
 1.000000  3.605551  5.000000
 1.000000  9.486833 10.770330
 1.000000  4.000000  5.099020
 1.000000  8.000000  9.055385
 1.000000  5.656854  6.708204
 1.000000 10.630146 11.661904
 1.000000  5.000000  6.000000
 1.000000  4.000000  5.000000
 1.000000  1.000000  2.000000
 1.000000 12.041595 13.038405
 1.000000  5.099020  6.000000
 1.000000 13.152946 14.000000
 1.000000  5.000000  5.830952
 1.000000  2.000000  2.828427
 1.000000  1.414214  2.236068
 1.000000  2.828427  3.605551
 1.000000  4.242641  5.000000
 1.000000  4.242641  5.000000
 1.000000  6.324555  7.071068
 1.000000  6.000000  6.708204
 1.000000  7.810250  8.485281
 1.000000  5.000000  5.656854
 1.000000  5.000000  5.656854
 1.000000  5.000000  5.656854
 1.000000  5.000000  5.656854
 1.000000  5.000000  5.656854
 1.000000  5.000000  5.656854
 1.000000  4.472136  5.099020
 1.000000  6.082763  6.708204
 1.000000  3.000000  3.605551
 1.000000  3.000000  3.605551
 1.000000  7.211103  7.810250
 1.000000  2.236068  2.828427
 1.000000  2.236068  2.828427
 1.000000  2.236068  2.828427
 1.000000  2.236068  2.828427
 1.000000  2.236068  2.828427
 1.000000  2.236068  2.828427
 1.000000  1.414214  2.000000
 1.000000  1.414214  2.000000
 1.000000  1.414214  2.000000
 1.000000 14.422205 15.000000
 1.000000  7.071068  7.615773
 1.000000  7.280110  7.810250
 1.000000  4.472136  5.000000
 1.000000  4.472136  5.000000
 1.000000  4.472136  5.000000
 1.000000  4.472136  5.000000
 1.000000  4.472136  5.000000
 1.000000  4.472136  5.000000
 1.000000  4.472136  5.000000
 1.000000  4.472136  5.000000
 1.000000  4.472136  5.000000
 1.000000  4.472136  5.000000
 1.000000  4.472136  5.000000
 1.000000  3.605551  4.123106
 1.000000  3.605551  4.123106
 1.000000  3.605551  4.123106
 1.000000  6.708204  7.211103
 1.000000  6.708204  7.211103
 1.000000 10.816654 11.313708
 1.000000 10.816654 11.313708
 1.000000  8.062258  8.544004
 1.000000  8.062258  8.544004
 1.000000 13.152946 13.601471
 1.000000 12.083046 12.529964
 1.000000 12.083046 12.529964
 1.000000  3.162278  3.605551
 1.000000  3.162278  3.605551
 1.000000  3.162278  3.605551
 1.000000  3.162278  3.605551
 1.000000  3.162278  3.605551
 1.000000  3.162278  3.605551
 1.000000  1.000000  1.414214
 1.000000  1.000000  1.414214
 1.000000  1.000000  1.414214
 1.000000  1.000000  1.414214
 1.000000  8.544004  8.944272
 1.000000  8.544004  8.944272
 1.000000  3.605551  4.000000
 1.000000  3.605551  4.000000
 1.000000  5.000000  5.385165
 1.000000  5.000000  5.385165
 1.000000  5.000000  5.385165
 1.000000  5.000000  5.385165
 1.000000  5.000000  5.385165
 1.000000  5.000000  5.385165
 1.000000  5.000000  5.385165
 1.000000 14.866069 15.231546
 1.000000  4.123106  4.472136
 1.000000  4.123106  4.472136
 1.000000  2.828427  3.162278
 1.000000  2.828427  3.162278
 1.000000  6.000000  6.324555
 1.000000  6.403124  6.708204
 1.000000  6.403124  6.708204
 1.000000  6.403124  6.708204
 1.000000 13.038405 13.341664
 1.000000 13.038405 13.341664
 1.000000  6.708204  7.000000
 1.000000  5.099020  5.385165
 1.000000  5.099020  5.385165
 1.000000  5.099020  5.385165
 1.000000 12.529964 12.806248
 1.000000  5.385165  5.656854
 1.000000  5.385165  5.656854
 1.000000  5.385165  5.656854
 1.000000  5.385165  5.656854
 1.000000  5.385165  5.656854
 1.000000  5.385165  5.656854
 1.000000  5.385165  5.656854
 1.000000  5.385165  5.656854
 1.000000 16.492423 16.763055
 1.000000  7.810250  8.062258
 1.000000  7.810250  8.062258
 1.000000  7.810250  8.062258
 1.000000  8.000000  8.246211
 1.000000  6.082763  6.324555
 1.000000  6.082763  6.324555
 1.000000  6.082763  6.324555
 1.000000  8.246211  8.485281
 1.000000  8.246211  8.485281
 1.000000  2.000000  2.236068
 1.000000  2.000000  2.236068
 1.000000  2.000000  2.236068
 1.000000  2.000000  2.236068
 1.000000  2.000000  2.236068
 1.000000  2.000000  2.236068
 1.000000  2.000000  2.236068
 1.000000  2.000000  2.236068
 1.000000  4.242641  4.472136
 1.000000  4.242641  4.472136
 1.000000  9.219544  9.433981
 1.000000 12.165525 12.369317
 1.000000 12.165525 12.369317
 1.000000 10.000000 10.198039
 1.000000  7.615773  7.810250
 1.000000  7.615773  7.810250
 1.000000 12.806248 13.000000
 1.000000  7.810250  8.000000
 1.000000  7.810250  8.000000
 1.000000  8.062258  8.246211
 1.000000  5.656854  5.830952
 1.000000  5.656854  5.830952
 1.000000  5.656854  5.830952
 1.000000  2.828427  3.000000
 1.000000 12.041595 12.206556
 1.000000 12.041595 12.206556
 1.000000  3.000000  3.162278
 1.000000  3.000000  3.162278
 1.000000  3.000000  3.162278
 1.000000  3.000000  3.162278
 1.000000 12.649111 12.806248
 1.000000 16.124515 16.278821
 1.000000 13.000000 13.152946
 1.000000  9.848858 10.000000
 1.000000  7.071068  7.211103
 1.000000  7.071068  7.211103
 1.000000 11.180340 11.313708
 1.000000 11.180340 11.313708
 1.000000 11.180340 11.313708
 1.000000  4.000000  4.123106
 1.000000  4.000000  4.123106
 1.000000  4.000000  4.123106
 1.000000  4.000000  4.123106
 1.000000  4.000000  4.123106
 1.000000  4.123106  4.242641
 1.000000  4.123106  4.242641
 1.000000  8.485281  8.602325
 1.000000  8.485281  8.602325
 1.000000  8.485281  8.602325
 1.000000  8.944272  9.055385
 1.000000 14.764823 14.866069
 1.000000  5.000000  5.099020
 1.000000  5.000000  5.099020
 1.000000  5.000000  5.099020
 1.000000  5.000000  5.099020
 1.000000  5.000000  5.099020
 1.000000  6.000000  6.082763
 1.000000  6.000000  6.082763
 1.000000  6.000000  6.082763
 1.000000  6.000000  6.082763
 1.000000  6.000000  6.082763
 1.000000  7.000000  7.071068
 1.000000  8.000000  8.062258
 1.000000 16.492423 16.552945
 1.000000  9.000000  9.055385
 1.000000  9.000000  9.055385
 1.000000 10.000000 10.049876
 1.000000 10.000000 10.049876
 1.000000 10.000000 10.049876
 1.000000 11.661904 11.704700
 1.000000 15.524175 15.556349
 1.000000 17.000000 17.029386
 0.000000 -18.867962       inf
 0.000000 -17.464249 -3.000000
 0.000000 -13.453624 -1.000000
 0.000000 -7.000000  4.242641
 0.000000 -4.000000  7.000000
 0.000000 -15.231546 -5.000000
 0.000000 -7.810250  2.236068
 0.000000 -13.341664 -3.605551
 0.000000 -13.152946 -4.123106
 0.000000 -11.000000 -2.828427
 0.000000 -4.000000  4.000000
 0.000000 -6.000000  2.000000
 0.000000 -8.246211 -1.000000
 0.000000 -5.830952  1.414214
 0.000000 -6.000000  1.000000
 0.000000 -8.246211 -1.414214
 0.000000 -11.704700 -5.000000
 0.000000 -8.602325 -2.828427
 0.000000 -10.630146 -5.385165
 0.000000 -10.049876 -5.000000
 0.000000 -11.000000 -6.324555
 0.000000 -12.529964 -8.000000
 0.000000 -8.246211 -4.123106
 0.000000 -9.000000 -5.000000
 0.000000 -6.082763 -2.236068
 0.000000 -11.661904 -8.062258
 0.000000 -5.830952 -2.236068
 0.000000 -5.830952 -2.236068
 0.000000 -10.816654 -7.280110
 0.000000 -8.062258 -5.099020
 0.000000 -8.944272 -6.000000
 0.000000 -5.000000 -2.236068
 0.000000 -9.000000 -6.708204
 0.000000 -10.770330 -8.485281
 0.000000 -13.038405 -10.770330
 0.000000 -8.246211 -6.000000
 0.000000 -12.165525 -10.000000
 0.000000 -1.000000  1.000000
 0.000000 -6.082763 -4.242641
 0.000000 -8.944272 -7.211103
 0.000000 -9.433981 -7.810250
 0.000000 -10.816654 -9.219544
 0.000000 -10.198039 -8.602325
 0.000000 -10.630146 -9.055385
 0.000000 -4.472136 -3.000000
 0.000000 -9.055385 -7.615773
 0.000000 -5.656854 -4.242641
 0.000000 -6.403124 -5.000000
 0.000000 -9.000000 -7.615773
 0.000000 -11.661904 -10.295630
 0.000000 -8.544004 -7.211103
 0.000000 -6.324555 -5.000000
 0.000000 -7.810250 -6.708204
 0.000000 -6.082763 -5.000000
 0.000000 -6.000000 -5.000000
 0.000000 -8.062258 -7.071068
 0.000000 -8.944272 -8.000000
 0.000000 -6.324555 -5.385165
 0.000000 -6.000000 -5.099020
 0.000000 -8.000000 -7.211103
 0.000000 -6.324555 -5.656854
 0.000000 -12.649111 -12.000000
 0.000000 -6.000000 -5.385165
 0.000000 -12.000000 -11.401754
 0.000000 -2.000000 -1.414214
 0.000000 -6.403124 -5.830952
 0.000000 -5.000000 -4.472136
 0.000000 -6.324555 -5.830952
 0.000000 -6.324555 -5.830952
 0.000000 -6.324555 -5.830952
 0.000000 -9.433981 -9.000000
 0.000000 -9.848858 -9.433981
 0.000000 -7.615773 -7.280110
 0.000000 -6.324555 -6.000000
 0.000000 -6.403124 -6.082763
 0.000000 -6.708204 -6.403124
 0.000000 -7.000000 -6.708204
 0.000000 -9.486833 -9.219544
 0.000000 -11.661904 -11.401754
 0.000000 -6.324555 -6.082763
 0.000000 -6.324555 -6.082763
 0.000000 -2.236068 -2.000000
 0.000000 -11.401754 -11.180340
 0.000000 -11.401754 -11.180340
 0.000000 -9.433981 -9.219544
 0.000000 -10.630146 -10.440307
 0.000000 -8.246211 -8.062258
 0.000000 -5.830952 -5.656854
 0.000000 -9.219544 -9.055385
 0.000000 -9.219544 -9.055385
 0.000000 -7.211103 -7.071068
 0.000000 -11.180340 -11.045361
 0.000000 -8.602325 -8.485281
 0.000000 -8.602325 -8.485281
 0.000000 -5.099020 -5.000000
 0.000000 -5.099020 -5.000000
 0.000000 -5.099020 -5.000000
 0.000000 -5.099020 -5.000000
 0.000000 -6.082763 -6.000000
 0.000000 -6.082763 -6.000000
 0.000000 -6.403124 -6.324555
 0.000000 -7.071068 -7.000000
 0.000000 -7.280110 -7.211103
 0.000000 -7.280110 -7.211103
 0.000000 -8.062258 -8.000000
 0.000000 -8.062258 -8.000000
 0.000000 -8.062258 -8.000000
 0.000000 -17.029386 -16.970563
 0.000000 -17.029386 -16.970563
 0.000000 -9.486833 -9.433981
