 1.000000  2.828427 17.720045
 1.000000 -4.000000  6.000000
 1.000000 -4.472136  5.000000
 1.000000 -2.236068  6.708204
 1.000000  2.828427 10.770330
 1.000000 -5.000000  2.236068
 1.000000  2.000000  9.219544
 1.000000 -5.000000  2.000000
 1.000000 -5.385165  1.414214
 1.000000  5.830952 12.206556
 1.000000  3.605551  9.899495
 1.000000 -5.000000  1.000000
 1.000000 -3.000000  3.000000
 1.000000  3.605551  9.000000
 1.000000  2.000000  7.000000
 1.000000  4.000000  8.062258
 1.000000 14.035669 18.000000
 1.000000  4.472136  8.000000
 1.000000  3.605551  7.071068
 1.000000  5.000000  8.000000
 1.000000  4.123106  7.000000
 1.000000  5.000000  7.615773
 1.000000 -1.000000  1.414214
 1.000000  3.605551  6.000000
 1.000000  5.000000  7.280110
 1.000000  2.000000  4.123106
 1.000000  3.000000  5.099020
 1.000000  4.000000  6.082763
 1.000000 -1.000000  1.000000
 1.000000  4.123106  5.830952
 1.000000  4.123106  5.830952
 1.000000  2.828427  4.472136
 1.000000  5.385165  7.000000
 1.000000  2.000000  3.605551
 1.000000  2.000000  3.605551
 1.000000  3.000000  4.472136
 1.000000  1.414214  2.828427
 1.000000  5.000000  6.403124
 1.000000  4.472136  5.830952
 1.000000  7.211103  8.544004
 1.000000  6.324555  7.615773
 1.000000  1.000000  2.236068
 1.000000  1.000000  2.236068
 1.000000 11.000000 12.206556
 1.000000  4.000000  5.099020
 1.000000  4.000000  5.000000
 1.000000  4.000000  5.000000
 1.000000  4.000000  5.000000
 1.000000  5.385165  6.324555
 1.000000  2.236068  3.162278
 1.000000  4.472136  5.385165
 1.000000  5.000000  5.830952
 1.000000  5.000000  5.830952
 1.000000  2.000000  2.828427
 1.000000  2.000000  2.828427
 1.000000  2.000000  2.828427
 1.000000  1.414214  2.236068
 1.000000  1.414214  2.236068
 1.000000  2.828427  3.605551
 1.000000  4.242641  5.000000
 1.000000  8.246211  9.000000
 1.000000  5.656854  6.403124
 1.000000 11.313708 12.041595
 1.000000 14.317821 15.000000
 1.000000  9.219544  9.899495
 1.000000  5.656854  6.324555
 1.000000  5.000000  5.656854
 1.000000 11.401754 12.041595
 1.000000 11.401754 12.041595
 1.000000 11.401754 12.041595
 1.000000  3.605551  4.242641
 1.000000  3.605551  4.242641
 1.000000  3.605551  4.242641
 1.000000  8.602325  9.219544
 1.000000  3.000000  3.605551
 1.000000  3.000000  3.605551
 1.000000  2.236068  2.828427
 1.000000  1.414214  2.000000
 1.000000  1.414214  2.000000
 1.000000  1.414214  2.000000
 1.000000  1.414214  2.000000
 1.000000 14.560220 15.132746
 1.000000  5.830952  6.403124
 1.000000  4.472136  5.000000
 1.000000  4.472136  5.000000
 1.000000  4.472136  5.000000
 1.000000  4.472136  5.000000
 1.000000  4.472136  5.000000
 1.000000  4.472136  5.000000
 1.000000  4.472136  5.000000
 1.000000  3.605551  4.123106
 1.000000  3.605551  4.123106
 1.000000  3.605551  4.123106
 1.000000  3.605551  4.123106
 1.000000  8.944272  9.433981
 1.000000 10.295630 10.770330
 1.000000 10.295630 10.770330
 1.000000  4.000000  4.472136
 1.000000  8.485281  8.944272
 1.000000 14.317821 14.764823
 1.000000  5.385165  5.830952
 1.000000  5.385165  5.830952
 1.000000  5.385165  5.830952
 1.000000  5.385165  5.830952
 1.000000  5.385165  5.830952
 1.000000  3.162278  3.605551
 1.000000  3.162278  3.605551
 1.000000  3.162278  3.605551
 1.000000  3.162278  3.605551
 1.000000  1.000000  1.414214
 1.000000  1.000000  1.414214
 1.000000  1.000000  1.414214
 1.000000  7.211103  7.615773
 1.000000  8.544004  8.944272
 1.000000  9.899495 10.295630
 1.000000  5.000000  5.385165
 1.000000  5.000000  5.385165
 1.000000  5.000000  5.385165
 1.000000  5.000000  5.385165
 1.000000  5.000000  5.385165
 1.000000  6.324555  6.708204
 1.000000  6.324555  6.708204
 1.000000  6.324555  6.708204
 1.000000  6.324555  6.708204
 1.000000 11.661904 12.041595
 1.000000 17.088007 17.464249
 1.000000  9.486833  9.848858
 1.000000  4.123106  4.472136
 1.000000  4.123106  4.472136
 1.000000  4.123106  4.472136
 1.000000 14.422205 14.764823
 1.000000 11.704700 12.041595
 1.000000  7.280110  7.615773
 1.000000  7.280110  7.615773
 1.000000  7.280110  7.615773
 1.000000 10.295630 10.630146
 1.000000  2.828427  3.162278
 1.000000  2.828427  3.162278
 1.000000  6.000000  6.324555
 1.000000  6.708204  7.000000
 1.000000  6.708204  7.000000
 1.000000 13.601471 13.892444
 1.000000  5.099020  5.385165
 1.000000  5.099020  5.385165
 1.000000  5.099020  5.385165
 1.000000  5.385165  5.656854
 1.000000  5.385165  5.656854
 1.000000  5.385165  5.656854
 1.000000 11.401754 11.661904
 1.000000  5.830952  6.082763
 1.000000  6.082763  6.324555
 1.000000  6.082763  6.324555
 1.000000  6.082763  6.324555
 1.000000  6.082763  6.324555
 1.000000  2.000000  2.236068
 1.000000  2.000000  2.236068
 1.000000  2.000000  2.236068
 1.000000  2.000000  2.236068
 1.000000  2.000000  2.236068
 1.000000  2.000000  2.236068
 1.000000  4.242641  4.472136
 1.000000  4.242641  4.472136
 1.000000  4.242641  4.472136
 1.000000  4.242641  4.472136
 1.000000  4.242641  4.472136
 1.000000  4.242641  4.472136
 1.000000  4.242641  4.472136
 1.000000  4.242641  4.472136
 1.000000  4.242641  4.472136
 1.000000 11.180340 11.401754
 1.000000  9.219544  9.433981
 1.000000  7.071068  7.280110
 1.000000  7.071068  7.280110
 1.000000  7.071068  7.280110
 1.000000  7.071068  7.280110
 1.000000 12.165525 12.369317
 1.000000 12.165525 12.369317
 1.000000  7.615773  7.810250
 1.000000 15.620499 15.811388
 1.000000  8.062258  8.246211
 1.000000  5.656854  5.830952
 1.000000  5.656854  5.830952
 1.000000  5.656854  5.830952
 1.000000  2.828427  3.000000
 1.000000  2.828427  3.000000
 1.000000  2.828427  3.000000
 1.000000  2.828427  3.000000
 1.000000  2.828427  3.000000
 1.000000  3.000000  3.162278
 1.000000  3.000000  3.162278
 1.000000  3.000000  3.162278
 1.000000  3.000000  3.162278
 1.000000  3.000000  3.162278
 1.000000  3.000000  3.162278
 1.000000  3.000000  3.162278
 1.000000  3.000000  3.162278
 1.000000 10.049876 10.198039
 1.000000  7.071068  7.211103
 1.000000  7.071068  7.211103
 1.000000 15.000000 15.132746
 1.000000 15.000000 15.132746
 1.000000 12.041595 12.165525
 1.000000  4.000000  4.123106
 1.000000  4.000000  4.123106
 1.000000  4.000000  4.123106
 1.000000  4.000000  4.123106
 1.000000  4.000000  4.123106
 1.000000  4.000000  4.123106
 1.000000  4.000000  4.123106
 1.000000  4.000000  4.123106
 1.000000  4.123106  4.242641
 1.000000  4.123106  4.242641
 1.000000  4.123106  4.242641
 1.000000  4.123106  4.242641
 1.000000  4.123106  4.242641
 1.000000  4.123106  4.242641
 1.000000 14.317821 14.422205
 1.000000  5.000000  5.099020
 1.000000  5.000000  5.099020
 1.000000  5.000000  5.099020
 1.000000  5.000000  5.099020
 1.000000  5.000000  5.099020
 1.000000  5.000000  5.099020
 1.000000  5.000000  5.099020
 1.000000  5.000000  5.099020
 1.000000  5.000000  5.099020
 1.000000  6.000000  6.082763
 1.000000  6.000000  6.082763
 1.000000  6.324555  6.403124
 1.000000  7.000000  7.071068
 1.000000  7.000000  7.071068
 1.000000  7.000000  7.071068
 1.000000  7.000000  7.071068
 1.000000  8.000000  8.062258
 1.000000  8.000000  8.062258
 1.000000  8.485281  8.544004
 1.000000  9.848858  9.899495
 1.000000 12.041595 12.083046
 1.000000 13.000000 13.038405
 1.000000 17.000000 17.029386
 0.000000 -17.888544       inf
 0.000000 -15.231546  2.000000
 0.000000 -17.720045 -2.000000
 0.000000 -14.142136  1.000000
 0.000000 -12.529964  1.000000
 0.000000 -8.544004  3.605551
 0.000000 -11.000000  1.000000
 0.000000 -10.295630  1.414214
 0.000000 -13.928388 -3.605551
 0.000000 -5.830952  3.000000
 0.000000 -7.211103  1.000000
 0.000000 -7.211103  1.000000
 0.000000 -14.000000 -6.000000
 0.000000 -10.000000 -2.000000
 0.000000 -12.806248 -5.000000
 0.000000 -9.848858 -2.236068
 0.000000 -5.385165  2.000000
 0.000000 -13.341664 -6.403124
 0.000000 -10.049876 -3.162278
 0.000000 -4.000000  2.236068
 0.000000 -9.899495 -4.123106
 0.000000 -12.083046 -6.324555
 0.000000 -9.000000 -3.605551
 0.000000 -7.615773 -2.236068
 0.000000 -11.180340 -6.000000
 0.000000 -8.944272 -4.242641
 0.000000 -10.198039 -6.000000
 0.000000 -7.071068 -3.000000
 0.000000 -12.083046 -8.062258
 0.000000 -9.433981 -6.082763
 0.000000 -6.324555 -3.000000
 0.000000 -6.000000 -2.828427
 0.000000 -5.385165 -2.236068
 0.000000 -8.944272 -5.830952
 0.000000 -9.433981 -6.324555
 0.000000 -7.211103 -4.123106
 0.000000 -5.830952 -2.828427
 0.000000 -10.198039 -7.810250
 0.000000 -12.041595 -9.899495
 0.000000 -7.071068 -5.000000
 0.000000 -9.055385 -7.071068
 0.000000 -9.848858 -8.000000
 0.000000 -7.810250 -6.000000
 0.000000 -9.000000 -7.280110
 0.000000 -9.433981 -7.810250
 0.000000 -9.848858 -8.246211
 0.000000 -8.000000 -6.403124
 0.000000 -6.000000 -4.472136
 0.000000 -10.049876 -8.544004
 0.000000 -6.708204 -5.385165
 0.000000 -9.000000 -7.810250
 0.000000 -11.000000 -9.848858
 0.000000 -6.082763 -5.000000
 0.000000 -7.071068 -6.000000
 0.000000 -6.708204 -5.656854
 0.000000 -5.000000 -4.000000
 0.000000 -11.000000 -10.000000
 0.000000 -13.000000 -12.000000
 0.000000 -9.433981 -8.485281
 0.000000 -8.062258 -7.211103
 0.000000 -9.848858 -9.000000
 0.000000 -5.830952 -5.000000
 0.000000 -5.830952 -5.000000
 0.000000 -10.630146 -9.848858
 0.000000 -6.403124 -5.656854
 0.000000 -9.219544 -8.485281
 0.000000 -7.000000 -6.324555
 0.000000 -7.000000 -6.324555
 0.000000 -7.071068 -6.403124
 0.000000 -7.071068 -6.403124
 0.000000 -5.000000 -4.472136
 0.000000 -6.324555 -5.830952
 0.000000 -8.944272 -8.485281
 0.000000 -9.433981 -9.000000
 0.000000 -6.708204 -6.324555
 0.000000 -6.708204 -6.324555
 0.000000 -11.180340 -10.816654
 0.000000 -9.848858 -9.486833
 0.000000 -8.944272 -8.602325
 0.000000 -7.615773 -7.280110
 0.000000 -6.324555 -6.000000
 0.000000 -6.708204 -6.403124
 0.000000 -6.708204 -6.403124
 0.000000 -12.000000 -11.704700
 0.000000 -8.062258 -7.810250
 0.000000 -8.246211 -8.000000
 0.000000 -8.246211 -8.000000
 0.000000 -6.324555 -6.082763
 0.000000 -6.324555 -6.082763
 0.000000 -9.219544 -9.000000
 0.000000 -9.433981 -9.219544
 0.000000 -7.280110 -7.071068
 0.000000 -8.246211 -8.062258
 0.000000 -8.246211 -8.062258
 0.000000 -8.246211 -8.062258
 0.000000 -6.000000 -5.830952
 0.000000 -12.165525 -12.000000
 0.000000 -3.162278 -3.000000
 0.000000 -10.000000 -9.848858
 0.000000 -10.000000 -9.848858
 0.000000 -4.123106 -4.000000
 0.000000 -9.055385 -8.944272
 0.000000 -10.000000 -9.899495
 0.000000 -10.295630 -10.198039
 0.000000 -10.295630 -10.198039
 0.000000 -10.295630 -10.198039
 0.000000 -10.295630 -10.198039
 0.000000 -11.401754 -11.313708
 0.000000 -11.401754 -11.313708
 0.000000 -6.082763 -6.000000
 0.000000 -6.082763 -6.000000
 0.000000 -6.082763 -6.000000
 0.000000 -6.082763 -6.000000
 0.000000 -6.403124 -6.324555
 0.000000 -7.280110 -7.211103
 0.000000 -9.055385 -9.000000
 0.000000 -11.045361 -11.000000
