 1.000000 -1.414214  9.486833
 1.000000  3.000000 13.000000
 1.000000 -6.324555  2.236068
 1.000000  1.000000  9.219544
 1.000000  3.162278 11.180340
 1.000000  3.000000 10.816654
 1.000000  1.414214  8.944272
 1.000000  5.000000 12.041595
 1.000000 -1.000000  6.000000
 1.000000  1.000000  8.000000
 1.000000 -1.000000  5.000000
 1.000000  3.605551  8.944272
 1.000000  4.123106  9.433981
 1.000000 -4.000000  1.000000
 1.000000 -2.000000  2.828427
 1.000000 -2.000000  2.828427
 1.000000  5.000000  9.219544
 1.000000  7.071068 11.180340
 1.000000  3.605551  7.071068
 1.000000 -1.414214  2.000000
 1.000000 -2.236068  1.000000
 1.000000 -2.236068  1.000000
 1.000000  1.000000  4.000000
 1.000000 -1.000000  2.000000
 1.000000  3.605551  6.082763
 1.000000  4.000000  6.403124
 1.000000  1.414214  3.605551
 1.000000  5.000000  7.071068
 1.000000  3.000000  5.000000
 1.000000  1.000000  2.828427
 1.000000  4.000000  5.656854
 1.000000  7.000000  8.602325
 1.000000  2.236068  3.605551
 1.000000  9.000000 10.295630
 1.000000  2.828427  4.123106
 1.000000  9.433981 10.630146
 1.000000  4.000000  5.000000
 1.000000  2.000000  3.000000
 1.000000 10.049876 11.045361
 1.000000  7.071068  8.062258
 1.000000  4.123106  5.000000
 1.000000  5.000000  5.830952
 1.000000  1.414214  2.236068
 1.000000  1.414214  2.236068
 1.000000  7.810250  8.602325
 1.000000  7.280110  8.062258
 1.000000  4.242641  5.000000
 1.000000  5.656854  6.403124
 1.000000  7.810250  8.485281
 1.000000  7.810250  8.485281
 1.000000  5.000000  5.656854
 1.000000  3.605551  4.242641
 1.000000  7.615773  8.246211
 1.000000 10.000000 10.630146
 1.000000  6.082763  6.708204
 1.000000  8.602325  9.219544
 1.000000  7.211103  7.810250
 1.000000  7.211103  7.810250
 1.000000  2.236068  2.828427
 1.000000  2.236068  2.828427
 1.000000  2.236068  2.828427
 1.000000  2.236068  2.828427
 1.000000  2.236068  2.828427
 1.000000  2.236068  2.828427
 1.000000  2.236068  2.828427
 1.000000  2.236068  2.828427
 1.000000  1.414214  2.000000
 1.000000  1.414214  2.000000
 1.000000  1.414214  2.000000
 1.000000  1.414214  2.000000
 1.000000  9.433981 10.000000
 1.000000  8.062258  8.602325
 1.000000  4.472136  5.000000
 1.000000  4.472136  5.000000
 1.000000  4.472136  5.000000
 1.000000  4.472136  5.000000
 1.000000  4.472136  5.000000
 1.000000  3.605551  4.123106
 1.000000  3.605551  4.123106
 1.000000  3.605551  4.123106
 1.000000  8.944272  9.433981
 1.000000  8.000000  8.485281
 1.000000  8.062258  8.544004
 1.000000  8.062258  8.544004
 1.000000 11.180340 11.661904
 1.000000  7.615773  8.062258
 1.000000  5.385165  5.830952
 1.000000  5.385165  5.830952
 1.000000  5.385165  5.830952
 1.000000  3.162278  3.605551
 1.000000  3.162278  3.605551
 1.000000  3.162278  3.605551
 1.000000  3.162278  3.605551
 1.000000  3.162278  3.605551
 1.000000  3.162278  3.605551
 1.000000  3.162278  3.605551
 1.000000  3.162278  3.605551
 1.000000  3.162278  3.605551
 1.000000  3.162278  3.605551
 1.000000  8.062258  8.485281
 1.000000  8.062258  8.485281
 1.000000  8.062258  8.485281
 1.000000  1.000000  1.414214
 1.000000  1.000000  1.414214
 1.000000  1.000000  1.414214
 1.000000  1.000000  1.414214
 1.000000  1.000000  1.414214
 1.000000  3.605551  4.000000
 1.000000  3.605551  4.000000
 1.000000 10.049876 10.440307
 1.000000  5.000000  5.385165
 1.000000  6.708204  7.071068
 1.000000 11.045361 11.401754
 1.000000  4.123106  4.472136
 1.000000  4.123106  4.472136
 1.000000  4.123106  4.472136
 1.000000  8.602325  8.944272
 1.000000  7.280110  7.615773
 1.000000  7.280110  7.615773
 1.000000  7.280110  7.615773
 1.000000  7.280110  7.615773
 1.000000  2.828427  3.162278
 1.000000  2.828427  3.162278
 1.000000  2.828427  3.162278
 1.000000  2.828427  3.162278
 1.000000 12.206556 12.529964
 1.000000  6.403124  6.708204
 1.000000  8.246211  8.544004
 1.000000 10.000000 10.295630
 1.000000  5.099020  5.385165
 1.000000  5.099020  5.385165
 1.000000  5.099020  5.385165
 1.000000 12.529964 12.806248
 1.000000  8.944272  9.219544
 1.000000  5.385165  5.656854
 1.000000  5.830952  6.082763
 1.000000  8.000000  8.246211
 1.000000  8.000000  8.246211
 1.000000 10.198039 10.440307
 1.000000  6.082763  6.324555
 1.000000  6.082763  6.324555
 1.000000  6.082763  6.324555
 1.000000  6.082763  6.324555
 1.000000  6.082763  6.324555
 1.000000  2.000000  2.236068
 1.000000  2.000000  2.236068
 1.000000  2.000000  2.236068
 1.000000  2.000000  2.236068
 1.000000  2.000000  2.236068
 1.000000  2.000000  2.236068
 1.000000  2.000000  2.236068
 1.000000  4.242641  4.472136
 1.000000  4.242641  4.472136
 1.000000  4.242641  4.472136
 1.000000  4.242641  4.472136
 1.000000  7.071068  7.280110
 1.000000  7.071068  7.280110
 1.000000  7.615773  7.810250
 1.000000  7.615773  7.810250
 1.000000  8.062258  8.246211
 1.000000  8.062258  8.246211
 1.000000  8.062258  8.246211
 1.000000  2.828427  3.000000
 1.000000  9.055385  9.219544
 1.000000  9.055385  9.219544
 1.000000  3.000000  3.162278
 1.000000  3.000000  3.162278
 1.000000  3.000000  3.162278
 1.000000  3.000000  3.162278
 1.000000  3.000000  3.162278
 1.000000  3.000000  3.162278
 1.000000  3.000000  3.162278
 1.000000  3.000000  3.162278
 1.000000  3.000000  3.162278
 1.000000  3.000000  3.162278
 1.000000 10.295630 10.440307
 1.000000  7.071068  7.211103
 1.000000  7.071068  7.211103
 1.000000  4.000000  4.123106
 1.000000  4.000000  4.123106
 1.000000  4.000000  4.123106
 1.000000  4.000000  4.123106
 1.000000  4.000000  4.123106
 1.000000  4.000000  4.123106
 1.000000  4.000000  4.123106
 1.000000  4.000000  4.123106
 1.000000  4.000000  4.123106
 1.000000  4.123106  4.242641
 1.000000  4.123106  4.242641
 1.000000  4.123106  4.242641
 1.000000  4.123106  4.242641
 1.000000  4.123106  4.242641
 1.000000  4.123106  4.242641
 1.000000  4.123106  4.242641
 1.000000  4.123106  4.242641
 1.000000  8.485281  8.602325
 1.000000  8.485281  8.602325
 1.000000  8.485281  8.602325
 1.000000  5.000000  5.099020
 1.000000  5.000000  5.099020
 1.000000  5.000000  5.099020
 1.000000  6.000000  6.082763
 1.000000  6.000000  6.082763
 1.000000  6.324555  6.403124
 1.000000  7.000000  7.071068
 1.000000  7.000000  7.071068
 1.000000  7.000000  7.071068
 1.000000  8.000000  8.062258
 1.000000  8.000000  8.062258
 1.000000  8.485281  8.544004
 1.000000  8.544004  8.602325
 1.000000  8.544004  8.602325
 1.000000  9.000000  9.055385
 1.000000  9.000000  9.055385
 1.000000  9.000000  9.055385
 1.000000  9.848858  9.899495
 1.000000  9.848858  9.899495
 1.000000 10.000000 10.049876
 0.000000 -17.888544       inf
 0.000000 -17.000000 -3.162278
 0.000000 -14.866069 -1.414214
 0.000000 -14.142136 -1.414214
 0.000000 -8.485281  4.000000
 0.000000 -14.317821 -2.000000
 0.000000 -8.000000  3.000000
 0.000000 -7.211103  2.828427
 0.000000 -13.000000 -3.162278
 0.000000 -12.041595 -2.236068
 0.000000 -4.123106  5.000000
 0.000000 -17.262677 -10.000000
 0.000000 -8.062258 -1.000000
 0.000000 -12.806248 -6.324555
 0.000000 -11.180340 -5.000000
 0.000000 -10.816654 -5.000000
 0.000000 -10.630146 -5.000000
 0.000000 -8.000000 -3.162278
 0.000000 -5.656854 -1.000000
 0.000000 -13.601471 -9.055385
 0.000000 -8.485281 -4.123106
 0.000000 -10.440307 -6.403124
 0.000000 -5.385165 -1.414214
 0.000000 -9.219544 -5.385165
 0.000000 -2.828427  1.000000
 0.000000 -9.899495 -6.082763
 0.000000 -7.810250 -4.123106
 0.000000 -7.280110 -3.605551
 0.000000 -5.830952 -2.236068
 0.000000 -5.830952 -2.236068
 0.000000 -6.082763 -2.828427
 0.000000 -6.000000 -2.828427
 0.000000 -8.000000 -5.099020
 0.000000 -10.770330 -8.000000
 0.000000 -12.041595 -9.433981
 0.000000 -12.041595 -9.486833
 0.000000 -11.045361 -8.544004
 0.000000 -8.246211 -6.000000
 0.000000 -6.403124 -4.242641
 0.000000 -12.083046 -10.000000
 0.000000 -6.082763 -4.123106
 0.000000 -5.830952 -4.000000
 0.000000 -6.000000 -4.242641
 0.000000 -6.708204 -5.000000
 0.000000 -7.071068 -5.385165
 0.000000 -7.071068 -5.385165
 0.000000 -10.630146 -8.944272
 0.000000 -5.656854 -4.000000
 0.000000 -7.000000 -5.385165
 0.000000 -3.605551 -2.000000
 0.000000 -7.615773 -6.082763
 0.000000 -6.324555 -5.000000
 0.000000 -4.242641 -3.000000
 0.000000 -7.211103 -6.000000
 0.000000 -5.656854 -4.472136
 0.000000 -11.000000 -9.848858
 0.000000 -8.062258 -7.000000
 0.000000 -10.000000 -9.055385
 0.000000 -7.211103 -6.324555
 0.000000 -5.830952 -5.000000
 0.000000 -7.810250 -7.071068
 0.000000 -8.000000 -7.280110
 0.000000 -11.000000 -10.295630
 0.000000 -11.000000 -10.295630
 0.000000 -9.219544 -8.544004
 0.000000 -7.071068 -6.403124
 0.000000 -7.071068 -6.403124
 0.000000 -7.211103 -6.708204
 0.000000 -4.472136 -4.000000
 0.000000 -7.615773 -7.211103
 0.000000 -8.944272 -8.544004
 0.000000 -15.264338 -14.866069
 0.000000 -8.000000 -7.615773
 0.000000 -7.071068 -6.708204
 0.000000 -9.848858 -9.486833
 0.000000 -9.848858 -9.486833
 0.000000 -9.848858 -9.486833
 0.000000 -9.848858 -9.486833
 0.000000 -6.000000 -5.656854
 0.000000 -3.162278 -2.828427
 0.000000 -6.708204 -6.403124
 0.000000 -6.708204 -6.403124
 0.000000 -15.297059 -15.033296
 0.000000 -6.324555 -6.082763
 0.000000 -6.324555 -6.082763
 0.000000 -6.324555 -6.082763
 0.000000 -4.472136 -4.242641
 0.000000 -9.433981 -9.219544
 0.000000 -9.433981 -9.219544
 0.000000 -7.211103 -7.000000
 0.000000 -7.280110 -7.071068
 0.000000 -9.219544 -9.055385
 0.000000 -10.198039 -10.049876
 0.000000 -10.198039 -10.049876
 0.000000 -10.440307 -10.295630
 0.000000 -10.440307 -10.295630
 0.000000 -7.211103 -7.071068
 0.000000 -7.211103 -7.071068
 0.000000 -7.211103 -7.071068
 0.000000 -7.211103 -7.071068
 0.000000 -4.123106 -4.000000
 0.000000 -17.804494 -17.691806
 0.000000 -5.099020 -5.000000
 0.000000 -6.082763 -6.000000
 0.000000 -6.403124 -6.324555
 0.000000 -12.806248 -12.727922
 0.000000 -7.071068 -7.000000
 0.000000 -7.280110 -7.211103
 0.000000 -7.280110 -7.211103
 0.000000 -7.280110 -7.211103
 0.000000 -8.062258 -8.000000
 0.000000 -8.602325 -8.544004
 0.000000 -10.049876 -10.000000
 0.000000 -13.038405 -13.000000
